mut	mut_class	input	bin0_rep1	bin1_rep1	bin2_rep1	bin3_rep1	fus_neg_rep1	fus_pos_rep1	bin0_rep2	bin1_rep2	bin2_rep2	bin3_rep2	fus_neg_rep2	fus_pos_rep2	bin0_rep3	bin1_rep3	bin2_rep3	bin3_rep3	input_freq	bin0_rep1_freq	bin1_rep1_freq	bin2_rep1_freq	bin3_rep1_freq	fus_neg_rep1_freq	fus_pos_rep1_freq	bin0_rep2_freq	bin1_rep2_freq	bin2_rep2_freq	bin3_rep2_freq	fus_neg_rep2_freq	fus_pos_rep2_freq	bin0_rep3_freq	bin1_rep3_freq	bin2_rep3_freq	bin3_rep3_freq	exp_weight_rep1	avg_freq_rep1	exp_score_rep1	exp_weight_rep2	avg_freq_rep2	exp_score_rep2	exp_weight_rep3	avg_freq_rep3	exp_score_rep3	fus_ratio_rep1	fus_score_rep1	fus_ratio_rep2	fus_score_rep2	exp_score	fus_score	avg_freq
T883_	nonsense	77	218	164	119	92	31	14	113	90	94	44	29	8	113	127	66	115	0.00024494410249968596	0.0006445024529351348	0.0006368935036862624	0.00039717870724950433	0.000240693819345054	0.000520494469746259	0.0001937784208350558	0.00034921014179769704	0.0003718778605989277	0.00031284165601907344	0.0001932906662084962	0.0003824676814809149	0.00011907754594408647	0.00042804040100627043	0.0004585956225614715	0.00029173687946041743	0.00021861301350500738	0.5304886855397474	0.00047981712080398894	-0.2533835260484302	0.57134270016788	0.00030680508115604857	0.34752644932769094	0.5538521007804693	0.0003492464791332917	0.22675301672136067	-0.4291107071183029	-0.17487689218081734	-0.5067648674161225	-0.038880480017432474	0.10696531333354048	-0.1068786860991249	0.00037862289369777644
T883C	missense	168	217	167	186	57	21	13	169	104	112	50	13	2	153	197	107	131	0.000530712222082653	0.0006415595193600886	0.0006484733855714672	0.0006189368187971443	0.00015011012389261433	0.000357839947950553	0.0001808598594460521	0.000520751965838671	0.00042908983915260885	0.0003721169171595295	0.0002190627550362957	0.00017848491802442692	3.9692515314695496e-05	0.0005782300153944355	0.0007093901036497762	0.0004702624325630609	0.00024876653260914633	0.5337040775207151	0.0005147699619053286	-0.22253903481567738	0.5469640536616449	0.0003852553692967763	0.15748108409477882	0.5485343308716881	0.0005016622710541047	0.18319663190139715	-0.2963466329980463	0.12721522226413867	-0.6528929030943603	-0.2786354513289846	0.039379560393499526	-0.07571011453242296	0.00046722920075206986
T883E	missense	53	6	5	16	10	0	0	2	2	19	21	0	0	13	15	19	27	0.00016957668634593644	2.0600535025323943e-05	2.315976377040954e-05	5.6266983527013114e-05	2.8469161427909612e-05	1.6265452179570593e-05	1.291856138900372e-05	9.189740573623606e-06	1.2259709690074539e-05	6.586140126717336e-05	9.449765903526481e-05	1.2748922716030496e-05	1.323083843823183e-05	5.256636503585777e-05	5.732445282018394e-05	8.708563565982608e-05	5.2768658432243156e-05	0.6801699110389495	3.212411093766405e-05	1.182472902948529	0.8378100645551371	4.545212764153408e-05	2.424790565474409	0.6401995282269568	6.243627798702773e-05	0.9340009500820373	-0.10005198785407819	0.5738651522146992	0.01611387786421517	0.8190163499252244	1.5137548061683253	0.6964407510699618	4.6670838855408624e-05
T883D	missense	89	81	85	111	63	8	18	111	46	72	35	4	10	48	41	42	90	0.0002826278105765607	0.00024132055315379477	0.00033195661404253677	0.00037070012676620405	0.00016563875739874684	0.00014638906961613534	0.0002454526663910707	0.00034308364808194797	0.0001920687851445011	0.00024039411462518277	0.00015463253296679695	6.374461358015247e-05	0.00014553922282055013	0.0001839822776255022	0.00015047668865298284	0.00018723411666862608	0.00017149813990479027	0.6037874965499929	0.0002774040128403206	0.4497545507269707	0.5555203661146279	0.0002325447702046072	0.22418238864661957	0.6248746765099619	0.00017329780571297536	0.808479321627959	0.22445910365942592	1.312259499072105	0.35853655868642137	1.380835576714292	0.4941387536671831	1.3465475378931986	0.00022774886291930107
T883W	missense	118	42	32	45	92	4	17	61	54	85	66	13	20	45	62	40	150	0.0003736967717623414	0.00012654614372698995	0.00012737870073725247	0.00015225183777897667	0.000240693819345054	8.132726089785297e-05	0.00023253410500206697	0.0001899213051882212	0.0002247613443180332	0.00028320402544884546	0.000287788325243761	0.00017848491802442692	0.00027784760720286846	0.0001727180565463898	0.00022571503297947427	0.00017852555310264348	0.0002845738365453113	0.6959794624646738	0.00016171762539706828	1.3341301731136856	0.6696450073840777	0.0002464187500497152	1.113848643357705	0.6668408282756325	0.0002153831197934547	1.1522124817822104	0.4562505129132091	1.8396789639811575	0.19220513691989644	1.1079325361119206	1.2000637660845337	1.4738057500465391	0.00020783983174674608
T883P	missense	78	76	55	88	154	39	21	104	63	112	116	67	79	73	74	48	101	0.0002480844115060922	0.00022660588527856338	0.00021615779519048906	0.0002945742078767157	0.00040115636557509	0.0006506180871828237	0.00028420835055808184	0.00032164092007682624	0.0002615404733882568	0.0003721169171595295	0.0005025557321420901	0.0008669267446900737	0.0010584670750585464	0.00027785078661810535	0.0002687083725946122	0.00021335980736657392	0.0001922286842888858	0.6911035235248604	0.00028462356348021454	1.2873564494834964	0.6810173430262605	0.00036446351069167567	1.2025024445487236	0.5840117572717035	0.00023803691271704431	0.47378243444793355	-0.3596892983598343	-0.016915031650705785	0.08669495214992237	0.9348200241617652	0.9878804428267177	0.45895249625552975	0.00029570799562964484
T883R	missense	210	143	147	149	209	30	18	232	115	146	124	34	9	155	175	121	272	0.0006626052003517146	0.00042378243480666397	0.0005712741730034353	0.0004964733840618805	0.000543502172714638	0.0005042290175666884	0.0002454526663910707	0.0007137365178847667	0.00047404210801621553	0.00048408129931372417	0.0005369185172458227	0.00044621229506106735	0.0001323083843823183	0.0005857394961138437	0.0006305689810220234	0.0005312223775249392	0.0005144944197143708	0.6424664576395117	0.0005087580411466544	0.8207926335732719	0.5955484941011335	0.0005521946106151322	0.536224330796263	0.6076990310275168	0.0005655063185937943	0.6677983525380213	-0.3126600807355219	0.0900955123308823	-0.5279541664860605	-0.0736461549753247	0.6749384389691855	0.008224678677778798	0.0005421529901185269
T883Q	missense	14	11	13	14	12	3	7	14	4	21	12	0	1	4	10	11	37	4.7104635096093454e-05	3.531520290055533e-05	5.4039448797622264e-05	4.964733840618804e-05	3.3645372596620455e-05	6.506180871828237e-05	0.00010334849111202976	4.594870286811803e-05	2.0432849483457566e-05	7.24475413938907e-05	5.5839525793565566e-05	1.2748922716030496e-05	2.646167687646366e-05	1.877370179852063e-05	3.941056131387646e-05	5.225138139589565e-05	7.161460787233e-05	0.6181930604411247	4.316184067524652e-05	0.5879437020879628	0.6774527019815828	4.866715488475796e-05	1.174714047473983	0.7426622498888162	4.551256309515569e-05	1.773244808120198	0.200978007809903	1.2588304826633299	0.31714387352819634	1.3129218324655807	1.178634185894048	1.2858761575644553	4.5780519551720065e-05
T883G	missense	182	160	91	237	734	34	76	102	82	207	255	21	87	96	80	121	319	0.0005746765481723402	0.0004738123055824507	0.0003551163778129463	0.0007877377693781836	0.0019022576045012332	0.0005692908262849707	0.0009947292269532864	0.00031551442636107717	0.0003391853014253956	0.0006849585731786029	0.001099609123319445	0.0002804762997526709	0.001164313782564401	0.00036420981489130027	0.0002902050424021812	0.0005312223775249392	0.000603070382082779	0.7925923240858225	0.0008797310143187035	2.2609143975203687	0.7632616628955564	0.0006098168560711302	1.8436435269256803	0.6919197572907528	0.00044717690422529986	1.3576270637954986	0.24237069296812808	1.3530156292465552	0.6181738691921774	1.8068273150059369	1.8207283294138492	1.579921472126246	0.0006455749248717112
T883M	missense	74	42	14	52	126	15	41	45	19	63	50	19	31	34	28	46	141	0.00023552317548046728	0.00012654614372698995	5.7899409426023855e-05	0.00017542059570186443	0.00032868940921313827	0.0002602472348731295	0.0005425795783381563	0.00014090935546222862	8.173139793383026e-05	0.00021075648405495474	0.0002190627550362957	0.0002549784543206099	0.0004233868300234186	0.00013141591258964444	0.00010390057073658339	0.00020465124380059132	0.0002676124820492332	0.7564256660649112	0.00017213888951700412	1.913976241038368	0.6946374660953628	0.00016311499812182733	1.3086790225848643	0.7149792657492287	0.00017689505229401308	1.5465011296925653	0.31907731988789756	1.5275543157977385	0.22023386052013996	1.1539197814169404	1.5897187977719325	1.3407370486073393	0.00017071631331094816
T883L	missense	300	372	253	360	542	62	114	417	223	412	335	81	155	198	222	216	650	0.0009452330109282754	0.0010977142234922617	0.0009804299996140039	0.0011948459443089257	0.0014053413323049926	0.0010247234873129473	0.001485634559735428	0.001280437186591556	0.0009153916568588989	0.0013600379361671298	0.0014432369743567716	0.0010454116627145007	0.0020640107963641654	0.0007471933315811211	0.0007989595611813137	0.000944879146909113	0.0012268713085496535	0.6553873632939738	0.0011695828749300461	0.944739811254026	0.6483303230069513	0.0012497759384935891	0.947688599310993	0.6782878805668693	0.0009294758370553004	1.2459721259947274	0.1613053030459518	1.1685589890585406	0.29542462383496	1.2772866577166615	1.0461335121865822	1.222922823387601	0.001116278216826312
T883S	missense	240	231	149	187	155	23	32	212	107	193	138	18	26	145	149	118	263	0.0007568144705439016	0.0006827605894107364	0.0005789940942602385	0.0006222466413575568	0.00040374447115944543	0.0003903708523096942	0.0004263125258371228	0.0006524715807272761	0.0004413495488426834	0.0006388555922915816	0.0005970533911773549	0.00024222953160457942	0.0003572326378322594	0.0005481920925168025	0.0005374167451892244	0.0005181595321759652	0.0004975330652182927	0.5816278403298107	0.0005719364490469942	0.2371822341789574	0.6266767754891559	0.000582432528259724	0.7788869250443294	0.614813795152823	0.0005253253587750712	0.7260734207453509	0.038250710312203354	0.8885598826931449	0.16872404107037348	1.069406667782572	0.5807141933228793	0.9789832752378584	0.0005598981120272631
T883I	missense	106	154	86	71	148	12	30	116	75	100	109	24	13	62	65	61	183	0.00033601306368546665	0.00045615470413217304	0.00033581657467093834	0.0002383072243497026	0.00038562773206895747	0.0002114508783344177	0.00040047540305911534	0.00035839988237132067	0.000310579312148555	0.0003326000763992255	0.00047248829517632405	0.0003187230679007624	0.00018523173813524564	0.00023654864266135997	0.00023646336788325876	0.0002699654705454609	0.0003467654696975979	0.5977126822717828	0.0003539765588054429	0.39148030085201224	0.6558912232929913	0.0003685168915238563	1.006630101907645	0.6667704679240758	0.00027243573769691935	1.1516361795726295	0.27736635367335777	1.432644950724481	-0.23569809512958445	0.4058637876477802	0.8499155274440956	0.9192543691861306	0.0003316430626754062
T883H	missense	61	63	65	64	24	28	12	77	32	21	28	20	5	56	48	34	61	0.0001946991583971863	0.00018834774880296178	0.00025475740147450494	0.00021513846642681487	6.470263960888549e-05	0.0004716981132075472	0.00016794129805704837	0.00023893325491421377	0.00013485680659081992	7.24475413938907e-05	0.0001245650960010309	0.0002677273770366404	7.938503062939099e-05	0.00021402020050313521	0.00017555613676181332	0.00015239986240469565	0.00011684488652853843	0.5540136958583138	0.00018073656407829178	-0.027713692069729127	0.5361966046415908	0.00014270067472498882	0.07354271692088422	0.5652944473709802	0.00016470527154954567	0.32047411783871216	-0.44850663344619746	-0.21901049108427445	-0.5279541664860604	-0.07364615497532452	0.12210104756328909	-0.14632832302979948	0.00016271417011760878
T883A	missense	101	148	88	142	330	20	47	115	56	144	110	23	32	100	110	67	175	0.0003203115186534355	0.00043849710268189536	0.00034353649592774155	0.00047330462613899267	0.0008566629484216439	0.00034157449577098246	0.0006200909466721786	0.0003553366355134461	0.00023293448411141625	0.0004774951591870069	0.0004767836433142906	0.0003059741451847319	0.00043661766846165044	0.0003792287763301168	0.0003976883914400261	0.0002960911612434087	0.00033168871014552844	0.7069285569662238	0.0005280002932925683	1.4391622349458468	0.6743421387651793	0.00038563748053153994	1.1504654444028377	0.6032677846234568	0.00035117425978977	0.631503236931646	0.2589699547875898	1.3907856821354452	0.1544165760304966	1.0459321452225758	1.0737103054267767	1.2183589136790105	0.0004216040112046261
T883V	missense	265	142	118	252	542	46	59	136	106	252	335	131	81	130	152	166	486	0.0008353221957040572	0.0004208395012316177	0.00045933531477978926	0.0008373851077843717	0.0014053413323049926	0.0007644762524398178	0.0007751136833402232	0.0004196648195288114	0.00043726297894599187	0.000833146726029743	0.0014432369743567716	0.0016828577985160255	0.0010849287519350101	0.0004918709871212406	0.0005481650800930089	0.0007271650577595479	0.0009177977377322292	0.7583517702375443	0.0007807253140251928	1.9324529006860256	0.763296184916	0.0007833278747153295	1.8439126456391457	0.6928203373627929	0.0006712497156765066	1.3650034664702728	0.006001404593848063	0.8151796326639443	-0.19064620095791807	0.47978126381534325	1.7137896709318146	0.6474804482396438	0.0007451009681390097
T883F	missense	201	106	70	108	131	33	52	133	70	106	118	19	69	69	76	69	139	0.0006343424192940585	0.0003148938925299517	0.00027405720461651294	0.00036077065908496646	0.0003416299371349154	0.0005530253741054002	0.0006846837536171972	0.00041047507895518775	0.00029014646266509745	0.0003523584967793775	0.0005111464284180233	0.0002549784543206099	0.0009261586906762282	0.0002628318251792889	0.0002758739291971352	0.0003047997248093913	0.0002638432921612158	0.6411576421377712	0.0003228379233415866	0.8082374774655002	0.6541077871762367	0.0003910316167044215	0.992727206679581	0.6286077382963047	0.0002768371928367578	0.8390557998343873	0.0927449647044558	1.0125564129558837	0.5601819222144909	1.7116788548257738	0.8800068279931562	1.3621176338908287	0.0003302355776275886
T883T	silent	99	73	68	81	205	11	47	63	47	108	114	9	30	48	62	71	238	0.00031403090064062303	0.00021777708455342454	0.00026633728335970973	0.000271405449953828	0.0005331497503772164	0.0001951854261548471	0.0006200909466721786	0.00019604779890397027	0.00019615535504119262	0.0003589446369060948	0.0004939650358661569	0.00012748922716030494	0.00041015599158518673	0.0001839822776255022	0.00022571503297947427	0.0003135082883753739	0.00045041819161807553	0.7172643580931195	0.0003221673920610447	1.5383111191655734	0.7310688005617231	0.00031127820667935365	1.5926819208922427	0.7194831091189463	0.00029340594764960646	1.5833908669969807	0.5020080034738843	1.9437958131119604	0.5074755716984879	1.6252025705367978	1.5714613023515989	1.784499191824379	0.00030895051546333494
T883K	missense	42	14	14	71	56	5	14	28	13	60	24	9	9	31	32	39	48	0.0001350332872754679	4.414400362569416e-05	5.7899409426023855e-05	0.0002383072243497026	0.0001475220183082589	9.759271307742355e-05	0.0001937784208350558	8.883415887836153e-05	5.721197855368118e-05	0.00020087727386487874	0.00010738370344916456	0.00012748922716030494	0.0001323083843823183	0.00012015169151053205	0.00011823168394162938	0.00017417127131965217	9.234515225642552e-05	0.7506838883134911	0.00012196816392741988	1.858896731428846	0.6798400857465671	0.0001135767786865215	1.1933250568854987	0.6181966623780633	0.00012622494975705979	0.7537815520080627	0.29788802081795945	1.47934006655855	0.01611387786421517	0.8190163499252244	1.2686677801074693	1.1491782082418873	0.00012058996412366706
T883Y	missense	99	52	56	112	164	12	39	35	32	116	113	16	33	18	18	58	148	0.00031403090064062303	0.0001559754794774527	0.00022001775581889066	0.0003740099493266166	0.0004270374214186442	0.0002114508783344177	0.0005167424555601488	0.00011027688688348328	0.00013485680659081992	0.00038528919741296415	0.0004896696877281903	0.00021673168617251842	0.00044984850689988224	7.134006683437841e-05	6.807278772396843e-05	0.00025690262519648696	0.00028080464665729396	0.7277128985999819	0.00029426015151040103	1.6385414854682163	0.779966073772304	0.0002800231446538644	1.9738638763310579	0.7758638469497847	0.00016928003160303194	2.045189921021174	0.3880646511670474	1.6845284740113216	0.31714387352819634	1.3129218324655807	1.885865094273483	1.4987251532384511	0.00024785444258909915
T883N	missense	42	5	5	11	17	1	0	14	5	10	20	0	0	8	15	19	32	0.0001350332872754679	1.7657601450277664e-05	2.315976377040954e-05	3.9717870724950433e-05	4.658590051839755e-05	3.2530904359141185e-05	1.291856138900372e-05	4.594870286811803e-05	2.4519419380149078e-05	3.622377069694535e-05	9.020231089729822e-05	1.2748922716030496e-05	1.323083843823183e-05	3.379266323733714e-05	5.732445282018394e-05	8.708563565982608e-05	6.219163315228658e-05	0.7266186283350077	3.178028411600879e-05	1.6280444108365564	0.7167149747078702	4.922355096062767e-05	1.4807857138494354	0.6847757787930615	6.009859621740844e-05	1.2991127087315153	-0.4010819835180594	-0.11110017823393115	0.01611387786421517	0.8190163499252244	1.4693142778058357	0.35395808584564664	4.7034143764681634e-05
S884_	nonsense	70	199	207	227	65	30	15	198	139	109	71	53	20	107	124	60	159	0.00022296193945484235	0.0005885867150092556	0.0008028718107075308	0.0007546395437740583	0.0001708149685674577	0.0005042290175666884	0.00020669698222405952	0.0006095861247170326	0.0005721197855368119	0.0003622377069694535	0.0003092650659335939	0.0006884418266656468	0.00027784760720286846	0.00040551195884804567	0.00044784728765768703	0.0002656111887624696	0.0003015351910413895	0.5547800842716547	0.0005792282595145756	-0.020361910129581058	0.5500728435892215	0.00046330217078922295	0.18171586337457113	0.5815149203598188	0.00035512640657739793	0.4533315328045289	-0.38729369903242605	-0.0797262388423105	-0.3940605872248341	0.14603551737166842	0.20489516201650634	0.03315463926467896	0.00046588561229373213
S884L	missense	362	346	228	392	462	82	120	442	343	577	312	107	121	289	343	409	824	0.0011399321693254616	0.0010211979505410584	0.0008839309839039642	0.0013007602662421268	0.0011982928855565592	0.0013500325309043592	0.0015631459280694502	0.0013570183580384192	0.0014057800444618805	0.0019033944966213101	0.0013444439671835401	0.0013768836533312935	0.0016141622894642834	0.0010888747043141967	0.0012324757356339548	0.0017852555310264348	0.0015547908288071645	0.6519094825332626	0.001101045521560927	0.9113773275297152	0.6345641129597447	0.0015026592165762877	0.8403731904910147	0.6680664074135064	0.0014153491999454378	1.1622508620566945	0.063655290086298	0.9463656051477776	0.06904995305201367	0.9058695477328161	0.9713337933591415	0.9261175764402969	0.0013396846460275507
S884F	missense	217	235	142	301	625	29	112	196	148	374	337	31	81	161	147	286	719	0.0006845873633965582	0.0006945323237109215	0.0005519743698614274	0.000999566413244586	0.0016201540958064925	0.00048796356538711777	0.0014597974369574204	0.0006034596310012835	0.0006088989146070355	0.0012349012737595006	0.0014518276706327047	0.00040796552691297586	0.0010849287519350101	0.0006082679382720684	0.0005302511885867014	0.0012496788717185044	0.0013569083596862526	0.7292507718339055	0.0009665568006558569	1.6532939379721767	0.7266618146610985	0.0009747718725001311	1.558326968296893	0.7239741232859567	0.0009362765895658817	1.6201755238448068	0.47590520090967914	1.88440135062795	0.42477775192802586	1.4895187278397473	1.6105988100379587	1.6869600392338486	0.0009592017542406232
S884T	missense	85	102	63	84	289	23	33	84	86	127	223	21	61	87	68	97	456	0.0002700665745509358	0.0003031221582297666	0.0002470374802177018	0.0002813349176350656	0.0007505506194630717	0.0003903708523096942	0.0004392310872261265	0.0002603759829193355	0.00035553158101216164	0.0004215129681099095	0.0009621579829045144	0.0002804762997526709	0.0008203119831703735	0.00033041715165396315	0.00024721170278704324	0.00042671961473314784	0.0008612598894119687	0.7337660803240441	0.0003955112938864014	1.6966082193915564	0.7607365671580048	0.0004998946287364803	1.8239589746447185	0.7437304477025314	0.00046640208964653074	1.7819941214293713	0.05121568747657094	0.9180604640158208	0.46608288654026275	1.5572888262880866	1.7675204384885488	1.2376746451519538	0.0004539360040898041
S884G	missense	117	165	111	128	122	28	28	181	87	117	65	36	11	151	150	77	244	0.0003705564627559352	0.0004885269734576821	0.0004323155903809781	0.0004269671102932172	0.00031833698687571657	0.0004716981132075472	0.0003746382802811079	0.0005575109281331655	0.00035961815090885315	0.00038858226747632283	0.00028349297710579443	0.00047171014049312833	0.00015877006125878198	0.0005707205346750273	0.0005409995234904859	0.00033963397907332176	0.00046172576128212763	0.5862940406217257	0.0004165366652518985	0.2819439847979043	0.562618960890911	0.000397301080906034	0.27951995779977745	0.5904777949536958	0.0004782699496302407	0.5267439635039718	-0.10005198785407812	0.5738651522146996	-0.47290660015515495	0.016671405410539936	0.36273596870055114	0.29526827881261974	0.0004307025652627244
S884C	missense	162	454	230	146	189	55	47	444	236	201	135	42	54	242	165	139	367	0.0005118703680442155	0.0013390347766460563	0.0008916509051607673	0.00048654391638064284	0.0004917400610275297	0.0009108653220559532	0.0006200909466721786	0.0013631448517541682	0.0009685170655158886	0.000665200152798451	0.0005841673467634552	0.0005482036767893113	0.0007276961141027507	0.0009124019074081027	0.0005947411980094083	0.0006095994496187826	0.0006935309393951958	0.510204931465579	0.000802242414803749	-0.4479607590611514	0.5328390205592988	0.0008952573542079907	0.047368446209989694	0.5964549734349267	0.0007025683736078723	0.5757013818451066	-0.16699877748469133	0.4215340538447083	0.12300811177887254	0.9943996969101297	0.05836968966464828	0.7079668753774191	0.0008000227142065373
S884R	missense	130	209	168	194	154	23	17	187	150	181	92	12	27	189	183	147	268	0.0004113804798392162	0.0006180160507597184	0.0006523333461998687	0.0006454153992804445	0.00040115636557509	0.0003903708523096942	0.00023253410500206697	0.0005758904092804126	0.0006170720544004185	0.0005993387515312776	0.00039946737683089215	0.00016573599530839644	0.0003704634762704913	0.0007134006683437841	0.0006592312074321154	0.0006444337038827131	0.0005069560399383361	0.589527439835382	0.0005792302904537804	0.3129612151349637	0.5938035952903776	0.0005479421480107502	0.5226218557080843	0.5935951883374215	0.0006310054048992372	0.5522776718414744	-0.22499072446237806	0.28957885437259306	0.3493285568995976	1.365727837846866	0.4626202475615075	0.8276533461097295	0.0005860592811212559
S884V	missense	171	224	189	144	240	38	35	209	110	204	128	42	28	194	243	162	399	0.0005401331491018716	0.0006621600543854125	0.0007333925193963021	0.0004799242712598178	0.0006237334458296561	0.0006343526350032531	0.00046506821000413394	0.0006432818401536525	0.0004536092585327579	0.0006750793629885269	0.0005540999097976891	0.0005482036767893113	0.0003836943147087231	0.0007321743701423047	0.0008741979055078051	0.0007097479306275826	0.0007538379776034737	0.6065567703950988	0.0006248025727177972	0.47631953668888544	0.6225239524576942	0.0005815175928681566	0.7465133160517246	0.6209503050799304	0.0007674895459702915	0.7763358789602607	-0.13481409411329012	0.49476726182536457	-0.1549565798164153	0.5383378854327204	0.6663895772336236	0.5165525736290425	0.0006579365705187485
S884W	missense	72	113	46	80	71	13	17	204	144	119	72	13	10	114	133	96	187	0.00022924255746765483	0.00033549442755527567	0.00018141814953487475	0.0002680956273934154	0.0001863436020735902	0.0002277163305139883	0.00023253410500206697	0.0006279656058642798	0.0005925526350202694	0.0003951684076030402	0.0003135604140715605	0.00017848491802442692	0.00014553922282055013	0.00043179514136597454	0.0004800922923690405	0.00042236533295015655	0.00035430384947363264	0.5785730777264366	0.000242837951639289	0.2078786223967463	0.5510981249543553	0.0004823117656397875	0.18970851265694688	0.6035170932144941	0.0004221391540397011	0.6335452547542325	0.009092481570989868	0.8222130864512321	-0.08862147265579781	0.6471751228623831	0.34371079660264187	0.7346941046568076	0.00038242962377292583
S884K	missense	52	32	34	28	24	8	7	45	25	31	11	4	2	50	22	41	46	0.0001664363773395302	9.711680797652717e-05	0.00013509862199405565	9.598485425196355e-05	6.470263960888549e-05	0.00014638906961613534	0.00010334849111202976	0.00014090935546222862	0.00010625081731397933	0.00010537824202747737	5.1544177655598985e-05	6.374461358015247e-05	3.9692515314695496e-05	0.00019149175834491045	8.240390092901442e-05	0.0001828798348856348	8.857596236840816e-05	0.5816189685242968	9.822573095785796e-05	0.23709712905677885	0.5417966791549266	0.00010102064811482108	0.11719847139216799	0.5772621028421593	0.00013633786413199195	0.41849787893349966	-0.15120451030145948	0.45747241745028183	-0.2057348717521411	0.45502500252292416	0.25759782646081547	0.456248709986603	0.000111861414401557
S884H	missense	79	106	84	91	230	29	61	106	80	90	111	41	68	77	104	75	229	0.00025122472051249844	0.0003148938925299517	0.0003280966534141352	0.00030450367555795335	0.0005978523899861019	0.00048796356538711777	0.0008009508061182307	0.0003277674137925753	0.00033101216163201256	0.0002996693757656388	0.0004810789914522572	0.0005354547540732808	0.0009129278522379963	0.00029286974805692187	0.0003761917216324571	0.00033092541550733913	0.00043345683712199735	0.6917554537908437	0.00038633665287203555	1.293610261613561	0.6622163622546571	0.000359881985660621	1.0559381446577314	0.6578313343600523	0.00035836093057967886	1.078418205092628	0.2152184469245133	1.2912332572185956	0.23171367820357	1.1727549306515	1.142655537121307	1.2319940939350478	0.0003681931897041118
S884M	missense	66	13	26	28	54	4	12	32	21	49	46	6	2	35	35	59	140	0.00021040070342921743	4.120107005064789e-05	0.00010421893696684294	9.598485425196355e-05	0.00014234580713954806	8.132726089785297e-05	0.00016794129805704837	0.00010108714630985967	8.990453772721329e-05	0.0001646535031679334	0.00020188136248442935	8.924245901221346e-05	3.9692515314695496e-05	0.00013517065294934856	0.00012898001884541387	0.00026125690697947825	0.00026572788710522446	0.7211562261818644	9.593766710225061e-05	1.5756448849561415	0.7095546311145421	0.00013938163742235893	1.4249667776735022	0.7077842722894563	0.00019778386646986627	1.4875689251619646	0.3149213601167398	1.5180978217639682	-0.3518629074303792	0.21527003121137167	1.496060195930536	0.86668392648767	0.00014436772366482526
S884S	silent	313	191	152	189	418	20	85	243	184	226	210	23	40	218	235	223	604	0.0009860570280115564	0.0005650432464088853	0.0005905739761454433	0.0006288662864783819	0.0010844162398449208	0.00034157449577098246	0.0011109962794543199	0.0007474322333213866	0.0007560154308879299	0.0007475269043824177	0.0009063184571109488	0.0003059741451847319	0.0005424643759675051	0.0008222881387752037	0.0008455356790977131	0.0009753591193900522	0.001140179941125254	0.6945567739542655	0.0007172249372194078	1.3204826602922415	0.6435352666450311	0.0007893232564256708	0.9103084175449364	0.6607981405091944	0.0009458407195970556	1.102718494976341	0.5122271686555703	1.9670485585406785	0.24868649287234462	1.2006025416530508	1.1111698576045062	1.5838255500968645	0.0008174629710807115
S884A	missense	129	129	74	82	122	21	22	177	92	149	71	35	36	132	121	123	292	0.00040824017083280996	0.0003825813647560161	0.00028949704713011925	0.00027471527251424053	0.00031833698687571657	0.000357839947950553	0.0002971269119470856	0.0005452579407016673	0.0003800510003923107	0.0004939605095038003	0.0003092650659335939	0.0004589612177770978	0.0004895410222145777	0.0004993804678406488	0.00043709895275390254	0.0005399309410909218	0.0005521863185945445	0.604496692222367	0.0003162826678190231	0.4565576962931504	0.5820395391651737	0.000432133629132843	0.4309143713584896	0.6410979227129222	0.0005071491700700044	0.9413594512248239	-0.08074683265869141	0.6177922099771773	0.02801310116392294	0.8385396257128567	0.6096105062921546	0.728165917845017	0.00041852182234062353
S884Y	missense	135	166	76	203	688	20	205	99	95	308	322	39	142	74	85	244	563	0.00042708202487124733	0.0004914699070327284	0.00029721696838692246	0.0006752038023241574	0.0017832047476208839	0.00034157449577098246	0.0026612236461347662	0.00030632468578745353	0.00039231071008238524	0.0010175586495778284	0.001387397448563206	0.0005099569086412198	0.0018920098966671518	0.00028160552697780946	0.0003081189339084887	0.0010667990368328697	0.0010629115484208978	0.788730611459625	0.0008117738563411731	2.2238699059164837	0.7808060329173411	0.0007758978735027183	1.9804118338831094	0.7676122574455969	0.0006798587615350165	1.977603430069904	0.8915959377811559	2.8302663708813935	0.5693899240013146	1.7267865936931992	2.060628389956499	2.2785264822872966	0.0007558434971263027
S884P	missense	86	8	6	21	30	2	24	45	25	58	36	6	5	53	55	61	135	0.00027320688355734205	2.6486402175416498e-05	2.7019724398811132e-05	7.28160963290758e-05	8.0231273115018e-05	4.8796356538711774e-05	0.000322964034725093	0.00014090935546222862	0.00010625081731397933	0.00019429113373816141	0.00015892788110476354	8.924245901221346e-05	7.938503062939099e-05	0.00020275597942402283	0.00020063558487064378	0.0002699654705454609	0.00025630491238518103	0.7502889619033036	5.163837400458035e-05	1.8551082962182366	0.654584614249222	0.00015009479690478324	0.9964443439380111	0.6559220848025303	0.00023241548680632713	1.0627800692064837	0.820766766098297	2.669101278744507	-0.050832911766397974	0.709175513751728	1.3047775697875772	1.6891383962481175	0.00014471621923856356
S884Q	missense	31	39	15	10	14	5	19	11	15	61	31	3	5	24	23	39	75	0.00010048988820499937	0.00011771734300185111	6.175937005442545e-05	3.64080481645379e-05	3.882158376533129e-05	9.759271307742355e-05	0.0002583712277800744	3.6758962294494424e-05	6.53851183470642e-05	0.00020417034392823742	0.00013745114041493063	5.099569086412198e-05	7.938503062939099e-05	9.386850899260315e-05	8.59866792302759e-05	0.00017417127131965217	0.00014322921574466	0.49640161368295516	6.367658624653643e-05	-0.5803727066088025	0.7491820554389049	0.00011094139124618166	1.733885007692424	0.684392663595315	0.0001243139188217978	1.2959747179440864	0.4228267574262594	1.7636263644006565	0.19220513691989644	1.1079325361119206	0.816495673009236	1.4357794502562884	9.964396543817196e-05
S884D	missense	101	57	42	103	102	5	19	51	35	68	52	5	12	59	83	77	232	0.0003203115186534355	0.0001706901473526841	0.00016597830702126838	0.00034422154628290376	0.0002665748751886082	9.759271307742355e-05	0.0002583712277800744	0.00015928883660947584	0.00014711651628089448	0.0002272218343717481	0.00022765345131222885	7.649353629618297e-05	0.0001720008996970138	0.0002252844215822476	0.0003009533773059657	0.00033963397907332176	0.00043911062195402343	0.6864663185209989	0.00023686621896136612	1.242872843772994	0.6718288479550074	0.00019032015964358682	1.1308729182208166	0.690150227593749	0.0003262455999788896	1.3431333347031997	0.4228267574262594	1.7636263644006565	0.35190597978740834	1.369956663257792	1.2389596988990035	1.5667915138292243	0.0002511439928612809
S884E	missense	63	72	60	81	43	5	11	81	42	56	29	16	5	61	87	50	92	0.00020097977640999874	0.00021483415097837827	0.000235457598332497	0.000271405449953828	0.00011387664571163845	9.759271307742355e-05	0.00015502273666804465	0.0002511862423457119	0.00017572250555773506	0.0001877049936114441	0.00012886044413899745	0.00021673168617251842	7.938503062939099e-05	0.00023279390230165583	0.0003152844905110117	0.00022206837093255652	0.00017526732979280762	0.5850686603309061	0.00020889346124408544	0.2701892028426421	0.5653148566862791	0.00018586854641347212	0.30053599332617825	0.5898572198518971	0.00023635352338450793	0.5216610042170351	0.20097800780990308	1.2588304826633299	-0.43618379313041505	0.07692319421910863	0.3641287334619518	0.6678768384412193	0.00021037184368068849
S884I	missense	103	53	54	43	65	10	20	70	31	92	67	12	23	55	57	102	223	0.00032659213666624793	0.000158918413052499	0.00021229783456208748	0.0001456321926581516	0.0001708149685674577	0.0001789199739752765	0.00027128978916907815	0.00021749052690909202	0.0001307702366941284	0.00030625551589235614	0.0002920836733817276	0.00016573599530839644	0.00031754012251756396	0.00021026546014343107	0.00020780114147316678	0.0004484910236481044	0.00042214926745794525	0.619369342806224	0.00017191585221004895	0.5992274993084277	0.6777235287465578	0.00023664998821932605	1.1768252955882441	0.7100019997824172	0.00032217672318066187	1.505733718631067	0.18077462172161615	1.2128595853192932	0.28238176726898445	1.2558870016733696	1.0939288378425795	1.2343732934963314	0.00024358085453667894
S884N	missense	43	68	37	25	47	13	9	87	39	55	31	13	15	47	21	30	110	0.00013817359628187414	0.00020306241667819314	0.00014667850387926044	8.605538657072594e-05	0.00012422906804906013	0.0002277163305139883	0.0001291856138900372	0.0002695657234929591	0.00016346279586766053	0.0001844119235480854	0.00013745114041493063	0.00017848491802442692	0.0002116934150117093	0.00018022753726579807	7.882112262775292e-05	0.00013498273527273044	0.00020919003878496395	0.5586808704645976	0.00014000634379430992	0.017057404915440753	0.562839646472664	0.0001887228958309089	0.28124032697511975	0.6546427458374343	0.00015080535848781133	1.0523013570330064	-0.24618002353231616	0.24136460513340458	0.07410582484190192	0.914164810105388	0.45019969630785567	0.5777647076193962	0.0001598448660376767
G885V	missense	137	165	103	130	76	30	21	174	131	144	45	34	15	112	115	84	189	0.0004333626428840598	0.0004885269734576821	0.0004014359053537654	0.00043358675541404227	0.0001992841299953673	0.0005042290175666884	0.00028420835055808184	0.0005360682001280437	0.0005394272263632797	0.0004774951591870069	0.00019758601434646277	0.00044621229506106735	0.0002116934150117093	0.0004242856606465663	0.00041560228294633357	0.0003701139515542609	0.00035807303936165	0.5564125990013935	0.0003807084410552142	-0.00470158424495512	0.5480697313883781	0.00043764415000619827	0.16610046857755412	0.6055393392022993	0.0003920187336272027	0.650108913196848	-0.24899100086614456	0.23496849163613504	-0.32383418383013574	0.26125727651639136	0.27050259917648234	0.2481128840762632	0.0004034571082295384
G885P	missense	48	9	4	13	27	2	5	25	5	20	41	1	10	28	10	13	58	0.00015387514131390528	2.9429335750462777e-05	1.9299803142007953e-05	4.6337515845775506e-05	7.246695636195174e-05	4.8796356538711774e-05	7.751136833402232e-05	7.964441830473792e-05	2.4519419380149078e-05	6.915447133053203e-05	0.00018040462179459645	2.549784543206099e-05	0.00014553922282055013	0.00010888747043141967	3.941056131387646e-05	6.095994496187826e-05	0.00011119110169651236	0.7415069008487232	4.18834027750495e-05	1.770864071312887	0.7475944207326096	8.843073270250387e-05	1.7215084954222628	0.636101716060885	8.011226960092169e-05	0.9004369022411141	0.20097800780990308	1.2588304826633299	0.756476567358459	2.033743110303288	1.4642698229920879	1.646286796483309	7.014213502615835e-05
G885S	missense	113	207	96	104	112	33	41	234	129	111	76	45	34	118	116	64	152	0.00035799522673031026	0.0006121301836096258	0.0003744161809549543	0.0003475313688433163	0.0002924559310321624	0.0005530253741054002	0.0005425795783381563	0.0007198630116005159	0.0005312540865698966	0.0003688238470961708	0.0003307418066234268	0.0005864504449374028	0.0004630793453381141	0.00044681410280479107	0.0004191850612475951	0.0002830283158944348	0.0002883430264333287	0.5492324650729385	0.00040663341611001466	-0.07357890287892233	0.5397866398882288	0.00048767068797250253	0.10152907619115197	0.5718152112005106	0.00035934262659503743	0.3738838936566021	-0.008281614498432798	0.7826799713900933	-0.10257590946708323	0.6242798202475895	0.13394468898961057	0.7034798958188414	0.00041788224355918487
G885G	silent	125	283	175	189	285	63	27	246	228	169	100	88	34	210	231	97	294	0.000395678934807185	0.0008357931353131429	0.0006793530705986798	0.0006288662864783819	0.00074019819712565	0.001040988939492518	0.0003617197188921042	0.0007566219738950103	0.0009358245063423565	0.0005598219107709736	0.0004338301619346248	0.0011346541217267141	0.0004630793453381141	0.0007922502158975706	0.0008312045658926671	0.00042671961473314784	0.0005559555084825618	0.6103828466871039	0.0007210526723789637	0.5130221774067594	0.5624381651978295	0.0006715246382357412	0.2781105529127825	0.5715985429551138	0.000651532476251487	0.37210922389152157	-0.4590739304957461	-0.24305537770604632	-0.389208084430422	0.15399710847130688	0.3877473180703545	-0.04452913461736972	0.0006813699289553972
G885L	missense	193	120	80	74	217	16	34	107	77	188	119	25	29	90	74	154	410	0.0006092199472428086	0.0003560949625805996	0.0003126568109005288	0.00024823669203094024	0.0005642070173894814	0.0002765126870527001	0.00045214964861513024	0.0003308306606504498	0.00031875245194193803	0.0006223902419747883	0.0005154417765559898	0.00033147199061679287	0.00039692515314695493	0.0003416813727330755	0.0002687083725946122	0.0006749136763636522	0.0007745685219875692	0.672252038304578	0.00037029887072538754	1.1065186312507225	0.684965863750595	0.0004468537827807915	1.2332834012763232	0.7284570836286821	0.0005149679859197273	1.6568942140419796	0.21356713511792358	1.28747585312742	0.07826178461305969	0.9209835701816537	1.3322320821896751	1.1042297116545368	0.0004440402131419688
G885_	nonsense	53	434	418	430	82	74	37	375	274	132	46	147	18	165	181	94	212	0.00016957668634593644	0.0012801761051451307	0.0016173235033002664	0.0014265335235378032	0.0002148127635014998	0.0012199089134677945	0.0004909053327821414	0.0011517808185608253	0.001123806721590166	0.00043797831842670287	0.00020188136248442935	0.0018868405619725133	0.0002513859303264048	0.000623286899710885	0.0006520656508295923	0.0004136567693841739	0.0004014187230738497	0.531725187341603	0.001134711473871175	-0.24152205808049046	0.47341404665762443	0.0007288618052655309	-0.4158829023097711	0.5709432833394846	0.0005226070107496253	0.3667421733299324	-0.395329654628968	-0.0980112970090721	-0.8753942365779133	-0.6436975051541279	-0.09688759568677636	-0.3708544010816	0.0007953934299621103
G885W	missense	53	58	31	20	25	10	5	108	54	29	20	7	0	89	71	31	94	0.00016957668634593644	0.0001736330809277304	0.0001235187401088509	6.950627376866327e-05	6.729074519324091e-05	0.0001789199739752765	7.751136833402232e-05	0.0003338939075083244	0.0002247613443180332	9.879210190076005e-05	9.020231089729822e-05	0.00010199138172824396	1.323083843823183e-05	0.0003379266323733714	0.00025796003769082773	0.00013933701705572175	0.000179036519680825	0.5175450885106185	0.00010848720999962136	-0.37754837669444286	0.4817102894574141	0.00018691241615610398	-0.3512089880896482	0.5436099654282444	0.00022856505170018647	0.14286251441831732	-0.3632934226286595	-0.025115876105852374	-0.8869761091277284	-0.6627000976958445	-0.1952982834552579	-0.34390798690084845	0.0001746548926186373
G885R	missense	49	55	34	30	87	9	17	69	64	54	41	5	15	35	42	64	106	0.00015701545032031152	0.00016480428020259155	0.00013509862199405565	0.00010260449937278863	0.0002277532914232769	0.00016265452179570593	0.00023253410500206697	0.00021442728005121748	0.0002656270432849483	0.00018111885348472674	0.00018040462179459645	7.649353629618297e-05	0.0002116934150117093	0.00013517065294934856	0.00015405946695424435	0.0002830283158944348	0.0002016516590089292	0.6560095712732709	0.00015756517324817817	0.9507085045505115	0.5972877426072449	0.00021039444965387227	0.5497827585576319	0.6780442536740735	0.00019347752370173923	1.2439766453934358	0.15522051724922792	1.1547136335325272	0.4420826101364963	1.5179111288192408	0.9148226361671931	1.3363123811758841	0.00018714571553459655
G885F	missense	144	72	40	81	127	15	16	79	49	72	79	1	8	76	65	66	159	0.0004553448059289034	0.00021483415097837827	0.0001582583857644652	0.000271405449953828	0.0003312775147974937	0.0002602472348731295	0.00021961554361306325	0.0002450597486299628	0.00020432849483457564	0.00024039411462518277	0.0003436278510373266	2.549784543206099e-05	0.00011907754594408647	0.00028911500769721775	0.00023646336788325876	0.00029173687946041743	0.0003015351910413895	0.6842448205220536	0.00024394387537354128	1.2215625413409328	0.6651304733689629	0.00025835255228176193	1.0786552922608972	0.6353380731014685	0.00027971261152057083	0.8941821136406382	-0.07372304913172899	0.6337741661737143	0.6693263916395589	1.8907542048389732	1.064799982414156	1.2622641855063437	0.00026066967972529135
G885N	missense	48	50	26	26	28	10	0	48	28	37	16	6	2	45	72	26	64	0.00015387514131390528	0.00015008961232736015	0.00010421893696684294	8.936520913113848e-05	7.505506194630717e-05	0.0001789199739752765	1.291856138900372e-05	0.00015009909603585223	0.00011851052700405388	0.00012513666240762937	7.30209183454319e-05	8.924245901221346e-05	3.9692515314695496e-05	0.0001727180565463898	0.00026154281599208924	0.00011756560814076522	0.00012249867136056446	0.5533673085942933	0.00010468220509291219	-0.03391433149909172	0.5648499948575786	0.00011669180094824185	0.2969121319278173	0.5703832912583902	0.00016858128800995218	0.3621554328355748	-1.1414446730123031	-1.7957255696096373	-0.3518629074303792	0.21527003121137167	0.20838441108810013	-0.7902277691991328	0.00012998509801703543
G885C	missense	105	51	21	30	72	1	24	115	88	89	46	7	14	69	109	74	184	0.0003328727546790604	0.00015303254590240644	8.491913382483498e-05	0.00010260449937278863	0.00018893170765794563	3.2530904359141185e-05	0.000322964034725093	0.0003553366355134461	0.00036370472080554466	0.0002963763057022801	0.00020188136248442935	0.00010199138172824396	0.00019846257657347746	0.0002628318251792889	0.0003941056131387646	0.00032657113372434784	0.00034865006464160657	0.6546000281475473	0.00013237197168949392	0.9371870922807441	0.5708130024374464	0.00030432475612642506	0.34339715533191634	0.6428207228612505	0.000333039659171002	0.955470431488292	0.9968580251539783	3.069780311351031	0.28911514992795284	1.266934587160561	0.7453515597003175	2.168357449255796	0.00025657879566230696
G885E	missense	26	20	27	23	18	4	6	34	40	17	11	8	1	17	16	21	68	8.478834317296822e-05	6.180160507597183e-05	0.00010807889759524453	7.943574144990087e-05	4.917400610275297e-05	8.132726089785297e-05	9.042992972302605e-05	0.00010721364002560874	0.00016754936576435204	5.9275261140456025e-05	5.1544177655598985e-05	0.00011474030444427445	2.646167687646366e-05	6.758532647467428e-05	6.090723112144544e-05	9.57941992258087e-05	0.00013003705113659922	0.5971406507351976	7.462256255596755e-05	0.3859929382475475	0.5357575774003778	9.639561114650394e-05	0.07012025077280712	0.7034036159504101	8.85809519896319e-05	1.4516881788076645	0.0460760478241599	0.9063656992959943	-0.6370986359111285	-0.2527215049885242	0.6359337892760064	0.32682209715373506	8.653304189736781e-05
G885D	missense	53	29	26	39	49	2	8	31	37	42	30	8	3	46	25	54	168	0.00016957668634593644	8.828800725138832e-05	0.00010421893696684294	0.00013239290241650144	0.00012940527921777097	4.8796356538711774e-05	0.00011626705250103349	9.802389945198513e-05	0.0001552896560742775	0.00014160201272442273	0.00013315579227696404	0.00011474030444427445	5.292335375292732e-05	0.00017647279690609393	9.31522358327989e-05	0.00023948549806452176	0.0003184965455374676	0.6666916332014934	0.00011357628146312592	1.0531789863589578	0.6467082486336334	0.00013201784013191234	0.9350436103189547	0.7114547507641895	0.00020690176908522053	1.5176328007453885	0.37706926686558434	1.659509515269854	-0.33606864024714733	0.24118397755183207	1.168618465807767	0.950346746410843	0.00015083196356008627
G885T	missense	47	41	23	29	20	6	7	65	47	41	21	2	1	53	46	28	76	0.00015073483230749907	0.00012360321015194366	9.263905508163816e-05	9.929467681237608e-05	5.435021727146381e-05	0.00011385816525699414	0.00010334849111202976	0.00020217429261971934	0.00019615535504119262	0.00013830894266106405	9.449765903526481e-05	3.824676814809149e-05	2.646167687646366e-05	0.00020275597942402283	0.00016839058015929032	0.00012627417170674784	0.0001451138106886687	0.5570389503106123	9.247178982935543e-05	0.0013068550309334294	0.5495653546438303	0.0001577840623393102	0.17775969944422862	0.5831651061909517	0.0001606336354946824	0.4668477492483037	-0.042060040876391376	0.7058203516868148	-0.15997738119146607	0.5301001637385283	0.2153047679078219	0.6179602577126715	0.00013696316255444935
G885M	missense	36	11	3	9	13	1	11	5	5	28	27	1	1	9	8	23	57	0.00011619143323703052	3.531520290055533e-05	1.543984251360636e-05	3.309822560412536e-05	3.623347818097587e-05	3.2530904359141185e-05	0.00015502273666804465	1.8379481147247212e-05	2.4519419380149078e-05	9.549903183740137e-05	0.0001202697478630643	2.549784543206099e-05	2.646167687646366e-05	3.754740359704126e-05	3.2245004711353466e-05	0.0001045027627917913	0.00010930650675250369	0.6462483986242192	3.002168729981573e-05	0.8570718947756618	0.8070146279354025	6.466692005696549e-05	2.184722684822888	0.7517336770201419	7.090041946317244e-05	1.8475463626770854	0.6780992625295655	2.344474845718484	0.01611387786421517	0.8190163499252244	1.6297803140918783	1.5817455978218542	5.519634227331788e-05
G885I	missense	60	29	43	27	34	2	4	43	21	38	27	7	3	29	29	36	92	0.00019155884939078005	8.828800725138832e-05	0.00016983826764966996	9.267503169155101e-05	9.058369545243968e-05	4.8796356538711774e-05	6.45928069450186e-05	0.00013478286174647955	8.990453772721329e-05	0.00012842973247098805	0.0001202697478630643	0.00010199138172824396	5.292335375292732e-05	0.0001126422107911238	0.00010748334903784489	0.00016110842597067828	0.00017526732979280762	0.6050978253029222	0.00011034625051126225	0.46232422309381815	0.6236759912662484	0.0001183467199519363	0.7554941114407621	0.6792452522508374	0.00013912532889811364	1.2538136930797934	0.1217967617622782	1.0786610339520262	-0.284916117799766	0.32511086738486816	0.8238773425381245	0.7018859506684472	0.00012260609978710407
G885A	missense	57	12	11	53	46	2	29	16	21	96	76	9	27	36	35	81	170	0.00018213792237156137	3.825813647560161e-05	4.631952754081908e-05	0.00017873041826227696	0.0001216409624647047	4.8796356538711774e-05	0.0003875568416701116	5.20751965838671e-05	8.990453772721329e-05	0.0003194277961457908	0.0003307418066234268	0.00012748922716030494	0.0003704634762704913	0.00013892539330905267	0.00012898001884541387	0.00035705110620528696	0.000322265735425485	0.7492240284502367	9.623726118585058e-05	1.8448926426521974	0.7931379757989445	0.00019803733427007449	2.0765463173281327	0.7276807740474585	0.0002368055634463096	1.6505356766401702	0.8999480121459219	2.8492707274558113	0.46327190920643446	1.5526768037771335	1.8573248788735002	2.2009737656164723	0.0001770267196340782
G885Y	missense	83	112	94	75	53	9	32	91	63	61	60	20	23	78	63	63	93	0.00026378595653812334	0.0003325514939802294	0.0003666962596981511	0.00025154651459135277	0.00013975770155519264	0.00016265452179570593	0.0004263125258371228	0.00028181871092445725	0.0002615404733882568	0.00020417034392823742	0.0002620162364159615	0.0002677273770366404	0.00031754012251756396	0.000296624488416626	0.00022929781128073576	0.0002786740341114435	0.00017715192473681632	0.5455068692767977	0.00027263799245623145	-0.10931765807612233	0.6105408297135009	0.00025238644116422826	0.6530980832590187	0.5856516403876108	0.0002454370646364054	0.4872142641963905	0.41846195202380937	1.753694661853079	0.07410582484190192	0.914164810105388	0.34366489645976234	1.3339297359792335	0.00025682049941895503
G885K	missense	26	0	0	3	51	0	5	6	1	7	18	0	9	1	2	13	42	8.478834317296822e-05	2.942933575046278e-06	3.85996062840159e-06	1.3239290241650144e-05	0.00013458149038648182	1.6265452179570593e-05	7.751136833402232e-05	2.1442728005121748e-05	8.173139793383025e-06	2.6344560506869343e-05	8.161161462136506e-05	1.2748922716030496e-05	0.0001323083843823183	7.509480719408253e-06	1.0748334903784488e-05	6.095994496187826e-05	8.103758259237342e-05	0.9518378859899074	3.865591870789496e-05	3.7885192329740467	0.8055218527103084	3.4393010731684795e-05	2.173085655966873	0.8362222206665738	4.00638357943611e-05	2.5395686921625136	0.6780992625295655	2.344474845718484	1.0161138778642151	2.459734848594934	2.833724527034478	2.402104847156709	3.770425507798029e-05
G885Q	missense	12	6	2	4	35	5	0	13	7	5	18	2	0	5	0	15	55	4.082401708328099e-05	2.0600535025323943e-05	1.157988188520477e-05	1.654911280206268e-05	9.31718010367951e-05	9.759271307742355e-05	1.291856138900372e-05	4.2885456010243496e-05	3.26925591735321e-05	1.9758420380152007e-05	8.161161462136506e-05	3.824676814809149e-05	1.323083843823183e-05	2.252844215822476e-05	3.582778301261496e-06	6.966850852786088e-05	0.00010553731686448631	0.8211600956940234	3.5475332687346627e-05	2.5349582422908052	0.6979340736814219	4.423701254632317e-05	1.3343779469513977	0.8206567767349556	5.0329261462958366e-05	2.412076439318028	-0.8782032382377217	-1.1967445412890854	-0.4610073768554473	0.036194681198171916	2.093804209520077	-0.5802749300454567	4.334720223220939e-05
G885H	missense	33	41	25	35	21	18	6	15	24	24	12	22	4	24	23	22	59	0.00010677050621781183	0.00012360321015194366	0.00010035897633844135	0.0001191536121748513	5.6938322855819224e-05	0.00030904359141184127	9.042992972302605e-05	4.901194972599257e-05	0.00010216424741728782	8.23267515839667e-05	5.5839525793565566e-05	0.0002932252224687014	6.615419219115915e-05	9.386850899260315e-05	8.59866792302759e-05	0.0001001484810088	0.00011307569664052105	0.5683826524011869	0.00010001353038026388	0.11012429369804634	0.6252787494173067	7.233561863020317e-05	0.7679885195335161	0.6478272490731606	9.826984146805003e-05	0.9964775051371726	-0.5337075487926503	-0.4128771288792391	-0.646643953817359	-0.2683826846529597	0.624863439456245	-0.3406299067660994	9.020633015950569e-05
W886P	missense	137	45	63	80	200	10	29	59	42	100	121	7	39	60	52	81	230	0.0004333626428840598	0.00013537494445212876	0.0002470374802177018	0.0002680956273934154	0.0005202092224554393	0.0001789199739752765	0.0003875568416701116	0.00018379481147247213	0.00017572250555773506	0.0003326000763992255	0.000524032472831923	0.00010199138172824396	0.0005292335375292732	0.0002290391619419517	0.0001898872499668593	0.00035705110620528696	0.0004353414320660061	0.7505171729729698	0.0002926793186296713	1.8572974707820848	0.7460367434545659	0.00030403746656533894	1.7093655182826129	0.7061172262365039	0.00030282973754502604	1.4739146112972192	0.33567658170735926	1.5653243686866285	0.715083882200234	1.9658293660545776	1.6801925334539725	1.7655768673706032	0.00029984884091334543
W886T	missense	92	36	38	75	288	6	87	73	44	132	157	6	88	48	56	99	303	0.0002920487375957794	0.00010888854227671227	0.00015053846450766202	0.00025154651459135277	0.0007479625138787162	0.00011385816525699414	0.0011368334022323274	0.00022668026748271563	0.00018389564535111809	0.00043797831842670287	0.00067866500579872	8.924245901221346e-05	0.001177544621002633	0.0001839822776255022	0.0002042183631719053	0.00043542817829913047	0.00057291686297864	0.8253904396621905	0.0003147340088136108	2.575538926764114	0.7567784677663415	0.00038180480926481414	1.7931033467769275	0.7501313857049487	0.0003491364205187945	1.8344224369872966	0.9993326442818337	3.0754110735111517	1.1204058444948712	2.630848607508495	2.067688236842779	2.8531298405098235	0.0003485584128657398
W886G	missense	62	418	361	166	165	47	48	224	142	139	108	111	46	76	95	72	220	0.0001978394674035925	0.0012330891679443903	0.0013973057474813758	0.0005527403675888936	0.0004296255270029996	0.0007807417046193884	0.0006330095080611823	0.0006892305430217705	0.0005843794952268864	0.00046102980887021355	0.00046819294703835744	0.0014278793441954154	0.0006218494065968961	0.00028911500769721775	0.0003439467169211036	0.0003178625701583652	0.0004164954826259192	0.5123798850144212	0.0009031902025044148	-0.42709694647904833	0.5803720965344648	0.000550708198539307	0.4179157110892674	0.6575482785084925	0.00034185494435065144	1.076099772778413	-0.09109714520115167	0.5942410511125753	-0.36100628687024894	0.20026831942402107	0.35563951246287734	0.3972546852682982	0.0005985844484647911
W886C	missense	110	97	76	148	152	15	42	119	50	146	118	16	25	102	91	92	213	0.0003485742997110916	0.0002884074903545352	0.00029721696838692246	0.000493163561501468	0.00039598015440637916	0.0002602472348731295	0.0005554981397271599	0.00036758962294494425	0.00020841506473126716	0.00048408129931372417	0.0005111464284180233	0.00021673168617251842	0.0003440017993940276	0.000386738257049525	0.0003296156037160577	0.0004049482058181913	0.0004033033180178584	0.6689615352929464	0.0003686920436623262	1.0749536177486767	0.6811928843304109	0.00039280810385198975	1.203870888496266	0.6352508316471513	0.00038115134615040807	0.8934675429800655	0.32929648506958353	1.5508070612264566	0.20063830445675926	1.1217689900920325	1.0574306830750027	1.3362880256592446	0.00038088383122157464
W886L	missense	283	107	96	229	937	35	177	158	103	374	473	33	195	124	163	228	802	0.0008918477578193694	0.000317836826104998	0.0003744161809549543	0.0007612591888948834	0.0024276430381253832	0.0005855562784645413	0.002299503927242662	0.0004870562504020511	0.00042500326925591734	0.0012349012737595006	0.00203599501739616	0.00043346337234503684	0.0025932443338934387	0.00046934254496301583	0.0005875756414068854	0.0009971305283050088	0.0015133297400389734	0.8413100043327932	0.0009702888085200548	2.728251527846069	0.7880639478481761	0.0010457389527034073	2.036991393929939	0.7490938029523573	0.0008918446136784708	1.825923883189434	0.5940655136875286	2.153263985094902	0.776891032178436	2.0672375003738668	2.1970556016551472	2.1102507427343844	0.0009692907916339777
W886W	silent	90	81	55	98	272	23	36	109	61	158	188	17	38	96	81	97	248	0.00028576811958296695	0.00024132055315379477	0.00021615779519048906	0.0003276724334808411	0.0007065528245290295	0.0003903708523096942	0.00047798677139313764	0.0003369571543661989	0.0002533673335948738	0.0005235981400740282	0.0008118207980756841	0.0002294806088885489	0.0005160026990910413	0.00036420981489130027	0.0002937878207034427	0.00042671961473314784	0.0004692641410581624	0.751299507991722	0.0003729259015885386	1.8648022247187146	0.7350108738934175	0.00048143585652769626	1.623412616540386	0.66104409092462	0.0003884953478465133	1.1047330069098527	0.0879384945013108	1.0016197438584171	0.35190597978740823	1.3699566632577918	1.5309826160563178	1.1857882035581044	0.0004142857019875827
W886S	missense	269	197	174	166	224	18	46	170	117	156	183	28	33	137	115	130	349	0.0008478834317296822	0.000582700847859163	0.0006754931099702783	0.0005527403675888936	0.0005823237564799693	0.00030904359141184127	0.0006071723852831748	0.0005238152126965456	0.00048221524780959856	0.0005170119999473109	0.0007903440573858511	0.00036971875876488436	0.00044984850689988224	0.0005181541696391694	0.00041560228294633357	0.0005704109135718609	0.0006596082304030394	0.6185295310681296	0.000598314520474576	0.5911713848607514	0.6700845156965459	0.0005783466294598265	1.1172748597288458	0.6584583455556693	0.0005409438991401008	1.0835538806467027	0.29329226912881035	1.4688828675426364	0.08519479700751416	0.9323586918687417	0.9306667084121	1.2006207797056891	0.0005725350163581677
W886_	nonsense	62	285	187	161	34	52	27	188	103	97	28	117	8	103	90	40	28	0.0001978394674035925	0.0008416790024632354	0.000725672598139499	0.0005361912547868308	9.058369545243968e-05	0.0008620689655172414	0.0003617197188921042	0.0005789536561382873	0.00042500326925591734	0.00032272086620914947	0.0001245650960010309	0.0015043728804915984	0.00011907754594408647	0.00039049299740922914	0.00032603282541479616	0.00017852555310264348	5.4653253376251844e-05	0.48583486937845305	0.0005485316377105013	-0.681736973854645	0.4987764629222747	0.0003628107219010963	-0.21816849429405805	0.47297556145708314	0.00023742615732573013	-0.43568438280947147	-0.37716982611264793	-0.05669032195761486	-1.1015256200025854	-1.0147154490687602	-0.44519661698605817	-0.5357028855131876	0.0003829228389791092
W886R	missense	210	159	108	114	215	26	31	129	87	229	162	36	16	73	114	138	364	0.0006626052003517146	0.00047086937200740444	0.0004207357084957733	0.0003806295944474417	0.0005590308062207706	0.000439167208848406	0.00041339396444811904	0.0003982220915236896	0.00035961815090885315	0.0007574061145724936	0.0007001417464885529	0.00047171014049312833	0.00022492425344994112	0.00027785078661810535	0.00041201950464507205	0.0006052451678357913	0.0006878771545631697	0.6403157878321554	0.0004578163702928475	0.8001617691529461	0.6985507091569296	0.0005538470258733973	1.3391849699388496	0.7147194949958354	0.0004957481534155347	1.5443734191872491	-0.026265773693159484	0.7417587152923885	-0.3216389248245059	0.2648590785762995	1.2279067194263482	0.503308896934344	0.0005024705165272597
W886N	missense	39	24	30	34	31	11	7	44	17	35	40	3	3	26	34	32	52	0.00012561236025624922	7.357333937615695e-05	0.0001196587794804493	0.00011584378961443877	8.281937869937342e-05	0.0001951854261548471	0.00010334849111202976	0.0001378461086043541	7.355825814044724e-05	0.00011855052228091205	0.00017610927365662986	5.099569086412198e-05	5.292335375292732e-05	0.00010137798971201142	0.00012539724054415238	0.00014369129883871304	9.988353203246026e-05	0.6326305868196227	9.797382179260462e-05	0.7264394619953407	0.6644667739487777	0.00012651604067058582	1.0734813791528948	0.6286703208942948	0.00011758751528183426	0.8395683966123313	-0.2761432469097594	0.17318611960817545	0.01611387786421517	0.8190163499252244	0.879829745920189	0.49610123476669993	0.0001140257925816749
W886H	missense	42	25	24	35	214	3	17	20	23	63	40	3	41	46	36	30	126	0.0001350332872754679	7.651627295120322e-05	9.649901571003975e-05	0.0001191536121748513	0.0005564427006364152	6.506180871828237e-05	0.00023253410500206697	6.432818401536524e-05	9.807767752059631e-05	0.00021075648405495474	0.00017610927365662986	5.099569086412198e-05	0.0005556952144057369	0.00017647279690609393	0.00013256279714667535	0.00013498273527273044	0.0002393435578891029	0.8404156679249427	0.00021215290036812737	2.7196723711975617	0.7269582251655163	0.00013731790481188655	1.5606376561587707	0.6599434583361339	0.00017084047180365066	1.0957180293173974	0.5531605259212655	2.0601885478763777	1.0373031769341532	2.494500523552826	1.7920093522245766	2.277344535714602	0.0001734370923278882
W886V	missense	97	67	51	123	202	15	42	66	46	117	139	18	59	87	88	107	294	0.00030775028262781056	0.00020011948310314688	0.0002007179526768827	0.0004104179974911545	0.0005253854336241501	0.0002602472348731295	0.0005554981397271599	0.00020523753947759388	0.0001920687851445011	0.00038858226747632283	0.0006013487393153216	0.00024222953160457942	0.0007938503062939099	0.00033041715165396315	0.0003188672688122732	0.0004702624325630609	0.0005559555084825618	0.7358654094883095	0.00033416021672383355	1.7167465852222616	0.7497846214275482	0.0003468093328534348	1.7385823510563942	0.686773281648007	0.0004188755903779648	1.3154737030056962	0.32929648506958353	1.5508070612264566	0.5155115272950298	1.6383873115385326	1.5902675464281175	1.5945971863824946	0.00036661504665174436
W886Y	missense	98	55	35	98	66	11	22	72	47	73	42	6	9	52	54	40	60	0.0003108905916342168	0.00016480428020259155	0.00013895858262245726	0.0003276724334808411	0.0001734030741518131	0.0001951854261548471	0.0002971269119470856	0.0002236170206248411	0.00019615535504119262	0.00024368718468854142	0.00018469996993256303	8.924245901221346e-05	0.0001323083843823183	0.0001990012390643187	0.0001970528065693823	0.00017852555310264348	0.00011496029158452974	0.6583157315462078	0.00020120959261442573	0.972830952059545	0.6147985992083865	0.00021203988257178456	0.6862898094086285	0.5759364687044864	0.00017238497258021855	0.4076399757858638	0.18249460211588994	1.2167732382977292	0.17101583784995833	1.0731668611540284	0.6889202457513458	1.1449700497258788	0.00019521148258880958
W886M	missense	74	26	44	45	146	10	26	34	16	42	84	11	39	21	32	67	128	0.00023552317548046728	7.94592065262495e-05	0.00017369822827807157	0.00015225183777897667	0.0003804515209002466	0.0001789199739752765	0.00034880115750310044	0.00010721364002560874	6.947168824375573e-05	0.00014160201272442273	0.0003651045917271595	0.00015298707259236595	0.0005292335375292732	8.260428791349079e-05	0.00011823168394162938	0.0002960911612434087	0.00024311274777712025	0.765217351459167	0.0001964651983708861	1.9983127899472901	0.7797068269114852	0.00017084798318023667	1.9718429001321867	0.7363765747516968	0.00018500997021891227	1.7217605788620727	0.2899190911466842	1.461207519555826	0.5389926231445527	1.6769131798678811	1.8973054229805164	1.5690603497118536	0.00018410771725667832
W886A	missense	20	7	2	10	12	1	0	3	15	10	16	0	1	3	3	15	14	6.594648913453083e-05	2.3543468600370222e-05	1.157988188520477e-05	3.64080481645379e-05	3.3645372596620455e-05	3.2530904359141185e-05	1.291856138900372e-05	1.2252987431498142e-05	6.53851183470642e-05	3.622377069694535e-05	7.30209183454319e-05	1.2748922716030496e-05	2.646167687646366e-05	1.5018961438816506e-05	1.4331113205045985e-05	6.966850852786088e-05	2.8268924160130263e-05	0.6905252552613848	2.6294192811683336e-05	1.2818092594399408	0.7274321455316518	4.67206987052349e-05	1.5643321339900356	0.7183784523319837	3.182187683296341e-05	1.574342928306088	-0.4010819835180594	-0.11110017823393115	0.31714387352819634	1.3129218324655807	1.4734947739120214	0.6009108271158248	3.494558944996055e-05
W886D	missense	47	14	7	20	56	5	2	3	6	34	48	0	3	10	13	23	107	0.00015073483230749907	4.414400362569416e-05	3.087968502721272e-05	6.950627376866327e-05	0.0001475220183082589	9.759271307742355e-05	3.875568416701116e-05	1.2252987431498142e-05	2.860598927684059e-05	0.00011525745221755339	0.00021047205876036253	1.2748922716030496e-05	5.292335375292732e-05	4.1302143956745394e-05	5.0158896217660946e-05	0.0001045027627917913	0.0002035362539529379	0.7742716433208237	7.301299518245726e-05	2.0851684602975027	0.8573138545714524	9.164712192156366e-05	2.576833661719668	0.794288522990193	9.987501422978388e-05	2.1961013544914345	-0.40108198351805935	-0.11110017823393102	0.6181738691921775	1.806827315005937	2.286034492169535	0.8478635683860031	8.817837711126827e-05
W886Q	missense	46	66	28	20	47	6	11	39	23	23	32	6	3	20	27	22	56	0.00014759452330109283	0.0001971765495281006	0.00011193885822364612	6.950627376866327e-05	0.00012422906804906013	0.00011385816525699414	0.00015502273666804465	0.0001225298743149814	9.807767752059631e-05	7.903368152060803e-05	0.00014174648855289722	8.924245901221346e-05	5.292335375292732e-05	7.884954755378666e-05	0.00010031779243532189	0.0001001484810088	0.000107421911808495	0.5600515463296509	0.00012571268739236752	0.030205972789227382	0.6359330880758253	0.00011034693047727074	0.8510451273380321	0.6526504508355108	9.668443320160089e-05	1.0359830188447787	0.13403121817928987	1.1064993842933388	-0.22692417082207927	0.42025932756503176	0.639078039657346	0.7633793559291853	0.00011091468369041304
W886F	missense	190	197	133	94	80	24	15	105	53	89	52	17	8	80	102	59	124	0.00059979902022359	0.000582700847859163	0.0005172347242058131	0.00031443314323919094	0.00020963655233278896	0.0004066363044892648	0.00020669698222405952	0.00032470416693470075	0.0002206747744213417	0.0002963763057022801	0.00022765345131222885	0.0002294806088885489	0.00011907754594408647	0.0003041339691360342	0.0003690261650299341	0.00026125690697947825	0.00023557436800108553	0.5232458297788236	0.000406001316909239	-0.3228625203173238	0.5998166187638603	0.0002673521745926378	0.5694967813476112	0.5915117133548067	0.00029249785228663305	0.5352125036107679	-0.2938720138701909	0.13284598442425916	-0.284916117799766	0.32511086738486816	0.2606155882136851	0.22897842590456366	0.00032195044792950327
W886I	missense	79	35	42	35	46	12	6	51	56	55	49	20	7	38	69	47	61	0.00025122472051249844	0.00010594560870166599	0.00016597830702126838	0.0001191536121748513	0.0001216409624647047	0.0002114508783344177	9.042992972302605e-05	0.00015928883660947584	0.00023293448411141625	0.0001844119235480854	0.00021476740689832912	0.0002677273770366404	0.00010584670750585465	0.00014643487402846094	0.00025079448108830476	0.0002090055255835826	0.00011684488652853843	0.6250637207472549	0.0001281796225906226	0.653852313800017	0.6436240768414961	0.00019785066279182664	0.9110007433563502	0.602430063057766	0.00018076994180722168	0.6246416909239944	-0.368897300146658	-0.03786697025327451	-0.4030154298777605	0.13134314137833555	0.7298315826934538	0.04673808556253052	0.00016893340906322363
W886K	missense	30	13	18	53	51	9	12	16	5	41	47	7	13	7	11	31	88	9.734957919859315e-05	4.120107005064789e-05	7.333925193963022e-05	0.00017873041826227696	0.00013458149038648182	0.00016265452179570593	0.00016794129805704837	5.20751965838671e-05	2.4519419380149078e-05	0.00013830894266106405	0.00020617671062239594	0.00010199138172824396	0.00018523173813524564	3.003792287763301e-05	4.299333961513795e-05	0.00013933701705572175	0.0001677289500167729	0.7376359756130989	0.00010696305765975922	1.7337312053358689	0.7960167002202615	0.00010527006731186905	2.098987605605321	0.7925284372108705	9.50243073913164e-05	2.1816849779209244	0.013891364452758636	0.833132491315338	0.2591519265505096	1.2177733722854174	2.004801262954038	1.0254529318003778	0.00010241914412098156
W886E	missense	20	2	4	16	11	1	2	5	8	0	4	1	1	8	5	1	15	6.594648913453083e-05	8.828800725138832e-06	1.9299803142007953e-05	5.6266983527013114e-05	3.105726701226503e-05	3.2530904359141185e-05	3.875568416701116e-05	1.8379481147247212e-05	3.677912907022362e-05	3.293070063358668e-06	2.1476740689832912e-05	2.549784543206099e-05	2.646167687646366e-05	3.379266323733714e-05	2.1496669807568976e-05	8.70856356598261e-06	3.0153519104138947e-05	0.7372239244097627	2.886321360160623e-05	1.7297784960537728	0.5871625823372821	1.9982105242665605e-05	0.4708513961846345	0.5935273736178706	2.3537853928756917e-05	0.5517222202006761	0.07603927120160313	0.9745441848212235	0.01611387786421517	0.8190163499252244	0.9174507041463612	0.8967802673732239	2.412772425767625e-05
T887V	missense	251	164	111	155	175	25	34	190	142	240	135	34	28	190	201	170	423	0.00079135786961437	0.00048558403988263583	0.0004323155903809781	0.0005163323194243557	0.0004555065828465538	0.0004229017566688354	0.00045214964861513024	0.0005850801498540363	0.0005843794952268864	0.000793629885269439	0.0005841673467634552	0.00044621229506106735	0.0003836943147087231	0.0007171554087034882	0.0007237212168548223	0.000744582184891513	0.0007990682562596821	0.6245888556830842	0.00047243463313363085	0.6492970460767499	0.6351340378460769	0.0006368142192784542	0.8448160779643054	0.6361659027019314	0.0007461317666773765	0.9009626372927761	0.02904270852537957	0.867607944090576	-0.06555616858710443	0.6850187939253299	0.7983585871112772	0.7763133690079529	0.0006184602063631538
T887W	missense	145	309	211	106	158	30	29	238	202	138	88	70	18	246	191	136	373	0.00045848511493530965	0.0009123094082643461	0.0008183116532211372	0.0003541510139641414	0.0004115087879125117	0.0005042290175666884	0.0003875568416701116	0.000732115999032014	0.0008295736890283771	0.00045773673880685487	0.0003822859842790258	0.0009051735128381652	0.0002513859303264048	0.0009274208688469192	0.0006878934338422072	0.0005965366042698087	0.0007048385090592479	0.5265253787556672	0.0006240702158405341	-0.2914025862681044	0.5510253336388158	0.000600428102786568	0.18914106310046921	0.5924672290797194	0.0007291723540045458	0.5430388690477341	-0.11429242696868842	0.5414623776594336	-0.5563908699020311	-0.12030278031109178	0.146925781960033	0.21057979867417093	0.0006512235575438827
T887Y	missense	116	176	125	137	198	41	62	168	116	124	118	105	51	62	75	74	326	0.00036741615374952897	0.0005208992427831911	0.00048635503917860036	0.00045675551333693	0.0005150330112867284	0.0006831489915419649	0.0008138693675072344	0.0005176887189807965	0.00047812867791290704	0.0004116337579198335	0.0005111464284180233	0.0013513858078992324	0.0006880035987880552	0.00023654864266135997	0.00027229115089587373	0.00032657113372434784	0.0006162625466908397	0.6220188732038792	0.0004947607016463624	0.6246438148323561	0.6193890141141312	0.0004796493958078901	0.722074695050648	0.7277625802491231	0.00036291836849310533	1.651205728647212	0.07603927120160313	0.9745441848212235	-0.29318864376575593	0.311537981001743	0.9993080795100721	0.6430410829114832	0.000445776155315786
T887Q	missense	40	19	15	27	63	1	13	20	19	31	26	5	24	31	30	23	113	0.00012875266926265546	5.8858671500925554e-05	6.175937005442545e-05	9.267503169155101e-05	0.00016563875739874684	3.2530904359141185e-05	0.0001808598594460521	6.432818401536524e-05	8.173139793383026e-05	0.00010537824202747737	0.00011597439972509772	7.649353629618297e-05	0.00033077096095579576	0.00012015169151053205	0.00011106612733910638	0.0001045027627917913	0.00021484382361699	0.7408704188072881	9.473295766141221e-05	1.7647584503301101	0.6857578762022228	9.185305592544265e-05	1.2394575871811941	0.6880064868709141	0.00013764110131460493	1.3255745464367434	0.7450460521601787	2.4968059440884756	0.6359026361526091	1.8359152309165216	1.4432635279826826	2.1663605875024987	0.00010807570496715328
T887G	missense	213	336	289	320	528	68	122	566	496	444	271	65	223	422	409	286	636	0.0006720261273709333	0.0009917686147905955	0.001119388582236461	0.001062453041892424	0.0013691078541240168	0.001122316200390371	0.0015889830508474577	0.0017368609684148615	0.002031025238655682	0.0014654161781946073	0.0011683346935269104	0.0008414288992580127	0.00296370781016393	0.0015882551721548455	0.0014689391035172135	0.0012496788717185044	0.0012004869793335318	0.6545825691699468	0.0011356795232608744	0.9370196124572214	0.5806522054989431	0.0016004092696980153	0.4200993192090083	0.5936200652751522	0.0013768400316810237	0.5524814319686567	0.15100403284806446	1.1451194214182026	0.5468179606565093	1.6897523558820824	0.6365334545449621	1.4174358886501426	0.0013709762748799713
T887D	missense	88	17	26	214	463	26	68	51	48	169	193	91	72	38	51	102	378	0.0002794875015701545	5.2972804350832996e-05	0.00010421893696684294	0.0007116118504886953	0.0012008809911409147	0.000439167208848406	0.0008913807358412567	0.00015928883660947584	0.00020024192493788413	0.0005598219107709736	0.000833297538765517	0.0011729008898748055	0.0009658512059909236	0.00014643487402846094	0.0001863044716655978	0.0004484910236481044	0.0007142614837792914	0.8696699793817857	0.0005174211457368215	3.0003020296005873	0.7948574876235865	0.00043816255277096265	2.0899508864723972	0.7892993220869254	0.0003738729632803636	2.1552361876612585	0.3074333387241899	1.5010595361398356	-0.08435108936088417	0.6541816197307578	2.415163034578081	1.0776205779352968	0.0004431522205960493
T887T	silent	117	83	62	58	91	17	17	149	76	90	84	12	6	74	78	79	192	0.0003705564627559352	0.0002472064203038873	0.00024317751958930018	0.00019527953106433964	0.0002381057137606986	0.00029277813923227067	0.00023253410500206697	0.00045948702868118033	0.0003146658820452465	0.0002996693757656388	0.0003651045917271595	0.00016573599530839644	9.261586906762282e-05	0.00028160552697780946	0.0002830394857996582	0.00034834254263930433	0.00036372682419367607	0.6148242833006135	0.00023094229617955645	0.5556278234670545	0.5991001591485798	0.00035973171955480627	0.5639115726189076	0.6555145529674324	0.000319178594902612	1.059442088485167	-0.10005198785407812	0.5738651522146996	-0.25273143442836477	0.3779168727661536	0.7263271615237098	0.4758910124904266	0.00030328420354565827
T887L	missense	339	235	186	307	628	67	82	370	304	399	309	44	84	257	371	313	773	0.0010677050621781183	0.0006945323237109215	0.0007218126375110974	0.0010194253486070612	0.0016279184125595587	0.0011060507482108003	0.0010722405952873087	0.0011364645842714526	0.0012464038184909114	0.0013172280253434673	0.0013315579227696406	0.0005737015222213723	0.0011246212672497056	0.0009687230128036646	0.0013327935280692765	0.0013672444798592696	0.0014586764866627215	0.720288147950866	0.0010159221805971597	1.5673176167587155	0.6412994160715989	0.001257913587718868	0.8928786952375283	0.6616730791744805	0.001281859376848733	1.1098848759692714	-0.013482808184240599	0.7708451462794973	0.2923202898031642	1.2721933194446442	1.1900270626551717	1.0215192328620708	0.0011852317150549201
T887S	missense	269	305	233	281	297	28	41	353	190	280	234	43	34	249	216	183	597	0.0008478834317296822	0.0009005376739641609	0.0009032307870459721	0.0009333699620363352	0.0007712554641379149	0.0004716981132075472	0.0005425795783381563	0.0010843893876875856	0.000780534850268079	0.0009253526878037857	0.0010094068124221467	0.0005609525995053418	0.0004630793453381141	0.0009386850899260317	0.0007774628913737447	0.0008011878480704	0.001126987776517193	0.6122552987923111	0.0008770984717960959	0.5309841655203926	0.6223639290207428	0.0009499209345453993	0.745265842673189	0.6451900640601458	0.0009110809014718424	0.9748770509545583	0.06079930464486623	0.9398670799515362	-0.08327075427169667	0.6559541454963499	0.7503756863827133	0.797910612723943	0.0009127001026044459
T887C	missense	154	733	610	251	121	76	22	447	346	225	91	145	18	225	272	168	251	0.0004867478959929657	0.002160113244083968	0.0023584359439533715	0.0008340752852239591	0.00031574888129136115	0.0012524398178269357	0.0002971269119470856	0.0013723345923277919	0.001418039754151955	0.000744233834319059	0.00039517202869292553	0.0018613427165404524	0.0002513859303264048	0.0008485713212931326	0.0009780984762443885	0.0007358736213255305	0.0004749179258901884	0.46936774658114866	0.001417093338638165	-0.8397021699354182	0.5103213978090458	0.0009824450523729328	-0.12816918417708914	0.5689011362448122	0.00075936533618831	0.3500155104166607	-0.6248148770089671	-0.6201832514479683	-0.8694853769673929	-0.6340027298851049	-0.20595194789861557	-0.6270929906665366	0.0010529679090664692
T887I	missense	126	32	43	33	46	4	13	119	69	61	57	16	16	67	95	48	131	0.00039881924381359124	9.711680797652717e-05	0.00016983826764966996	0.00011253396705402623	0.0001216409624647047	8.132726089785297e-05	0.0001808598594460521	0.00036758962294494425	0.00028605989276840593	0.00020417034392823742	0.0002491301920020618	0.00021673168617251842	0.00022492425344994112	0.0002553223444598806	0.0003439467169211036	0.00021335980736657392	0.00024876653260914633	0.6290578698895172	0.000125282501286232	0.692167237432978	0.5756224511869866	0.0002767375129109123	0.38088953391583735	0.6073046217137043	0.00026534885033917613	0.6645678547647672	0.3471060434881411	1.5913310297446248	0.01611387786421517	0.8190163499252244	0.5792082087045275	1.2051736898349246	0.0002224562881787735
T887N	missense	61	29	17	95	191	19	19	19	20	142	133	22	91	21	40	43	152	0.0001946991583971863	8.828800725138832e-05	6.947929131122863e-05	0.00031774296579960347	0.0004969162721962405	0.00032530904359141186	0.0002583712277800744	6.12649371574907e-05	8.581796783052178e-05	0.0004709090190602895	0.000575576650487522	0.0002932252224687014	0.0012172371363173284	8.260428791349079e-05	0.00014689391035172135	0.0001915883984516174	0.0002883430264333287	0.8144935521993424	0.00024310663413961524	2.471007674648796	0.8269182467133975	0.000298392143633956	2.3398826728539417	0.7416272668316722	0.0001773574057875396	1.7647675477098395	-0.10005198785407819	0.5738651522146992	0.6181738691921775	1.806827315005937	2.1918859650708593	1.190346233610318	0.0002396187278537036
T887R	missense	212	297	213	304	627	57	111	332	260	396	296	94	71	238	187	237	786	0.0006688858183645271	0.0008769942053637907	0.0008260315744779403	0.0010094958809258236	0.0016253303069752034	0.0009433962264150943	0.0014468788755684168	0.0010200612036722204	0.001066594743036485	0.0013073488151533912	0.001275718396976075	0.0012111476580228971	0.0009526203675526918	0.0008973829459692863	0.0006735623206371613	0.0010363190643519304	0.0014831762209348346	0.6949791230008767	0.0010844629919356894	1.3245341543379037	0.6519749837878824	0.0011674307897095429	0.976100795578123	0.6897893711482415	0.001022610137973303	1.3401776592086028	0.18573804125316623	1.2241533777936426	-0.10427723099336417	0.6214884305472353	1.213604203041543	0.9228209041704389	0.0010915013065395118
T887M	missense	96	91	87	90	150	14	47	100	88	150	93	24	29	91	105	108	277	0.0003046099736214043	0.0002707498889042575	0.0003396765352993399	0.0003011938529975408	0.0003908039432376683	0.00024398178269355888	0.0006200909466721786	0.0003093879326453281	0.00036370472080554466	0.0004972535795671588	0.0004037627249688587	0.0003187230679007624	0.00039692515314695493	0.0003454361130927796	0.0003797744999337186	0.00047461671434605217	0.0005239173944344142	0.6558731475169871	0.0003256060551097016	0.9493998238734617	0.658088023673492	0.00039352723949672255	1.0237554058308658	0.6707061630460369	0.00043093618045174115	1.183872371473885	0.4050979904658278	1.7232862292167401	0.09529512391183992	0.9489304850632803	1.0523425337260708	1.3361083571400103	0.00038335649168605505
T887F	missense	193	76	77	167	80	26	34	132	94	187	79	35	20	95	139	106	192	0.0006092199472428086	0.00022660588527856338	0.00030107692901532404	0.0005560501901493061	0.00020963655233278896	0.000439167208848406	0.00045214964861513024	0.00040741183209731325	0.00038822414018569373	0.0006190971719114296	0.0003436278510373266	0.0004589612177770978	0.00027784760720286846	0.00036045507453159615	0.0005015889621766095	0.0004659081507800696	0.00036372682419367607	0.644722250035533	0.0003233423891939956	0.8424319140074559	0.627809511858838	0.0004395902488079408	0.7877172469833996	0.6230887654933588	0.0004229197529204878	0.7938514176705265	0.012652292337210179	0.8303130997154932	-0.2179693281691528	0.4349517035583647	0.8080001928871274	0.6326324016369289	0.00039528413030747475
T887E	missense	62	123	132	160	66	17	22	109	71	119	43	16	24	50	73	57	160	0.0001978394674035925	0.0003649237633057384	0.0005133747635774115	0.0005328814322264183	0.0001734030741518131	0.00029277813923227067	0.0002971269119470856	0.0003369571543661989	0.00029423303256178896	0.0003951684076030402	0.00018899531807052962	0.00021673168617251842	0.00033077096095579576	0.00019149175834491045	0.0002651255942933507	0.0002525483434134957	0.00030341978598539816	0.5812143962195565	0.00039614575831534534	0.23321616307177878	0.5897273388547739	0.00030383847815038936	0.49084512672154323	0.6648987095133156	0.0002531463705092887	1.1363051233164256	0.006403343060208703	0.816094205691205	0.18360496515797886	1.0938220752104058	0.6201221377032492	0.9549581404508054	0.0003177102023250078
T887_	nonsense	103	627	533	493	103	145	65	800	568	258	53	330	38	414	490	145	201	0.00032659213666624793	0.0018481622851290623	0.0020612189755664493	0.001635052344843793	0.00026916298077296364	0.0023747560182173066	0.0008526250516742456	0.002453660733157503	0.002325258271217471	0.000852905146409895	0.00023194879945019544	0.004219893419006094	0.0005160026990910413	0.0015582172492772126	0.0017591441459193947	0.0006357251403167304	0.0003806881786897542	0.5139851474226108	0.0014533991465780671	-0.4116980456393538	0.4515304396377744	0.001465943237558766	-0.5864780207728589	0.4907058071654631	0.001083443678550773	-0.2904608364218272	-0.4448609080966466	-0.21071498729810853	-0.9126495088850044	-0.7048229196013497	-0.4295456342780133	-0.4577689534497291	0.0013342620208958687
T887A	missense	129	108	113	189	381	25	69	197	233	259	158	23	44	152	196	135	401	0.00040824017083280996	0.0003207797596800443	0.0004400355116377813	0.0006288662864783819	0.0009886563332237703	0.0004229017566688354	0.0009042992972302605	0.000606522877859158	0.0009562573558258141	0.0008561982164732537	0.0006829603539366865	0.0003059741451847319	0.0005953877297204324	0.0005744752750347314	0.0007058073253485148	0.0005921823224868174	0.000757607167491491	0.7402307092145093	0.0005945844727549944	1.758621868214223	0.6302085686180122	0.0007754847010237281	0.8064192539998735	0.6457109662557137	0.0006575180225903887	0.9791436169912447	0.33007270418936074	1.5525732745392065	0.2891151499279528	1.266934587160561	1.1813949130684471	1.4097539308498837	0.0006758623987897037
T887K	missense	49	135	72	49	64	18	19	80	58	59	29	26	13	57	58	28	94	0.00015701545032031152	0.00040023896620629376	0.0002817771258733161	0.00016549112802062682	0.00016822686298310227	0.00030904359141184127	0.0002583712277800744	0.0002481229954878374	0.00024110762390479928	0.0001975842038015201	0.00012886044413899745	0.0003442209133328234	0.00018523173813524564	0.00021777494086283933	0.00021138391977442827	0.00012627417170674784	0.000179036519680825	0.5250326068294867	0.00025393352077083474	-0.3057223926438467	0.5635001773650249	0.00020391881683328854	0.2863895396130827	0.5907363244230657	0.0001836173880062101	0.5288615069946333	-0.07777559314292595	0.6245529849367268	-0.26912185061653415	0.3510248137253286	0.16984288465462308	0.48778889933102776	0.00021382324187011113
T887P	missense	102	77	96	88	122	17	21	151	119	125	62	6	31	104	106	82	277	0.00032345182765984175	0.00022954881885360967	0.0003744161809549543	0.0002945742078767157	0.00031833698687571657	0.00029277813923227067	0.00028420835055808184	0.0004656135223969294	0.0004903883876029815	0.0004149268279831922	0.0002706069326918947	8.924245901221346e-05	0.0004233868300234186	0.00039424773776893326	0.0003833572782349801	0.00036140538798827825	0.0005239173944344142	0.6441599741023133	0.00030421904864024905	0.837038134587952	0.5747055302746403	0.0004103839176687494	0.37374161577231046	0.65259117684612	0.00041573194960665147	1.035497521966199	-0.012901812135178013	0.7721671479287273	0.6761658161698643	1.9019757751861004	0.7487590907754872	1.337071461557414	0.00037677830530521663
T887H	missense	54	23	11	17	39	2	3	11	15	40	32	5	7	15	35	32	120	0.00017271699535234268	7.063040580111066e-05	4.631952754081908e-05	5.957680608742565e-05	0.00010352422337421678	4.8796356538711774e-05	5.167424555601488e-05	3.6758962294494424e-05	6.53851183470642e-05	0.00013501587259770538	0.00014174648855289722	7.649353629618297e-05	0.00010584670750585465	6.007584575526602e-05	0.00012898001884541387	0.00014369129883871304	0.0002280359882250508	0.6749635540194692	7.001274070089304e-05	1.1325295571939598	0.7518760868800456	9.47266104480403e-05	1.7548865095210664	0.7405954190722914	0.00014019578791611093	1.7563159676576463	0.024886748754221824	0.8581514500568059	0.14105261447251513	1.0240056462788847	1.5479106781242242	0.9410785481678453	0.00010164504635501476
F888_	nonsense	12	1	7	2	6	1	6	18	9	9	8	0	0	18	9	17	17	4.082401708328099e-05	5.885867150092556e-06	3.087968502721272e-05	9.929467681237608e-06	1.8116739090487936e-05	3.2530904359141185e-05	9.042992972302605e-05	5.8201690299616175e-05	4.086569896691513e-05	3.293070063358668e-05	3.865813324169924e-05	1.2748922716030496e-05	1.323083843823183e-05	7.134006683437841e-05	3.582778301261496e-05	7.837707209384348e-05	3.392270899215632e-05	0.6553617714024532	1.6202939737257708e-05	0.9444943143198077	0.576242863956562	4.26640557854543e-05	0.3857260030511914	0.5853000769697109	5.4866907733248295e-05	0.48433470532465694	0.4440160564961975	1.8118406136398448	0.01611387786421517	0.8190163499252244	0.6048516742318854	1.3154284817825346	3.7911301085320104e-05
F888Q	missense	8	4	2	35	145	10	9	2	2	39	39	19	71	3	5	14	52	2.8262781057656074e-05	1.4714667875231389e-05	1.157988188520477e-05	0.0001191536121748513	0.00037786341531589125	0.0001789199739752765	0.0001291856138900372	9.189740573623606e-06	1.2259709690074539e-05	0.00013172280253434673	0.0001718139255186633	0.0002549784543206099	0.0009526203675526918	1.5018961438816506e-05	2.1496669807568976e-05	6.531422674486956e-05	9.988353203246026e-05	0.9109243003229702	0.0001308278943127947	3.3960449275475275	0.8586005683476813	8.124654457917704e-05	2.5868643248039005	0.8099228183879784	5.042834750592883e-05	2.3241575506819543	-0.14144467301230315	0.4796800056314742	0.5724163786315024	1.731752153790333	2.7690222676777942	1.1057160797109036	8.750092879930018e-05
F888M	missense	12	59	39	48	5	10	4	110	96	36	15	10	4	113	109	22	36	4.082401708328099e-05	0.00017657601450277665	0.00015439842513606362	0.0001621813054602143	1.5528633506132516e-05	0.0001789199739752765	6.45928069450186e-05	0.00034002040122407346	0.00039639727997907675	0.00012184359234427071	6.872557020746531e-05	0.00014023814987633546	6.615419219115915e-05	0.00042804040100627043	0.0003941056131387646	0.0001001484810088	6.973001292832132e-05	0.5081890454427712	0.00012717109465129676	-0.4672986746635934	0.4782290145192672	0.00023174671093872154	-0.37834749911925375	0.45251329664598816	0.00024800612702053905	-0.6032851432200182	-0.4424746686762843	-0.20528532481715614	-0.32630880295799114	0.25719712313615706	-0.48297710566762175	0.02595589915950046	0.00020230797753685245
F888S	missense	48	96	96	82	61	14	12	141	96	74	46	2	6	104	122	53	87	0.00015387514131390528	0.0002854645567794889	0.0003744161809549543	0.00027471527251424053	0.000160462546230036	0.00024398178269355888	0.00016794129805704837	0.00043498105381818404	0.00039639727997907675	0.00024698025475190013	0.00020188136248442935	3.824676814809149e-05	9.261586906762282e-05	0.00039424773776893326	0.00044068173105516405	0.00023513121628153044	0.00016584435507276422	0.5708126077732837	0.00027376463911967994	0.1334342781771583	0.5421331028078722	0.00032005998775839757	0.11982108442282528	0.5349080598929381	0.000308976260044598	0.07158760921098756	-0.16219989460292264	0.43245345870881396	0.3840906631588095	1.4227626686390773	0.10828099060365705	0.9276080636739457	0.00030093362897422516
F888R	missense	25	6	15	21	49	0	0	11	3	11	8	0	0	4	13	22	46	8.164803416656198e-05	2.0600535025323943e-05	6.175937005442545e-05	7.28160963290758e-05	0.00012940527921777097	1.6265452179570593e-05	1.291856138900372e-05	3.6758962294494424e-05	1.634627958676605e-05	3.9516840760304014e-05	3.865813324169924e-05	1.2748922716030496e-05	1.323083843823183e-05	1.877370179852063e-05	5.0158896217660946e-05	0.0001001484810088	8.857596236840816e-05	0.7732313585897769	7.114532015664905e-05	2.075189256064779	0.652487075852334	3.282005397081593e-05	0.9800928434301924	0.7508438179575871	6.441426034834742e-05	1.8402577728303968	-0.10005198785407819	0.5738651522146992	0.01611387786421517	0.8190163499252244	1.6318466241084562	0.6964407510699618	5.61265448252708e-05
F888F	silent	21	5	6	16	39	0	5	11	1	14	20	0	6	19	21	21	47	6.908679814093707e-05	1.7657601450277664e-05	2.7019724398811132e-05	5.6266983527013114e-05	0.00010352422337421678	1.6265452179570593e-05	7.751136833402232e-05	3.6758962294494424e-05	8.173139793383025e-06	4.939605095038002e-05	9.020231089729822e-05	1.2748922716030496e-05	9.261586906762282e-05	7.509480719408253e-05	7.882112262775292e-05	9.57941992258087e-05	9.046055731241685e-05	0.8003614119992091	5.111713318757968e-05	2.335441411784681	0.7615309504097637	4.613261598388892e-05	1.8301516422801767	0.6481759854251156	8.504267159001525e-05	0.9993339082924462	0.6780992625295655	2.344474845718484	0.8612119178784721	2.20558433736613	1.721642320785768	2.275029591542307	6.0764140253827943e-05
F888Y	missense	4	0	4	10	32	2	5	1	6	11	16	1	1	10	13	14	63	1.5701545032031152e-05	2.942933575046278e-06	1.9299803142007953e-05	3.64080481645379e-05	8.540748428372885e-05	4.8796356538711774e-05	7.751136833402232e-05	6.126493715749071e-06	2.860598927684059e-05	3.9516840760304014e-05	7.30209183454319e-05	2.549784543206099e-05	2.646167687646366e-05	4.1302143956745394e-05	5.0158896217660946e-05	6.531422674486956e-05	0.00012061407641655579	0.8545094709601812	3.601456729133024e-05	2.8548708747485083	0.8045968098830519	3.681756052458139e-05	2.16587442289382	0.7390504916586799	6.934733583395793e-05	1.7436618938446635	0.20097800780990308	1.2588304826633299	0.01611387786421517	0.8190163499252244	2.2548023971623308	1.038923416294277	4.7393154549956524e-05
F888A	missense	9	2	7	3	4	0	2	7	16	12	2	0	0	8	14	8	15	3.1403090064062305e-05	8.828800725138832e-06	3.087968502721272e-05	1.3239290241650144e-05	1.2940527921777098e-05	1.6265452179570593e-05	3.875568416701116e-05	2.4505974862996284e-05	6.947168824375573e-05	4.2809910823662684e-05	1.2886044413899746e-05	1.2748922716030496e-05	1.323083843823183e-05	3.379266323733714e-05	5.3741674518922446e-05	3.918853604692174e-05	3.0153519104138947e-05	0.614935214445592	1.64720759789447e-05	0.5566919595814014	0.5736202299310221	3.741840458607861e-05	0.365281084539062	0.6047049046070918	3.921909822683007e-05	0.6432742898567273	0.37706926686558434	1.659509515269854	0.01611387786421517	0.8190163499252244	0.5217491113257302	1.2392629325975393	3.103652626395113e-05
F888T	missense	20	7	5	9	4	1	2	1	7	13	11	2	3	15	8	23	35	6.594648913453083e-05	2.3543468600370222e-05	2.315976377040954e-05	3.309822560412536e-05	1.2940527921777098e-05	3.2530904359141185e-05	3.875568416701116e-05	6.126493715749071e-06	3.26925591735321e-05	4.610298088702135e-05	5.1544177655598985e-05	3.824676814809149e-05	5.292335375292732e-05	6.007584575526602e-05	3.2245004711353466e-05	0.0001045027627917913	6.784541798431263e-05	0.5955225740119099	2.3185496474170558e-05	0.370471112728051	0.7620883971595077	3.411655285797538e-05	1.8344972556072292	0.6701348965530914	6.616725781068085e-05	1.179193285385486	0.07603927120160313	0.9745441848212235	0.14105261447251513	1.0240056462788847	1.1280538845735888	0.9992749155500541	4.11564357142756e-05
F888W	missense	18	23	30	48	67	4	6	18	15	21	22	8	3	13	17	25	71	5.966587112171838e-05	7.063040580111066e-05	0.0001196587794804493	0.0001621813054602143	0.0001759911797361685	8.132726089785297e-05	9.042992972302605e-05	5.8201690299616175e-05	6.53851183470642e-05	7.24475413938907e-05	9.879300717323138e-05	0.00011474030444427445	5.292335375292732e-05	5.256636503585777e-05	6.449000942270693e-05	0.00011321132635777392	0.00013569083596862527	0.7098228139849327	0.00013211541761948568	1.4669261547936632	0.679623651145034	7.370683930345061e-05	1.1916378265100602	0.7268198442480005	9.148963419624098e-05	1.643484038398688	0.0460760478241599	0.9063656992959943	-0.33606864024714733	0.24118397755183207	1.4340160065674705	0.5737748384239132	9.910396370639243e-05
F888C	missense	25	11	9	19	15	0	0	42	42	7	11	0	0	47	11	21	23	8.164803416656198e-05	3.531520290055533e-05	3.8599606284015906e-05	6.619645120825072e-05	4.140968934968671e-05	1.6265452179570593e-05	1.291856138900372e-05	0.00013171961488860502	0.00017572250555773506	2.6344560506869343e-05	5.1544177655598985e-05	1.2748922716030496e-05	1.323083843823183e-05	0.00018022753726579807	4.299333961513795e-05	9.57941992258087e-05	4.5230278656208424e-05	0.6565943588995591	4.5380237435627165e-05	0.956318233292399	0.4985164054348038	9.63327146522021e-05	-0.22019578978707552	0.5041367852696089	9.106133869073828e-05	-0.18045140373714733	-0.10005198785407819	0.5738651522146992	0.01611387786421517	0.8190163499252244	0.18522367992272537	0.6964407510699618	7.759143025952252e-05
F888D	missense	1	13	14	14	3	7	2	69	52	19	1	3	0	39	60	11	7	6.280618012812461e-06	4.120107005064789e-05	5.7899409426023855e-05	4.964733840618804e-05	1.0352422337421678e-05	0.00013012361743656474	3.875568416701116e-05	0.00021442728005121748	0.00021658820452465018	6.586140126717336e-05	8.590696275933164e-06	5.099569086412198e-05	1.323083843823183e-05	0.00015018961438816505	0.00021854947637695127	5.225138139589565e-05	1.5076759552069474e-05	0.5458062052420891	3.9775060055070364e-05	-0.10644619928922204	0.4350183419867403	0.00012636689552974356	-0.71519917959723	0.46113861065538014	0.00010901680792827036	-0.5326375780506922	-0.5260207201263593	-0.3953864760760374	-0.5859461134637473	-0.16879461515548824	-0.4514276523123814	-0.2820905456157628	9.171958783769477e-05
F888V	missense	17	1	0	4	4	0	0	1	3	2	8	0	0	7	5	8	23	5.652556211531215e-05	5.885867150092556e-06	3.85996062840159e-06	1.654911280206268e-05	1.2940527921777098e-05	1.6265452179570593e-05	1.291856138900372e-05	6.126493715749071e-06	1.634627958676605e-05	9.879210190076004e-06	3.865813324169924e-05	1.2748922716030496e-05	1.323083843823183e-05	3.003792287763301e-05	2.1496669807568976e-05	3.918853604692174e-05	4.5230278656208424e-05	0.7328524603532546	9.808867125583481e-06	1.6878440801059305	0.7854134969988638	1.775252918357259e-05	2.0163296275123233	0.6831715225003152	3.398835184708304e-05	1.2859726884532177	-0.10005198785407819	0.5738651522146992	0.01611387786421517	0.8190163499252244	1.663382132023824	0.6964407510699618	2.0516582718746372e-05
F888L	missense	39	24	26	70	185	5	23	54	19	91	74	0	10	41	32	57	211	0.00012561236025624922	7.357333937615695e-05	0.00010421893696684294	0.00023499740178929007	0.000481387638690108	9.759271307742355e-05	0.0003100454733360893	0.00016847857718309945	8.173139793383026e-05	0.00030296244582899746	0.0003221511103474937	1.2748922716030496e-05	0.00014553922282055013	0.00015769909510757332	0.00011823168394162938	0.0002525483434134957	0.00039953412812984105	0.8143110764060677	0.0002235443292055995	2.4692572277237663	0.7224280684509056	0.0002188308828233552	1.5253225172657916	0.7408148547434089	0.00023200331264813486	1.75811330464258	0.5020080034738843	1.9437958131119604	1.0575065630224403	2.5276485928436445	1.9175643498773793	2.2357222029778026	0.00022479284155902985
F888G	missense	28	4	7	26	15	3	5	16	20	38	11	6	0	19	23	38	30	9.106896118578068e-05	1.4714667875231389e-05	3.087968502721272e-05	8.936520913113848e-05	4.140968934968671e-05	6.506180871828237e-05	7.751136833402232e-05	5.20751965838671e-05	8.581796783052178e-05	0.00012842973247098805	5.1544177655598985e-05	8.924245901221346e-05	1.323083843823183e-05	7.509480719408253e-05	8.59866792302759e-05	0.00016981698953666088	5.8422443264269213e-05	0.7232105635197734	4.4092312845817324e-05	1.5953516548875577	0.6411304485195959	7.946676863524398e-05	0.8915614974134115	0.6358564736850739	9.733022980632214e-05	0.8984281896645604	0.07603927120160313	0.9745441848212235	-0.8289841621500417	-0.5675516375156809	1.12844711398851	0.2034962736527713	7.362977042912781e-05
F888K	missense	11	30	13	7	3	2	1	21	22	16	11	3	0	12	12	8	25	3.768370807687477e-05	9.12309408264346e-05	5.4039448797622264e-05	2.647858048330029e-05	1.0352422337421678e-05	4.8796356538711774e-05	2.583712277800744e-05	6.739143087323978e-05	9.39911076239048e-05	5.5982191077097355e-05	5.1544177655598985e-05	5.099569086412198e-05	1.323083843823183e-05	4.881162467615364e-05	4.657611791639945e-05	3.918853604692174e-05	4.899946854422579e-05	0.43952885933910685	4.5525348111194705e-05	-1.1259395249390987	0.5852325016485006	6.722722680746022e-05	0.4558053234121095	0.620353382479745	4.589393679592516e-05	0.7714466507823969	-0.2761432469097594	0.17318611960817545	-0.5859461134637473	-0.16879461515548824	0.033770816418469275	0.002195752226343606	5.288217057152669e-05
F888E	missense	12	0	4	5	12	0	1	10	2	5	5	0	0	3	20	7	29	4.082401708328099e-05	2.942933575046278e-06	1.9299803142007953e-05	1.9858935362475217e-05	3.3645372596620455e-05	1.6265452179570593e-05	2.583712277800744e-05	3.369571543661989e-05	1.2259709690074539e-05	1.9758420380152007e-05	2.5772088827799493e-05	1.2748922716030496e-05	1.323083843823183e-05	1.5018961438816506e-05	7.523834432649142e-05	3.483425426393044e-05	5.6537848320260525e-05	0.7779208988967447	1.8936761169037478e-05	2.1201749019020784	0.6027668429924131	2.2871483583661482e-05	0.5924954511421345	0.6829150227835359	4.5407352087374725e-05	1.283871770105509	0.200978007809903	1.2588304826633299	0.01611387786421517	0.8190163499252244	1.3321807077165737	1.038923416294277	2.9071865613357895e-05
F888N	missense	14	0	1	0	0	1	0	0	0	16	14	1	9	7	3	10	25	4.7104635096093454e-05	2.942933575046278e-06	7.71992125680318e-06	3.309822560412536e-06	2.5881055843554194e-06	3.2530904359141185e-05	1.291856138900372e-05	3.0632468578745355e-06	4.086569896691513e-06	5.5982191077097355e-05	6.443022206949873e-05	2.549784543206099e-05	0.0001323083843823183	3.003792287763301e-05	1.4331113205045985e-05	4.789709961290435e-05	4.899946854422579e-05	0.5836781111422018	4.1401957441543535e-06	0.2568499948973664	0.8562562925151643	3.1890557475290534e-05	2.5685893661558303	0.7050359577039096	3.531640105995228e-05	1.4650582393391878	-0.4010819835180594	-0.11110017823393115	0.715083882200234	1.9658293660545776	1.4301658667974613	0.9273645939103232	2.378238475979906e-05
F888P	missense	19	31	12	51	174	8	20	23	12	65	41	13	10	25	28	47	175	6.280618012812461e-05	9.417387440148089e-05	5.017948816922067e-05	0.00017211077314145188	0.00045291847726219837	0.00014638906961613534	0.00027128978916907815	7.351792458898885e-05	5.312540865698967e-05	0.0002173426241816721	0.00018040462179459645	0.00017848491802442692	0.00014553922282055013	9.762324935230729e-05	0.00010390057073658339	0.0002090055255835826	0.00033168871014552844	0.8196634017570276	0.00019234565324358795	2.520600812997259	0.7405811446547759	0.00013109764480556175	1.666836033874807	0.7609609435021311	0.00018555451395450042	1.9231243543201997	0.2679247974405162	1.411161581033321	-0.08862147265579781	0.6471751228623831	2.036853733730755	1.029168351947852	0.00016966593733455
F888H	missense	7	0	0	0	7	0	1	0	1	14	9	0	1	2	1	1	8	2.5122472051249842e-05	2.942933575046278e-06	3.85996062840159e-06	3.309822560412536e-06	2.0704844674843356e-05	1.6265452179570593e-05	2.583712277800744e-05	3.0632468578745355e-06	8.173139793383025e-06	4.939605095038002e-05	4.2953481379665825e-05	1.2748922716030496e-05	2.646167687646366e-05	1.126422107911238e-05	7.165556602522992e-06	8.70856356598261e-06	1.696135449607816e-05	0.838902369174689	7.70439035967594e-06	2.705155655876063	0.8191547851105746	2.5896479745325853e-05	2.2793620899986617	0.6778189789637626	1.1024923935924035e-05	1.2421314824509206	0.200978007809903	1.2588304826633299	0.31714387352819634	1.3129218324655807	2.075549742775215	1.2858761575644553	1.4875264680308609e-05
F888I	missense	13	0	1	18	70	2	17	0	1	35	25	3	19	12	9	21	109	4.396432608968722e-05	2.942933575046278e-06	7.71992125680318e-06	6.288662864783819e-05	0.00018375549648923478	4.8796356538711774e-05	0.00023253410500206697	3.0632468578745355e-06	8.173139793383025e-06	0.00011855052228091205	0.00011167905158713113	5.099569086412198e-05	0.0002646167687646366	4.881162467615364e-05	3.582778301261496e-05	9.57941992258087e-05	0.00020730544384095528	0.9153190973051608	6.432624499223061e-05	3.4382031707070775	0.8508210617643303	6.0366490129825185e-05	2.5262186622324916	0.7976186312238369	9.693476268888315e-05	2.223377351423383	0.6780992625295655	2.344474845718484	0.715083882200234	1.9658293660545776	2.7292663947876505	2.155152105886531	7.387583260364631e-05
G889G	silent	257	427	285	412	464	64	90	399	294	402	226	80	109	331	322	265	507	0.0008101997236528074	0.0012595755701198068	0.0011039487397228548	0.0013669567174503774	0.00120346909672527	0.0010572543916720885	0.0011755890863993385	0.0012252987431498141	0.0012055381195239963	0.0013271072355335433	0.0009750440273184141	0.0010326627399984702	0.0014553922282055014	0.00124657379942177	0.0011572373913074632	0.001158238954275687	0.0009573742315564116	0.6273989033929166	0.0012334875310045772	0.6762531660343096	0.6083827221092288	0.001183247031381442	0.6362744114542322	0.6010313186917619	0.001129856094140333	0.6131849620854957	0.04607604782415982	0.9063656992959941	0.14902154414379037	1.037080416605144	0.6419041798580125	0.971723057950569	0.001182196885508784
G889V	missense	335	296	202	251	386	43	77	298	219	297	272	72	94	217	256	292	717	0.0010551438261524933	0.0008740512717887444	0.0007835720075655228	0.0008340752852239591	0.0010015968611455472	0.000715679895901106	0.0010076477883422903	0.0009159108105044861	0.0008990453772721328	0.0009813348788808832	0.0011726300416648769	0.0009306713582702262	0.001256929651632024	0.0008185333984154996	0.0009207740234242045	0.0012758045624164521	0.0013531391697982353	0.6404989770740297	0.0008733238564309434	0.8019190600208628	0.6518475730502188	0.0009922302770805948	0.9751075566726043	0.6810535493512762	0.001092062788513598	1.2686249552680038	0.14858993835021492	1.139626377338637	0.13051462303260702	1.0067157687846042	1.0152171906538237	1.0731710730616206	0.000985872307341712
G889I	missense	162	297	174	220	237	41	55	188	123	221	122	32	68	151	157	116	261	0.0005118703680442155	0.0008769942053637907	0.0006754931099702783	0.0007314707858511705	0.0006159691290765898	0.0006831489915419649	0.0007234394377842084	0.0005789536561382873	0.0005067346671897476	0.0007310615540656243	0.0005283278209698896	0.0004207144496290064	0.0009129278522379963	0.0005707205346750273	0.0005660789715993164	0.0005094509686099826	0.0004937638753302753	0.5936588017884907	0.0007249818075654574	0.35259238865789955	0.6288617793677603	0.0005862694245908872	0.7959202685500283	0.6082070062407081	0.0005350035875536504	0.6719590372318495	0.024886748754221824	0.8581514500568059	0.336449028723583	1.3445961577143413	0.6068238981465924	1.1013738038855736	0.000615418273236665
G889L	missense	390	435	305	445	547	91	82	666	403	521	328	147	130	362	388	313	837	0.001227860821504836	0.0012831190387201771	0.0011811479522908866	0.0014761808619439911	0.0014182818602267698	0.0014964216005204944	0.0010722405952873087	0.002043185654202315	0.0016509742382633712	0.0017189825730732247	0.0014131695373910055	0.0018868405619725133	0.0017332398354083698	0.0013629707505725978	0.0013937007591907221	0.0013672444798592696	0.0015792905630792773	0.6413406584131702	0.0013396824282954562	0.8099931091071201	0.5916357175213711	0.001706578000732479	0.5057220199323048	0.6386437097367111	0.0014258016381754667	0.9212576704679168	-0.14476172282355948	0.4721323719975891	-0.03687654187497796	0.7320739880068577	0.7456575998357806	0.6021031800022234	0.0014906873557344671
G889R	missense	288	313	222	247	438	68	42	362	203	313	200	132	48	247	226	217	646	0.0009075493028514005	0.0009240811425645311	0.0008607712201335546	0.000820835994982309	0.001136178351532029	0.001122316200390371	0.0005554981397271599	0.0011119586094084563	0.0008336602589250686	0.0010340239998946218	0.000863364975731283	0.001695606721232056	0.0006483110834733597	0.0009311756092066233	0.0008132906743863596	0.0009492334286921043	0.0012193329287736186	0.6449217545711552	0.000935466677303106	0.84434571361146	0.6072594312122185	0.0009607519609898575	0.6275177223275188	0.6569577807283529	0.0009782581602646764	1.0712631685273293	-0.30543262301174695	0.10654090993037918	-0.417541683074357	0.10750964904231967	0.847708868155436	0.10702527948634943	0.0009581589328525467
G889Y	missense	179	93	58	123	220	15	63	126	76	155	130	17	32	74	97	102	235	0.0005652556211531214	0.0002766357560543501	0.00022773767707569382	0.0004104179974911545	0.0005719713341425477	0.0002602472348731295	0.0008267879288962381	0.00038903235095006603	0.0003146658820452465	0.0005137189298839522	0.0005626906060736223	0.0002294806088885489	0.00043661766846165044	0.00028160552697780946	0.00035111227352362665	0.0004484910236481044	0.00044476440678604945	0.7148501664159137	0.00037169069119093656	1.5151523520657852	0.6755606897632466	0.00044502694223822175	1.1599647400025086	0.6730722218493137	0.0003814933077338975	1.203252105744074	0.5020080034738842	1.9437958131119601	0.2793553126387966	1.2509214415762357	1.2927897326041224	1.5973586273440978	0.00039940364705435194
G889N	missense	86	108	62	135	175	20	50	135	78	147	130	14	66	81	97	65	120	0.00027320688355734205	0.0003207797596800443	0.00024317751958930018	0.0004501358682161049	0.0004555065828465538	0.00034157449577098246	0.0006588466308391897	0.0004166015726709368	0.00032283902183862954	0.00048737436937708285	0.0005626906060736223	0.00019123384074045744	0.0008864661753615326	0.0003078887094957384	0.00035111227352362665	0.0002873825976774261	0.0002280359882250508	0.6769817408026697	0.0003673999325830008	1.1518895434441432	0.6671067736436197	0.0004473763924900679	1.0940616728985997	0.5927193901051168	0.00029360489223046046	0.5451042503724636	0.2852988935099389	1.45069469609446	0.6660974215093604	1.8854563738147045	0.9303518222384021	1.6680755349545824	0.00036946040576784305
G889P	missense	85	122	81	107	263	18	21	79	65	146	149	26	37	89	127	134	363	0.0002700665745509358	0.00036198082973069217	0.0003165167715289304	0.00035746083652455393	0.0006832598742698308	0.00030904359141184127	0.00028420835055808184	0.0002450597486299628	0.00026971361318163983	0.00048408129931372417	0.0006443022206949874	0.0003442209133328234	0.0005027718606528096	0.0003379266323733714	0.0004585956225614715	0.0005878280407038261	0.0006859925596191611	0.6980550907619021	0.00042980457801350186	1.3540411821586988	0.7324224194559878	0.0004107892204550785	1.6032341472876221	0.6958475770631232	0.0005175857138144575	1.3897987508830345	-0.036382907984700896	0.718738131519952	0.164533710322038	1.0625315146082335	1.4490246934431186	0.8906348230640928	0.00045272650409434594
G889A	missense	76	111	163	184	341	34	53	129	111	172	169	41	122	108	132	96	360	0.00024180379349327975	0.0003296085604051831	0.0006330335430578608	0.0006123171736763192	0.0008851321098495535	0.0005692908262849707	0.0006976023150062009	0.0003982220915236896	0.00045769582842944943	0.0005697011209610496	0.000730209183454319	0.0005354547540732808	0.0016273931279025152	0.0004092666992077498	0.000476509514067779	0.00042236533295015655	0.000680338774787135	0.7086277001566013	0.0006150228467472291	1.4554617118211404	0.6892425122163918	0.0005389570560921269	1.2666222997031595	0.6727168442151029	0.0004971200802532051	1.200341305679834	0.08827372761861471	1.002382535162536	0.48276969890571264	1.5846671880199108	1.3074751057347112	1.2935248615912234	0.0005503666610308537
G889Q	missense	82	193	190	170	390	21	42	192	192	246	187	14	50	155	169	129	424	0.0002606456475317171	0.0005709291135589778	0.0007372524800247038	0.0005659796578305437	0.001011949283482969	0.000357839947950553	0.0005554981397271599	0.0005912066435697854	0.000788707990061462	0.000813388305649591	0.0008075254499377174	0.00019123384074045744	0.0006747727603498234	0.0005857394961138437	0.0006090723112144544	0.0005660566317888696	0.0008009528512036908	0.6748849434927673	0.0007215276337242985	1.131775465090723	0.6530604489543697	0.0007502070973046389	0.9845626116990429	0.6544040995424237	0.0006404553225802146	1.0503466711327807	0.19099378690330215	1.2361123307480113	0.5475927949064703	1.6910236407693962	1.0555615826408489	1.4635679857587038	0.0007040633512030506
G889F	missense	227	165	111	254	305	30	74	165	114	298	196	38	45	139	142	201	477	0.0007159904534606205	0.0004885269734576821	0.0004323155903809781	0.0008440047529051967	0.0007919603088127583	0.0005042290175666884	0.000968892104175279	0.0005084989784071729	0.000469955538119524	0.0009846279489442418	0.0008461835831794167	0.0004972079859251893	0.0006086185681586642	0.0005256636503585778	0.000512337297080394	0.0008795649201642435	0.0009008363832361511	0.689630848415006	0.0006392019063891538	1.2732294270913695	0.6929771067729331	0.0007023165121625888	1.2957355807178879	0.6912053217062968	0.0007046005627098416	1.3517753192147	0.2836475817033492	1.4469372920032844	0.08780710251929007	0.9366447498460891	1.3069134423413191	1.1917910209246867	0.000682039660420528
G889C	missense	148	120	60	91	67	11	19	140	62	85	58	5	5	69	73	96	162	0.0004679060419545283	0.0003560949625805996	0.000235457598332497	0.00030450367555795335	0.0001759911797361685	0.0001951854261548471	0.0002583712277800744	0.00043191780696030953	0.0002574539034915653	0.00028320402544884546	0.00025342554014002835	7.649353629618297e-05	7.938503062939099e-05	0.0002628318251792889	0.0002651255942933507	0.00042236533295015655	0.0003071889758734155	0.5700507897105056	0.0002680118540518046	0.1261263385239534	0.5730295526129389	0.0003065003190101872	0.3606764200995813	0.6538577020999761	0.00031437793207405294	1.045871280569418	0.1217967617622782	1.0786610339520262	0.01611387786421517	0.8190163499252244	0.5108913463976509	0.9488386919386254	0.0002962967017120149
G889T	missense	109	636	372	204	195	40	27	157	82	110	120	39	30	97	107	102	295	0.00034543399070468536	0.0018746486873044788	0.001439765314393793	0.0006785136248845699	0.0005072686945336622	0.0006668835393623943	0.0003617197188921042	0.0004839930035441766	0.0003391853014253956	0.00036553077703281215	0.0005197371246939565	0.0005099569086412198	0.00041015599158518673	0.0003679645552510044	0.00038694005653624157	0.0004484910236481044	0.0005578401034265706	0.4899116804915563	0.001125049080279126	-0.642629093577524	0.6347733424773042	0.0004271115516740852	0.8420042531536582	0.6697965026565963	0.0004403089347154802	1.1764215944268137	-0.26567781323159445	0.19699922574678805	-0.09458441962947453	0.6373916054560851	0.4585989180009826	0.4171954156014366	0.0006641565222228971
G889S	missense	201	193	163	175	409	27	66	226	184	287	245	21	45	210	274	201	577	0.0006343424192940585	0.0005709291135589778	0.0006330335430578608	0.0005825287706326064	0.001061123289585722	0.0004554326610279766	0.0008655436130632492	0.0006953570367375196	0.0007560154308879299	0.0009484041782472964	0.0010566556419397792	0.0002804762997526709	0.0006086185681586642	0.0007922502158975706	0.0009852640328469114	0.0008795649201642435	0.0010892958776370194	0.6873362839106816	0.0007119036792087917	1.2512182150352524	0.6711561393617619	0.0008641080719531313	1.1256287735031856	0.6512065951345378	0.0009365937616364363	1.024156795519052	0.27886478350452903	1.4360544863164357	0.336449028723583	1.3445961577143413	1.1336679280191635	1.3903253220153884	0.0008375351709327865
G889M	missense	94	54	45	74	61	2	18	53	39	66	79	4	45	38	42	40	170	0.0002983293556085919	0.00016186134662754526	0.00017755818890647314	0.00024823669203094024	0.000160462546230036	4.8796356538711774e-05	0.0002454526663910707	0.0001654153303252249	0.00016346279586766053	0.00022063569424503074	0.0003436278510373266	6.374461358015247e-05	0.0006086185681586642	0.00014643487402846094	0.00015405946695424435	0.00017852555310264348	0.000322265735425485	0.6361082130706824	0.00018702969344874866	0.7597995042690414	0.7078270697995978	0.00022328541786881072	1.4114994581905738	0.7111051680591772	0.00020032140737770844	1.5147694653459431	0.7015803583790884	2.3979038621272593	0.9799017052097705	2.400320867043765	1.2286894759351863	2.399112364585512	0.00020354550623175594
G889_	nonsense	127	196	131	185	202	50	36	186	130	188	114	83	77	97	124	75	201	0.0004019595528199975	0.0005797579142841167	0.0005095148029490099	0.0006156269962367318	0.0005253854336241501	0.0008295380611581002	0.00047798677139313764	0.0005728271624225381	0.0005353406564665882	0.0006223902419747883	0.0004939650358661569	0.0010709095081465616	0.0010320053981820827	0.0003679645552510044	0.00044784728765768703	0.00033092541550733913	0.0003806881786897542	0.6218050470605488	0.0005575712867735022	0.6225926314487051	0.6165972554757492	0.000556130774182518	0.7003113543361524	0.6185552499060674	0.00038185635927644624	0.7567186434259511	-0.23942043988501951	0.256745399450772	-0.016070805507186137	0.766210344543939	0.6932075430702694	0.5114778719973555	0.000498519473410822
G889K	missense	84	137	102	97	88	29	18	75	45	94	49	38	5	50	68	54	140	0.0002669262655445296	0.0004061248333563863	0.0003975759447253638	0.0003243626109204286	0.00023034139700763232	0.00048796356538711777	0.0002454526663910707	0.0002328067611984647	0.0001879822152478096	0.00031284165601907344	0.00021476740689832912	0.0004972079859251893	7.938503062939099e-05	0.00019149175834491045	0.00024721170278704324	0.00023948549806452176	0.00026572788710522446	0.5697363141461594	0.00033960119650245274	0.12310964916078883	0.6343237985179621	0.0002370995098409192	0.8384998032277947	0.6534694280010905	0.00023597921157542497	1.04269103464739	-0.2984196416209116	0.12249828688614808	-0.7967994787786404	-0.5147456321343955	0.6681001623453245	-0.19612367262412372	0.0002708933059729323
G889D	missense	124	178	126	95	107	29	15	114	70	99	90	46	20	74	82	71	226	0.0003925386258007788	0.0005267851099332837	0.0004902149998070019	0.00031774296579960347	0.0002795154031103853	0.00048796356538711777	0.00020669698222405952	0.0003522733886555716	0.00029014646266509745	0.0003293070063358668	0.000390876680554959	0.0005991993676534333	0.00027784760720286846	0.00028160552697780946	0.00029737059900470416	0.0003135082883753739	0.0004278030522899713	0.5542026984395532	0.00040356461966256857	-0.025900635218648254	0.639216389344286	0.0003406508845528737	0.876640321418012	0.6680522023417457	0.0003300718666619647	1.1621345122366347	-0.37305325991781585	-0.04732346428704485	-0.3337646853375831	0.24496411899205506	0.6709580661453328	0.09882032735250511	0.000358095790292469
G889W	missense	150	195	101	97	230	31	48	124	79	177	128	23	41	76	99	127	386	0.0004741866599673408	0.0005768149807090704	0.0003937159840969622	0.0003243626109204286	0.0005978523899861019	0.000520494469746259	0.0006330095080611823	0.00038290585723431696	0.00032692559173532105	0.0005861664712778429	0.0005540999097976891	0.0003059741451847319	0.0005556952144057369	0.00028911500769721775	0.0003582778301261496	0.000557348068222887	0.0007293382433313608	0.6245878246831258	0.00047318649142814075	0.6492871559391349	0.6772150115984523	0.0004625244575112925	1.1728611162350469	0.7232211576946203	0.00048351978734440383	1.6140081906177177	0.0849941138545296	0.9949200837190992	0.2591519265505096	1.2177733722854174	1.1453854875972997	1.1063467280022583	0.00047307691209461236
G889E	missense	91	52	25	37	84	15	17	59	69	98	57	25	5	34	60	43	176	0.0002889084285893732	0.0001559754794774527	0.00010035897633844135	0.00012577325729567639	0.00021998897467021065	0.0002602472348731295	0.00023253410500206697	0.00018379481147247213	0.00028605989276840593	0.00032601393627250814	0.0002491301920020618	0.00033147199061679287	7.938503062939099e-05	0.00013141591258964444	0.00021854947637695127	0.0001915883984516174	0.0003335733050895371	0.6701453169707358	0.00015052417194544527	1.0863093540937914	0.653224934056252	0.000261249708128862	0.9858448662842028	0.7077752769477326	0.00021878177312693756	1.4874952468019704	-0.048899465406696846	0.6902578869791168	-0.6207082197229591	-0.2258294459476992	1.1865498223933215	0.23221422051570884	0.00021018521773374826
G889H	missense	112	32	30	44	200	5	26	55	32	138	129	5	11	43	47	125	288	0.000354854917723904	9.711680797652717e-05	0.0001196587794804493	0.00014894201521856415	0.0005202092224554393	9.759271307742355e-05	0.00034880115750310044	0.00017154182404097398	0.00013485680659081992	0.00045773673880685487	0.0005583952579356556	7.649353629618297e-05	0.00015877006125878198	0.00016520857582698158	0.0001719733584605518	0.0005486395046569043	0.0005446479388185097	0.808220617428373	0.00022148170628274495	2.410832901964142	0.7652084952888046	0.0003306326568435761	1.8588201887279463	0.7573852382583119	0.00035761734444073685	1.893836740099553	0.5531605259212655	2.0601885478763777	0.31714387352819634	1.3129218324655807	2.0544966102638806	1.6865551901709792	0.0003032439025223526
A890C	missense	133	33	25	45	57	8	12	62	71	84	55	6	2	70	75	100	276	0.00042080140685843485	0.00010005974155157344	0.00010035897633844135	0.00015225183777897667	0.00015011012389261433	0.00014638906961613534	0.00016794129805704837	0.00019298455204609573	0.00029423303256178896	0.0002799109553854868	0.0002405394957261286	8.924245901221346e-05	3.9692515314695496e-05	0.000266586565538993	0.00027229115089587373	0.00043978246008212176	0.0005220327994904055	0.6752316458937494	0.00012569516989040144	1.135101298840003	0.6409207632516789	0.000251917008929875	0.8899268819184515	0.7027832329772201	0.0003751732440018485	1.4466067931931053	0.05964885501343372	0.9372493404461406	-0.3518629074303792	0.21527003121137167	1.1572116579838534	0.5762596858287561	0.0002509284742740416
A890A	silent	139	113	120	129	163	15	25	162	170	180	96	36	16	99	170	172	340	0.0004396432608968722	0.00033549442755527567	0.0004670552360365924	0.00043027693285362974	0.00042444931583428876	0.0002602472348731295	0.00033588259611409674	0.0004993092378335493	0.0006988034523342487	0.0005960456814679189	0.0004166487693827585	0.00047171014049312833	0.00022492425344994112	0.0003754740359704126	0.0006126550895157158	0.0007532907484574956	0.0006426468759069613	0.6423542588736451	0.00041431897806994665	0.8197163374729569	0.6051690540011824	0.0005527017852546189	0.6112220473217589	0.6743984794474858	0.0005960166874626463	1.2141151154844902	0.11080137746081507	1.0536420752105582	-0.3216389248245059	0.2648590785762995	0.8816845000930688	0.6592505768934288	0.0005210124835957373
A890G	missense	168	80	80	81	181	15	38	126	109	101	73	30	18	107	107	117	316	0.000530712222082653	0.00023837761957874848	0.0003126568109005288	0.000271405449953828	0.00047103521635268633	0.0002602472348731295	0.0005038238941711451	0.00038903235095006603	0.0004495226886360664	0.0003358931464625841	0.0003178557622095271	0.00039521660419694534	0.0002513859303264048	0.00040551195884804567	0.00038694005653624157	0.0005138052503929739	0.0005974165972507529	0.6884648311945691	0.0003233687741964479	1.262044100964451	0.5975961231978791	0.0003730759870645609	0.5521867600251797	0.6711331062734743	0.00047591846575700353	1.187369345549396	0.2868926365164963	1.4543211078170821	-0.19649421501722852	0.4701863189677521	1.0005334021796755	0.9622537133924172	0.00039078774233933743
A890R	missense	185	171	170	241	365	36	57	303	239	288	196	21	35	262	266	228	743	0.0005840974751915588	0.0005061845749079598	0.0006600532674566719	0.0008009770596198337	0.0009472466438740835	0.0006018217306441119	0.0007492765605622158	0.0009312270447938588	0.000980776775205963	0.0009516972483106551	0.0008461835831794167	0.0002804762997526709	0.0004763101837763459	0.0009874967146021852	0.0009566018064368195	0.0009971305283050088	0.001402138638342461	0.6877950470448835	0.0007286153864646373	1.2556190207704654	0.6154238966154751	0.0009274711628724733	0.6911643570615901	0.6619659727614837	0.0010858419219216186	1.1122838864578122	0.09517428164186409	1.0180840942592901	0.22999369780929615	1.1699329270012655	1.0196890880966225	1.0940085106302777	0.0009139761570862431
A890I	missense	51	47	58	88	158	21	23	32	28	80	115	27	19	36	23	56	228	0.00016329606833312397	0.00014126081160222131	0.00022773767707569382	0.0002945742078767157	0.0004115087879125117	0.000357839947950553	0.0003100454733360893	0.00010108714630985967	0.00011851052700405388	0.00026673867513205213	0.0004982603840041236	0.00035696983604885385	0.0002646167687646366	0.00013892539330905267	8.59866792302759e-05	0.00024819406163050433	0.0004315722421779887	0.7270365051871929	0.0002687703711167856	1.6320530041837715	0.795088399780301	0.0002461491831125223	2.0917509775951055	0.7687179162508152	0.00022616959408695538	1.9866595760156216	-0.062263426964678306	0.6598494543427781	-0.13001415781402287	0.579261378613672	1.9034878525981662	0.6195554164782251	0.00024702971610542106
A890L	missense	219	243	135	221	405	47	76	355	266	344	233	50	62	279	312	226	653	0.0006908679814093707	0.0007180757923112918	0.0005249546454626163	0.000734780608411583	0.0010507708672483002	0.0007807417046193884	0.0009947292269532864	0.0010905158814033347	0.001091114162416634	0.0011361091718587405	0.0010051114642841803	0.0006501950585175553	0.0008335428216086053	0.0010513273007171555	0.0011214096082948484	0.000988421964739026	0.0012325250933816795	0.6748546523705573	0.0007571454783584478	1.131484889553132	0.6188923913421764	0.0010807126699907224	0.718203239100254	0.6366817042802041	0.0010984209917831774	0.9051874255817338	0.10519749994281653	1.040890981063136	0.10788425121986048	0.9695856991196575	0.9182918514117066	1.0052383400913967	0.0009787597133774492
A890_	nonsense	57	19	35	29	15	6	2	80	70	37	31	3	7	51	46	21	88	0.00018213792237156137	5.8858671500925554e-05	0.00013895858262245726	9.929467681237608e-05	4.140968934968671e-05	0.00011385816525699414	3.875568416701116e-05	0.0002481229954878374	0.00029014646266509745	0.00012513666240762937	0.00013745114041493063	5.099569086412198e-05	0.00010584670750585465	0.00019524649870461457	0.00016839058015929032	9.57941992258087e-05	0.0001677289500167729	0.5910247504331433	8.46304050713614e-05	0.3273245599087025	0.5474229164022969	0.0002002143152438737	0.16105817920203502	0.5940770755135752	0.00015679005702662162	0.556224676628142	-0.46802877314867253	-0.26343127660392207	0.31714387352819634	1.3129218324655807	0.3482024719129599	0.5247452779308293	0.00014721159244728558
A890K	missense	38	29	24	33	100	6	16	13	6	66	85	13	20	19	24	50	164	0.00012247205124984298	8.828800725138832e-05	9.649901571003975e-05	0.00011253396705402623	0.00026139866401989737	0.00011385816525699414	0.00021961554361306325	4.2885456010243496e-05	2.860598927684059e-05	0.00022063569424503074	0.00036939993986512607	0.00017848491802442692	0.00027784760720286846	7.509480719408253e-05	8.95694575315374e-05	0.00022206837093255652	0.0003109581657614329	0.7447753913306134	0.0001396799135088379	1.802217923847736	0.8463766437196215	0.0001653817698493102	2.4915719048606912	0.775512409543332	0.00017442270035490236	2.0423113942744062	0.2852988935099389	1.45069469609446	0.19220513691989644	1.1079325361119206	2.1120337409942778	1.2793136161031904	0.00015982812790435016
A890E	missense	61	106	78	62	59	36	9	322	171	74	23	77	0	129	121	43	95	0.0001946991583971863	0.0003148938925299517	0.0003049368896437256	0.00020851882130598978	0.00015528633506132515	0.0006018217306441119	0.0001291856138900372	0.000989428735093475	0.0007028900222309402	0.00024698025475190013	0.00010308835531119797	0.0009944159718503786	1.323083843823183e-05	0.0004881162467615364	0.00043709895275390254	0.0001915883984516174	0.0001809211146248337	0.551898672795946	0.00024590898463524804	-0.048002605735751644	0.43435724066327064	0.0005105968418468783	-0.7203528390689573	0.512582479994794	0.0003244311781479725	-0.111275050522871	-0.6682537119210732	-0.7190242185889527	-1.8759807248262652	-2.2853782659421604	-0.29321016510919334	-1.5022012422655566	0.00036031233487669967
A890Y	missense	82	48	56	44	61	9	13	101	71	71	34	13	14	74	75	71	97	0.0002606456475317171	0.0001442037451772676	0.00022001775581889066	0.00014894201521856415	0.000160462546230036	0.00016265452179570593	0.0001808598594460521	0.0003124511795032026	0.00029423303256178896	0.0002371010445618241	0.0001503371848288304	0.00017848491802442692	0.00019846257657347746	0.00028160552697780946	0.00027229115089587373	0.0003135082883753739	0.00018469030451285105	0.6208620704636392	0.0001684065156111896	0.6135468810244233	0.556664105275189	0.0002485306103639115	0.23309848357602533	0.5953533823350105	0.00026302381769047705	0.5666785533502203	0.0460760478241599	0.9063656992959943	0.04607710124165843	0.8681775648003683	0.471107972650223	0.8872716320481813	0.00022665364788852606
A890T	missense	93	45	10	78	119	4	24	41	58	117	119	2	17	64	52	93	221	0.00029518904660218566	0.00013537494445212876	4.245956691241749e-05	0.00026147598227259036	0.0003105726701226503	8.132726089785297e-05	0.000322964034725093	0.00012865636803073048	0.00024110762390479928	0.00038858226747632283	0.0005154417765559898	3.824676814809149e-05	0.00023815509188817295	0.0002440581233807682	0.0001898872499668593	0.00040930248760118263	0.0004183800775699279	0.7491209344930468	0.00018747079093994675	1.8439036868180363	0.7533407082083315	0.00031844700899196063	1.7663040627962587	0.69855388596909	0.0003154069846296845	1.4119653797842464	0.5989180164819407	2.1643053970071806	0.7942651282478588	2.0957435011926333	1.6740577097995137	2.130024449099907	0.0002737749281871973
A890S	missense	225	171	153	183	244	32	85	189	210	246	168	17	32	160	151	214	626	0.000709709835447808	0.0005061845749079598	0.0005944339367738449	0.0006090073511159067	0.0006340858681670778	0.0005367599219258296	0.0011109962794543199	0.0005820169029961618	0.0008622662482019092	0.000813388305649591	0.0007259138353163523	0.0002294806088885489	0.00043661766846165044	0.0006045131979123643	0.0005445823017917475	0.0009361705833431305	0.001181641029893445	0.6462418025251053	0.0005859279327411973	0.8570086199642256	0.6410382902163742	0.0007458963230410036	0.8908430712124106	0.7062301859259033	0.0008167267782351719	1.4748398329192565	0.31593252351160206	1.5203986285901177	0.2793553126387966	1.2509214415762357	1.0742305080319643	1.3856600350831767	0.0007161836780057908
A890V	missense	163	305	195	144	188	25	35	282	204	157	115	41	29	232	183	152	350	0.0005150106770506218	0.0009005376739641609	0.0007565522831667117	0.0004799242712598178	0.0004891519554431743	0.0004229017566688354	0.00046506821000413394	0.0008668988607784936	0.0008377468288217601	0.0005203050700106696	0.0004982603840041236	0.0005354547540732808	0.00039692515314695493	0.0008748545038110614	0.0006592312074321154	0.0006662051127976695	0.0006614928253470482	0.5530897960318574	0.0006565415459584662	-0.03657644356807092	0.5596654962620387	0.0006808027859037618	0.2564960272483837	0.597346305329462	0.0007154459123469737	0.5830020352518245	0.0412771649423912	0.8954462944318887	-0.13001415781402287	0.579261378613672	0.26764053964404577	0.7373538365227803	0.0006842634147364007
A890D	missense	46	64	15	33	87	7	27	66	55	59	31	1	2	85	97	46	135	0.00014759452330109283	0.00019129068237800804	6.175937005442545e-05	0.00011253396705402623	0.0002277532914232769	0.00013012361743656474	0.0003617197188921042	0.00020523753947759388	0.00022884791421472472	0.0001975842038015201	0.00013745114041493063	2.549784543206099e-05	3.9692515314695496e-05	0.00032290767093455487	0.00035111227352362665	0.00020465124380059132	0.00025630491238518103	0.6587418575383869	0.00014833432772743416	0.9769186774465627	0.5868683261070414	0.00019228019947719233	0.4685575021108248	0.5868638109235634	0.00028374402516098847	0.49714281831532525	0.4440160564961975	1.8118406136398448	0.19220513691989644	1.1079325361119206	0.6475396659575708	1.4598865748758827	0.00020811951745520498
A890W	missense	112	140	272	254	319	22	67	247	200	169	82	29	67	161	178	105	252	0.000354854917723904	0.00041495363408152516	0.0010537692515536342	0.0008440047529051967	0.0008281937869937342	0.0003741054001301236	0.000878462174452253	0.0007596852207528848	0.0008214005492349941	0.0005598219107709736	0.00035651389545122633	0.0003824676814809149	0.0008996970137997645	0.0006082679382720684	0.0006413173159258078	0.00046155386899707825	0.0004768025208341971	0.6659894032892376	0.0007852303563835226	1.0464426616743916	0.5513694289551312	0.0006243553940525197	0.191823481094732	0.5921974969711136	0.0005469854110072879	0.5408295678327014	0.3707290888345653	1.6450830388300521	0.371501535850789	1.4021074545827001	0.5930319035339416	1.523595246706376	0.0006521903871477768
A890Q	missense	51	175	157	169	177	28	29	174	152	151	108	19	29	94	123	87	283	0.00016329606833312397	0.0005179563092081448	0.0006098737792874512	0.0005626698352701312	0.00046068279401526464	0.0004716981132075472	0.0003875568416701116	0.0005360682001280437	0.0006252451941938015	0.0005005466496305175	0.00046819294703835744	0.0002549784543206099	0.00039692515314695493	0.00035670033417189203	0.0004442645093564255	0.0003831767969032348	0.0005352249640984664	0.6122730191753603	0.000537795679445248	0.5311541529442699	0.6057326211354234	0.0005325132477476801	0.6156153725144722	0.6594957102281448	0.00042984165113250466	1.092050648210558	-0.0853287310333718	0.6073665328702413	0.19220513691989644	1.1079325361119206	0.7462733912231001	0.857649534491081	0.0005000501927751443
A890F	missense	107	156	115	105	65	7	23	269	164	152	72	1	12	132	203	106	183	0.0003391533726918729	0.00046204057128226557	0.0004477554328945845	0.00035084119140372887	0.0001708149685674577	0.00013012361743656474	0.0003100454733360893	0.0008270766516261246	0.0006742840329540997	0.0005038397196938762	0.0003135604140715605	2.549784543206099e-05	0.0001720008996970138	0.0004993804678406488	0.0007308867734573452	0.0004659081507800696	0.0003467654696975979	0.5402441945018689	0.0003578630410370091	-0.15980124667649717	0.5327636095330092	0.0005796902045864153	0.04678057452358858	0.5807730946456416	0.0005107352154439153	0.447255443234973	0.37706926686558434	1.659509515269854	0.8290272345070707	2.1527783319848446	0.11141159036068815	1.9061439236273494	0.0004827628203557799
A890H	missense	44	39	27	12	32	2	5	47	26	48	39	3	2	32	22	40	185	0.00014131390528828035	0.00011771734300185111	0.00010807889759524453	4.302769328536297e-05	8.540748428372885e-05	4.8796356538711774e-05	7.751136833402232e-05	0.0001470358491779777	0.00011033738721067085	0.00016136043310457473	0.0001718139255186633	5.099569086412198e-05	3.9692515314695496e-05	0.00012390643187023618	8.240390092901442e-05	0.00017852555310264348	0.00035053465958561524	0.5678407630727664	8.855785454154687e-05	0.10492607813412091	0.6515341176508893	0.00014763689875297163	0.9726639941953124	0.7569073663069613	0.00018384263637187732	1.8899226229104427	0.20097800780990308	1.2588304826633299	-0.10882485874408475	0.6140270535715644	0.989170898413292	0.9364287681174471	0.00014001246322213194
A890P	missense	124	95	51	50	61	9	4	88	53	117	53	4	2	59	56	77	190	0.0003925386258007788	0.00028252162320444263	0.0002007179526768827	0.00016880095058103935	0.000160462546230036	0.00016265452179570593	6.45928069450186e-05	0.00027262897035083367	0.0002206747744213417	0.00038858226747632283	0.00023194879945019544	6.374461358015247e-05	3.9692515314695496e-05	0.0002252844215822476	0.0002042183631719053	0.00033963397907332176	0.00035995763430565867	0.5637549649966409	0.00020312576817310018	0.06573198805620722	0.6301474172686248	0.0002784587029246734	0.8059425445760812	0.6847199019589906	0.00028227359953328336	1.2986550370140353	-0.4010819835180594	-0.11110017823393115	-0.2057348717521411	0.45502500252292416	0.7234431898821079	0.1719624121444965	0.00025461935687701897
A890N	missense	67	68	26	47	60	8	9	138	50	55	52	6	6	53	53	52	157	0.00021354101243562366	0.00020306241667819314	0.00010421893696684294	0.00015887148289980173	0.00015787444064568057	0.00014638906961613534	0.0001291856138900372	0.00042579131324456046	0.00020841506473126716	0.0001844119235480854	0.00022765345131222885	8.924245901221346e-05	9.261586906762282e-05	0.00020275597942402283	0.00019347002826812078	0.00023077693449853913	0.0002977660011533721	0.608792498917504	0.0001560068192976296	0.4977663491510432	0.5511166225094214	0.00026156793820903546	0.189852711581508	0.6685699335680629	0.00023119223583601371	1.1663751057398528	-0.054294497293403056	0.677982001345502	0.01611387786421517	0.8190163499252244	0.6179980554908013	0.7484991756353632	0.0002162556644475596
A890M	missense	45	38	25	24	68	4	11	42	35	46	36	5	7	32	33	50	82	0.0001444542142946866	0.00011477440942680483	0.00010035897633844135	8.274556401031341e-05	0.00017857928532052393	8.132726089785297e-05	0.00015502273666804465	0.00013171961488860502	0.00014711651628089448	0.0001547742929778574	0.00015892788110476354	7.649353629618297e-05	0.00010584670750585465	0.00012390643187023618	0.00012181446224289088	0.00022206837093255652	0.0001564213803527208	0.6705971800230246	0.00011911455877402088	1.0906439689828082	0.6438347686879605	0.0001481345763130301	0.9126432057015292	0.664609776682612	0.0001560526613496011	1.1339385542889717	0.2801592538575279	1.4389999313746338	0.14105261447251513	1.0240056462788847	1.0457419096577698	1.2315027888267593	0.00014110059881221736
G891_	nonsense	96	291	279	262	51	72	25	375	238	188	30	100	12	246	312	80	90	0.0003046099736214043	0.0008593366039135131	0.0010807889759524452	0.0008704833333884971	0.00013458149038648182	0.0011873780091086533	0.00033588259611409674	0.0011517808185608253	0.0009766902053092716	0.0006223902419747883	0.00013315579227696404	0.00128764119431908	0.0001720008996970138	0.0009274208688469192	0.0011214096082948484	0.0003526968244222957	0.00017149813990479027	0.5237938530138341	0.0007362976009102342	-0.317605463645018	0.47719509049961795	0.0007210042645304622	-0.3864075227914895	0.47748489376743614	0.0006432563603672134	-0.39874968710808356	-0.548401500003716	-0.44631182738721903	-0.8742641436115907	-0.6418433407190659	-0.367587557848197	-0.5440775840531424	0.0007001860752693033
G891R	missense	210	182	159	229	255	33	35	210	153	195	149	20	18	156	254	184	421	0.0006626052003517146	0.0005385568442334688	0.0006175937005442545	0.0007612591888948834	0.0006625550295949874	0.0005530253741054002	0.00046506821000413394	0.000646345087011527	0.000629331764090493	0.0006454417324182989	0.0006443022206949874	0.0002677273770366404	0.0002513859303264048	0.0005894942364735479	0.0009136084668216816	0.0008055421298533913	0.0007952990663716647	0.6499838705055649	0.0006449911908168986	0.8929053889114791	0.6254863417222717	0.0006413552010538265	0.7696068191961545	0.6455121358992981	0.0007759859748800714	0.9775150524488742	-0.07522840412904601	0.630348873020102	-0.027351815916875136	0.7477013820810767	0.8800090868521693	0.6890251275505894	0.0006874441222502655
G891H	missense	40	0	2	14	47	1	3	4	4	25	24	0	3	3	4	23	48	0.00012875266926265546	2.942933575046278e-06	1.157988188520477e-05	4.964733840618804e-05	0.00012422906804906013	3.2530904359141185e-05	5.167424555601488e-05	1.5316234289372676e-05	2.0432849483457566e-05	8.561982164732537e-05	0.00010738370344916456	1.2748922716030496e-05	5.292335375292732e-05	1.5018961438816506e-05	1.791389150630748e-05	0.0001045027627917913	9.234515225642552e-05	0.8916716559764353	4.7099805478874806e-05	3.2113588851399477	0.8115494459990341	5.7188152217330044e-05	2.220074161573136	0.798299666525803	5.74451919983352e-05	2.228955523513798	0.200978007809903	1.2588304826633299	0.6181738691921775	1.806827315005937	2.553462856742294	1.5328288988346335	5.3911049898180015e-05
G891W	missense	76	59	54	60	49	10	11	124	83	63	48	12	16	66	83	73	127	0.00024180379349327975	0.00017657601450277665	0.00021229783456208748	0.00020189917618516472	0.00012940527921777097	0.0001789199739752765	0.00015502273666804465	0.00038290585723431696	0.0003432718713220871	0.00021075648405495474	0.00021047205876036253	0.00016573599530839644	0.00022492425344994112	0.00025156760410017647	0.0003009533773059657	0.00032221685194135655	0.00024122815283311158	0.5986331157003891	0.00018004457611694994	0.4003098000194627	0.5542080757594103	0.0002868515678429303	0.21395234163456928	0.6239073503038397	0.00027899149654515257	0.8005562198008721	-0.062263426964678306	0.6598494543427781	0.13261944693565234	1.010169192298773	0.471606120484968	0.8350093233207756	0.0002486292135016776
G891L	missense	235	280	181	204	162	36	39	266	137	208	83	39	28	200	173	100	306	0.0007411129255118704	0.000826964334588004	0.0007025128343690894	0.0006785136248845699	0.00042186121024993334	0.0006018217306441119	0.0005167424555601488	0.000817886911052501	0.0005639466457434288	0.0006882516432419616	0.0003608092435891929	0.0005099569086412198	0.0003836943147087231	0.0007547028123005295	0.0006234034244195003	0.00043978246008212176	0.000578570647810666	0.5660941860715649	0.0006574630010228992	0.08817157998280276	0.5608812140033281	0.0006077236109067711	0.26597323600582634	0.5878609671906407	0.0005991148361532044	0.5053102499341204	-0.06619372059311081	0.6509064423083081	-0.12354811556479114	0.5898703337451664	0.28648502197424985	0.6203883880267372	0.0006214338160276249
G891G	silent	210	104	85	132	450	22	63	120	88	191	201	19	70	110	160	155	452	0.0006626052003517146	0.0003090080253798592	0.00033195661404253677	0.0004402064005348673	0.001167235618544294	0.0003741054001301236	0.0008267879288962381	0.0003706528698028188	0.00036370472080554466	0.0006322694521648642	0.0008676603238692496	0.0002549784543206099	0.0009393895291144599	0.000416776179927158	0.0005768273065031009	0.0006792679581466435	0.0008537215096359339	0.7741574353243146	0.0005621016646253894	2.084072890125068	0.7234422997590273	0.0005585718416606193	1.5332290250915377	0.6949200794499454	0.0006316482385532091	1.3822018740620838	0.34440015011221614	1.585174024871037	0.5663422309193092	1.7217861872752853	1.6665012630928964	1.6534801060731612	0.0005841072482797393
G891A	missense	117	136	119	223	264	36	54	179	132	221	169	83	116	112	126	101	252	0.0003705564627559352	0.00040318189978134005	0.00046319527540819084	0.0007414002535324081	0.0006858479798541861	0.0006018217306441119	0.0007105208763952046	0.0005513844344174164	0.0005435137962599712	0.0007310615540656243	0.000730209183454319	0.0010709095081465616	0.0015480080972731243	0.0004242856606465663	0.00045501284426021	0.00044413674186511305	0.0004768025208341971	0.6863768062415377	0.0005734063521440312	1.242014173746009	0.660405621357797	0.0006390422420493327	1.0418223931947481	0.6351843823637556	0.0004500594419015216	0.8929232752497495	0.07210897757317065	0.9656011727867535	0.16002045354849515	1.0551265307306352	1.0589199473968356	1.0103638517586944	0.0005541693453649618
G891P	missense	86	72	64	81	53	12	14	41	77	54	48	21	3	59	64	56	112	0.00027320688355734205	0.00021483415097837827	0.00025089744084610336	0.000271405449953828	0.00013975770155519264	0.0002114508783344177	0.0001937784208350558	0.00012865636803073048	0.00031875245194193803	0.00018111885348472674	0.00021047205876036253	0.0002804762997526709	5.292335375292732e-05	0.0002252844215822476	0.00023288058958199724	0.00024819406163050433	0.00021295922867298133	0.5958172872630659	0.00021922368583337558	0.3732982269166989	0.6410627991868808	0.00020974993305443944	0.8910341325270831	0.6220545965085342	0.00022982957536693262	0.7853808251017304	-0.03790408110523366	0.7152768457205848	-0.7242488116300287	-0.39571041045283956	0.6832377281818375	0.15978321763387263	0.00021960106475158253
G891K	missense	58	65	68	73	53	12	6	102	86	66	37	6	14	57	68	50	116	0.0001852782313779676	0.00019423361595305433	0.00026633728335970973	0.00024492686947052766	0.00013975770155519264	0.0002114508783344177	9.042992972302605e-05	0.00031551442636107717	0.00035553158101216164	0.00022063569424503074	0.00016322322924273012	8.924245901221346e-05	0.00019846257657347746	0.00021777494086283933	0.00024721170278704324	0.00022206837093255652	0.00022049760844901605	0.5976653414900781	0.0002113138675846211	0.3910261719822247	0.5548788140985396	0.0002637262327152499	0.21918112710479337	0.6226619359768838	0.0002268881557578638	0.7903553749701072	-0.368897300146658	-0.03786697025327451	0.3471070969056396	1.3620830473407248	0.4668542246857084	0.6621080385437251	0.00023397608535257827
G891V	missense	168	170	94	73	122	14	7	195	153	114	87	16	3	131	126	101	215	0.000530712222082653	0.0005032416413329135	0.0003666962596981511	0.00024492686947052766	0.00031833698687571657	0.00024398178269355888	0.00010334849111202976	0.0006003963841434089	0.000629331764090493	0.0003787030572862468	0.00037799063614105924	0.00021673168617251842	5.292335375292732e-05	0.0004956257274809447	0.00045501284426021	0.00044413674186511305	0.0004070725079058758	0.565998942567135	0.0003583004393443272	0.0872579316765453	0.567242507887718	0.000496605460415302	0.3155631268680433	0.605815821554215	0.0004504619553780359	0.6523735037907514	-0.37305325991781585	-0.04732346428704485	-0.6122750521860963	-0.21199299196758764	0.35173152077844666	-0.12965822812731626	0.0004351226183792217
G891F	missense	123	195	139	122	99	38	13	184	66	120	104	22	12	95	105	82	171	0.0003893983167943726	0.0005768149807090704	0.0005403944879762226	0.000407108174930742	0.00025881055843554195	0.0006343526350032531	0.0001808598594460521	0.0005667006687067891	0.00027380018307833135	0.0003984614776663988	0.00045101155448649114	0.0002932252224687014	0.0001720008996970138	0.00036045507453159615	0.0003797744999337186	0.00036140538798827825	0.0003241503303694937	0.5487786451210382	0.0004457820505128942	-0.07793228984091385	0.6085495943024153	0.00042249347098450256	0.637575274768905	0.6138409439106604	0.00035644632320577167	0.718105064873796	-0.5449885592023394	-0.4385460028597987	-0.2316706058465409	0.41247176381766376	0.4259160166005957	-0.01303711952106748	0.0004082406149010561
G891T	missense	130	236	166	166	173	23	38	228	182	129	65	23	5	148	137	105	219	0.0004113804798392162	0.0006974752572859678	0.0006446134249430656	0.0005527403675888936	0.000450330371677843	0.0003903708523096942	0.0005038238941711451	0.0007014835304532687	0.0007478422910945469	0.00042809910823662684	0.00028349297710579443	0.0003059741451847319	7.938503062939099e-05	0.0005594563135959148	0.0004944234055740865	0.00046155386899707825	0.00041461088768191055	0.5805836318343417	0.0005862898553739425	0.22716539020649495	0.5339672241896348	0.0005402294767225591	0.056163432877090975	0.5947283002951642	0.0004825111189622475	0.5615586789783278	0.11080137746081507	1.0536420752105582	-0.5859461134637473	-0.16879461515548824	0.28162916735397125	0.442423730027535	0.0005363434836862497
G891C	missense	95	49	22	28	74	6	2	33	18	42	35	3	2	39	34	35	74	0.00030146966461499814	0.0001471466787523139	8.877909445323657e-05	9.598485425196355e-05	0.00019410791882665645	0.00011385816525699414	3.875568416701116e-05	0.0001041503931677342	7.764482803713875e-05	0.00014160201272442273	0.00015463253296679695	5.099569086412198e-05	3.9692515314695496e-05	0.00015018961438816505	0.00012539724054415238	0.00015675414418768696	0.00014134462080065132	0.6601911261180495	0.00013150463657104263	0.9908211665564144	0.6813258867442281	0.00011950744172402314	1.204907717686282	0.6260506457529955	0.00014342140498016393	0.8181113609535857	-0.46802877314867253	-0.26343127660392207	-0.10882485874408475	0.6140270535715644	1.0046134150654273	0.17529788848382116	0.00013147782775840987
G891I	missense	103	22	23	62	162	4	17	47	25	89	75	3	14	23	30	107	167	0.00032659213666624793	6.768747222606438e-05	9.263905508163816e-05	0.00020851882130598978	0.00042186121024993334	8.132726089785297e-05	0.00023253410500206697	0.0001470358491779777	0.00010625081731397933	0.0002963763057022801	0.00032644645848546025	5.099569086412198e-05	0.00019846257657347746	9.011376863289904e-05	0.00011106612733910638	0.0004702624325630609	0.00031661195059345894	0.8112892382588669	0.00019767663971590642	2.4402694524261244	0.7289192837682503	0.00021902735766992433	1.5759252193261681	0.7564060969430965	0.00024701356978213134	1.8858168639766266	0.4562505129132091	1.8396789639811575	0.590145145591934	1.7608400697009174	1.9673371785763063	1.8002595168410376	0.00022123918905598736
G891S	missense	217	192	128	175	228	21	20	189	113	177	137	28	22	115	142	93	312	0.0006845873633965582	0.0005679861799839315	0.0004979349210638052	0.0005825287706326064	0.000592676178817391	0.000357839947950553	0.00027128978916907815	0.0005820169029961618	0.0004658689682228325	0.0005861664712778429	0.0005927580430393883	0.00036971875876488436	0.0003043092840793321	0.00043554988172567866	0.000512337297080394	0.00040930248760118263	0.0005898782174747182	0.6338495605832803	0.0005602815126244335	0.7381327876578553	0.6335616249690228	0.0005567025963840564	0.8325582284795009	0.6481084776722227	0.0004867669709704934	0.9987809709307754	-0.12025537394236506	0.5278942548706627	-0.08455628401714806	0.6538449530623976	0.8564906623560439	0.5908696039665302	0.0005345836933263277
G891M	missense	73	300	252	94	67	40	17	154	142	112	42	86	15	71	109	58	105	0.00023238286647406104	0.0008858230060889296	0.0009765700389856022	0.00031443314323919094	0.0001759911797361685	0.0006668835393623943	0.00023253410500206697	0.000474803262970553	0.0005843794952268864	0.0003721169171595295	0.00018469996993256303	0.0011091562762946532	0.0002116934150117093	0.0002703413058986971	0.0003941056131387646	0.00025690262519648696	0.00019976706406492052	0.476686726054809	0.0005882043420124729	-0.769492938978741	0.5412613942756027	0.000403999911322383	0.11302562240447951	0.5860961840565082	0.0002802791520747173	0.4908553986275367	-0.4575633394705076	-0.2396181704653095	-0.7192853920984786	-0.38756683621076676	-0.05520397264890827	-0.3135925033380381	0.00042416113513652436
G891Y	missense	93	39	14	25	43	1	7	33	18	56	33	0	4	24	23	50	89	0.00029518904660218566	0.00011771734300185111	5.7899409426023855e-05	8.605538657072594e-05	0.00011387664571163845	3.2530904359141185e-05	0.00010334849111202976	0.0001041503931677342	7.764482803713875e-05	0.0001877049936114441	0.0001460418366908638	1.2748922716030496e-05	6.615419219115915e-05	9.386850899260315e-05	8.59866792302759e-05	0.00022206837093255652	0.00016961354496078157	0.6305365261289881	9.388719617755984e-05	0.7063516353802822	0.6821569514684902	0.0001288855128767952	1.2113863381878007	0.7044604578141567	0.0001428842760290543	1.4603444786665922	0.5020080034738842	1.9437958131119601	0.715083882200234	1.9658293660545776	1.126027484078225	1.9548125895832689	0.00012188566169446978
G891D	missense	43	13	11	20	38	0	4	20	19	18	28	3	7	7	28	19	91	0.00013817359628187414	4.120107005064789e-05	4.631952754081908e-05	6.950627376866327e-05	0.00010093611778986136	1.6265452179570593e-05	6.45928069450186e-05	6.432818401536524e-05	8.173139793383026e-05	6.256833120381469e-05	0.0001245650960010309	5.099569086412198e-05	0.00010584670750585465	3.003792287763301e-05	0.00010390057073658339	8.708563565982608e-05	0.00017338273484879895	0.7230721547073389	6.44907472874979e-05	1.594023932038542	0.6856058893751785	8.329825228851027e-05	1.2382727637313427	0.7559623191256248	9.860171603071036e-05	1.8821820024230196	0.5989180164819407	2.1643053970071806	0.31714387352819634	1.3129218324655807	1.5714928993976347	1.7386136147363807	8.213023853557283e-05
G891N	missense	52	34	27	46	25	4	4	98	58	39	12	6	4	76	68	47	60	0.0001664363773395302	0.00010300267512661972	0.00010807889759524453	0.0001555616603393892	6.729074519324091e-05	8.132726089785297e-05	6.45928069450186e-05	0.000303261438929579	0.00024110762390479928	0.00013172280253434673	5.5839525793565566e-05	8.924245901221346e-05	6.615419219115915e-05	0.00028911500769721775	0.00024721170278704324	0.0002090055255835826	0.00011496029158452974	0.607816214549519	0.00010848349456362359	0.48840108519342007	0.47955423639057015	0.00018298284779057265	-0.36801664361084807	0.5435349303405667	0.00021507313191309333	0.14224792273609868	-0.10005198785407819	0.5738651522146992	-0.13001415781402287	0.579261378613672	0.08754412143955688	0.5765632654141857	0.00016884649142242985
G891Q	missense	43	2	4	4	15	1	6	7	2	16	9	1	0	7	15	26	43	0.00013817359628187414	8.828800725138832e-06	1.9299803142007953e-05	1.654911280206268e-05	4.140968934968671e-05	3.2530904359141185e-05	9.042992972302605e-05	2.4505974862996284e-05	1.2259709690074539e-05	5.5982191077097355e-05	4.2953481379665825e-05	2.549784543206099e-05	1.323083843823183e-05	3.003792287763301e-05	5.732445282018394e-05	0.00011756560814076522	8.292217753638211e-05	0.7629295473150388	2.1521851504724044e-05	1.9763664284201399	0.7162527729271826	3.39253392524585e-05	1.4771825890328216	0.7200554961699714	7.196254034374106e-05	1.5880791312671678	0.4440160564961975	1.8118406136398448	-0.284916117799766	0.32511086738486816	1.680542716240043	1.0684757405123566	4.2469910366974536e-05
G891E	missense	22	16	5	7	2	1	0	16	18	14	1	1	0	14	23	7	31	7.22271071473433e-05	5.002987077578672e-05	2.315976377040954e-05	2.647858048330029e-05	7.764316753066258e-06	3.2530904359141185e-05	1.291856138900372e-05	5.20751965838671e-05	7.764482803713875e-05	4.939605095038002e-05	8.590696275933164e-06	2.549784543206099e-05	1.323083843823183e-05	5.63211053955619e-05	8.59866792302759e-05	3.483425426393044e-05	6.0307038208277895e-05	0.48133094172398516	2.68581329456407e-05	-0.724942081621747	0.5193150289353643	4.692669296182977e-05	-0.058058732732045544	0.6043668251908948	5.9362269274511534e-05	0.640505174719333	-0.4010819835180594	-0.11110017823393115	-0.284916117799766	0.32511086738486816	-0.04749854654481985	0.10700534457546851	4.4382365060660666e-05
A892S	missense	213	264	188	243	256	57	49	285	159	266	174	50	47	85	141	154	298	0.0006720261273709333	0.0007798773973872636	0.0007295325587679005	0.0008075967047406589	0.0006651431351793427	0.0009433962264150943	0.000645928069450186	0.0008760886013521172	0.0006538511834706421	0.0008792497069167644	0.0007516859241441519	0.0006501950585175553	0.0006350802450351279	0.00032290767093455487	0.0005087545187791324	0.0006749136763636522	0.0005634938882585965	0.6138445140733175	0.0007455374490187914	0.5462291300821335	0.6191547242167859	0.000790218853970919	0.7202482725255098	0.678616418462278	0.000517517438583984	1.2486630891702373	-0.16450997708099666	0.42719708415893753	-0.01021506085813397	0.7758179731131251	0.8383801639259602	0.6015075286360313	0.0006844245805245648
A892F	missense	120	111	74	412	2595	50	190	135	117	350	522	84	329	89	98	170	732	0.00037997738977515387	0.0003296085604051831	0.00028949704713011925	0.0013669567174503774	0.006718722096986669	0.0008295380611581002	0.0024674452252997107	0.0004166015726709368	0.00048221524780959856	0.0011558675922388926	0.0022464670761565223	0.001083658430862592	0.004366176684616504	0.0003379266323733714	0.0003546950518248881	0.000744582184891513	0.0013814080939583656	0.9157136940256012	0.002176196105493087	3.441988443282284	0.804116245696822	0.0010752878722189874	2.162128152719774	0.7811199077761048	0.0007046529907620345	2.08824086378767	0.47341120329571307	1.8787264945524935	0.6052088920278099	1.7855554371375288	2.5641191532632424	1.8321409658450112	0.001318712322824703
A892A	silent	121	37	43	86	114	3	18	90	71	80	89	4	5	61	63	65	232	0.0003831176987815601	0.00011183147585175854	0.00016983826764966996	0.00028795456275589065	0.00029763214220087324	6.506180871828237e-05	0.0002454526663910707	0.00027875546406658274	0.00029423303256178896	0.00026673867513205213	0.0003865813324169924	6.374461358015247e-05	7.938503062939099e-05	0.00023279390230165583	0.00022929781128073576	0.0002873825976774261	0.00043911062195402343	0.722364265113638	0.00021681411211454807	1.5872333153747253	0.6551701454622987	0.00030657712604435403	1.0010088915725965	0.6962017844113108	0.0002971462333034603	1.392699965457633	0.5766416217707885	2.1136175642851533	0.09529512391184007	0.9489304850632804	1.326980724134985	1.531274024674217	0.00027351249048745415
A892Y	missense	138	119	109	401	1307	64	112	108	86	398	453	129	113	86	68	188	650	0.00043650295189046604	0.0003531520290055533	0.00042459566912417496	0.0013305486692858396	0.0033852421043368886	0.0010572543916720885	0.0014597974369574204	0.0003338939075083244	0.00035553158101216164	0.0013139349552801086	0.0019500880546368283	0.0016573599530839644	0.0015083155819584288	0.000326662411294259	0.00024721170278704324	0.0008229592569853566	0.0012268713085496535	0.8525906339235331	0.0013733846179381142	2.8364639270095395	0.8086050797787248	0.0009883621246093556	2.1971211582726853	0.7810948470791514	0.000655926169904078	2.08803559853944	0.140113098986486	1.1203381297899848	-0.04092462310614898	0.7254322262467578	2.373873561273888	0.9228851780183713	0.0010058909708171827
A892L	missense	231	154	116	176	693	38	99	170	183	243	403	45	96	161	166	190	713	0.0007285516894862455	0.00045615470413217304	0.00045161539352298605	0.0005858385931930189	0.001796145275542661	0.0006343526350032531	0.001291856138900372	0.0005238152126965456	0.0007519288609912384	0.000803509095459515	0.0017353206477384992	0.0005864504449374028	0.0012833913285084876	0.0006082679382720684	0.0005983239763106699	0.0008316678205513391	0.0013456007900222006	0.7828459573398975	0.0008224384915977098	2.1674198172560377	0.745789920333861	0.0009536434542214494	1.7074413921786353	0.7153310871308051	0.0008459651312890695	1.5493828014735367	0.30888340511942264	1.504359025300018	0.340127780448886	1.350631953722059	1.8080813369694033	1.4274954895110386	0.0008740156923694096
A892C	missense	128	204	144	166	312	59	51	163	136	171	118	142	46	86	86	82	234	0.0004050998618264037	0.0006033013828844869	0.0005596942911182306	0.0005527403675888936	0.0008100770479032462	0.0009759271307742355	0.0006717651922281935	0.0005023724846914238	0.0005598600758467373	0.0005664080508976909	0.0005111464284180233	0.0018230959483923608	0.0006218494065968961	0.000326662411294259	0.00031170171220975016	0.00036140538798827825	0.0004428798118420408	0.6553552286824997	0.0006314532723737143	0.9444315515619734	0.6269201563998277	0.0005349467599634689	0.7807842171703507	0.659516000439141	0.00036066233083358203	1.092216839725684	-0.16219989460292264	0.43245345870881396	-0.4671243016651292	0.02615852950795513	0.9391442028193361	0.22930599410838454	0.0005090207877235884
A892G	missense	193	224	115	168	238	20	67	135	153	174	110	8	60	120	148	161	230	0.0006092199472428086	0.0006621600543854125	0.0004477554328945845	0.0005593600127097187	0.0006185572346609452	0.00034157449577098246	0.000878462174452253	0.0004166015726709368	0.000629331764090493	0.000576287261087767	0.0004767836433142906	0.00011474030444427445	0.0008070811447321417	0.0004543235835241993	0.000533833966887963	0.0007053936488445914	0.0004353414320660061	0.6239507603054076	0.0005719581836626652	0.6431759487427692	0.6325929878098211	0.0005247510602908719	0.8250071528834224	0.6317296270544441	0.0005322231578306899	0.8646263285423144	0.4102376301182388	1.7349809939365664	0.8472012034356573	2.1825966990002246	0.7776031433895021	1.9587888464683956	0.000542977467261409
A892T	missense	94	96	99	130	82	18	17	135	68	108	68	11	18	103	67	67	185	0.0002983293556085919	0.0002854645567794889	0.000385996062840159	0.00043358675541404227	0.0002148127635014998	0.00030904359141184127	0.00023253410500206697	0.0004166015726709368	0.0002819733228717144	0.0003589446369060948	0.00029637902151969416	0.00015298707259236595	0.0002513859303264048	0.00039049299740922914	0.00024362892448578176	0.0002960911612434087	0.00035053465958561524	0.6094335128339338	0.0003299650346337975	0.5039154433337811	0.5988074597070253	0.00033847463849211005	0.5616298145951604	0.6184205645592401	0.0003201869356810087	0.7556154729434653	-0.12353308370360103	0.5204361358059242	0.21568623276941928	1.1464584044412693	0.607053576957469	0.8334472701235968	0.0003295422029356387
A892R	missense	227	210	103	118	433	44	54	137	83	236	286	49	39	106	96	137	575	0.0007159904534606205	0.0006209589843347645	0.0004014359053537654	0.0003938688846890918	0.001123237823610252	0.0007319453480806766	0.0007105208763952046	0.0004227280663866859	0.0003432718713220871	0.0007804576050160043	0.0012327649155964091	0.0006374461358015248	0.0005292335375292732	0.00040175721848834155	0.00034752949522236514	0.0006008908860528	0.0010855266877490021	0.6987974283196803	0.0006348753994969685	1.3611622499563927	0.7539612618422377	0.0006948056145802965	1.7711416300489007	0.7432753285378336	0.0006089260718781272	1.7782663660325495	-0.012901812135177963	0.7721671479287275	-0.0807961351438413	0.660014298876584	1.6368567486792809	0.7160907234026558	0.0006462023619851308
A892I	missense	115	92	89	120	316	16	101	95	46	182	195	18	116	55	83	90	290	0.00036427584474312273	0.0002736928224793038	0.00034739645655614313	0.00040048852980991686	0.0008204294702406679	0.0002765126870527001	0.0013176932616783795	0.0002940716983559554	0.0001920687851445011	0.0006026318215946362	0.0008418882350414501	0.00024222953160457942	0.0015480080972731243	0.00021026546014343107	0.0003009533773059657	0.0003962396422522087	0.0005484171287065271	0.7399087489883623	0.00046050181977150793	1.755533380268907	0.7579863927271073	0.00048266513503413574	1.8025198063939116	0.7202812575664459	0.00036396890210203315	1.5899282805216506	0.6780992625295654	2.344474845718484	0.8055461386575479	2.114252463655496	1.7159938223948232	2.22936365468699	0.00043571195230255894
A892V	missense	192	68	79	470	2091	93	441	125	65	700	883	128	474	45	70	330	1172	0.0006060796382364025	0.00020306241667819314	0.00030879685027212725	0.0015589264259543046	0.005414316882471537	0.0015289525048796356	0.005710004133939644	0.00038596910409219147	0.00026971361318163983	0.0023084421144144262	0.0037970877539624586	0.001644611030367934	0.0062846482581601195	0.0001727180565463898	0.0002543772593895662	0.0014412672701701217	0.0022106298693221867	0.9069582765072147	0.0018712756438440405	3.3579998034886125	0.8518839408497627	0.001690303146412679	2.534504407051745	0.8487263714288188	0.0010197481138570661	2.6419867380331765	0.5722424278953151	2.1036076140143347	0.5822177771898327	1.74783348971782	2.844830316191178	1.9257205518660774	0.0015271089680379286
A892E	missense	79	103	81	166	657	46	62	45	30	127	249	73	58	43	42	72	234	0.00025122472051249844	0.0003060650918048129	0.0003165167715289304	0.0005527403675888936	0.001702973474505866	0.0007644762524398178	0.0008138693675072344	0.00014090935546222862	0.0001266836667974369	0.0004215129681099095	0.0010738370344916454	0.0009434202809862567	0.000780619467855678	0.00016520857582698158	0.00015405946695424435	0.0003178625701583652	0.0004428798118420408	0.8172556434965074	0.0007195739263571257	2.4975037601350287	0.8443499942123948	0.0004407357562153051	2.4757730234214983	0.7403712024875646	0.000270002606195408	1.7544794715295886	0.02719070366378611	0.8633938819031326	-0.08226583022461688	0.6576029429701518	2.2425854183620384	0.7604984124366422	0.00047677076292261295
A892H	missense	41	64	35	38	41	3	11	16	16	25	13	3	13	25	25	33	66	0.00013189297826906167	0.00019129068237800804	0.00013895858262245726	0.00012908307985608892	0.00010870043454292761	6.506180871828237e-05	0.00015502273666804465	5.20751965838671e-05	6.947168824375573e-05	8.561982164732537e-05	6.013487393153215e-05	5.099569086412198e-05	0.00018523173813524564	9.762324935230729e-05	9.31522358327989e-05	0.00014804558062170436	0.00012626786124858184	0.5683029537168633	0.00014200819484987045	0.10935976315731268	0.6438584581997421	6.682539510162009e-05	0.912827878871041	0.6628495305643335	0.00011627223176384809	1.1195208644263506	0.37706926686558434	1.659509515269854	0.5601819222144908	1.7116788548257738	0.7139028354849014	1.685594185047814	0.00010836860723844622
A892K	missense	63	17	11	38	44	2	4	27	14	29	35	13	6	32	16	27	64	0.00020097977640999874	5.2972804350832996e-05	4.631952754081908e-05	0.00012908307985608892	0.00011646475129599387	4.8796356538711774e-05	6.45928069450186e-05	8.577091202048699e-05	6.129854845037269e-05	9.879210190076005e-05	0.00015463253296679695	0.00017848491802442692	9.261586906762282e-05	0.00012390643187023618	6.090723112144544e-05	0.00012191988992375652	0.00012249867136056446	0.7240456675416671	8.621004076093372e-05	1.6033626093323665	0.7011804041340084	0.00010012352383460417	1.3596849325697637	0.6415380690397501	0.00010730805606900065	0.9449645682414047	0.1217967617622782	1.0786610339520262	-0.284916117799766	0.32511086738486816	1.3026707033811784	0.7018859506684472	9.788054022151283e-05
A892M	missense	110	21	17	41	113	11	21	38	28	60	105	10	6	32	21	67	131	0.0003485742997110916	6.47445386510181e-05	6.947929131122863e-05	0.00013901254753732653	0.0002950440366165178	0.0001951854261548471	0.00028420835055808184	0.00011946662745710689	0.00011851052700405388	0.00020087727386487874	0.0004553069026244577	0.00014023814987633546	9.261586906762282e-05	0.00012390643187023618	7.882112262775292e-05	0.0002960911612434087	0.00024876653260914633	0.7922659595583151	0.00014207010352902276	2.2577836601586516	0.7773617068080325	0.00022354033273762428	1.9535613599137123	0.7239603430074082	0.00018689631208763604	1.620062653388642	0.16318944692050327	1.1728461805352515	-0.1801807672797531	0.49695209444770955	1.9438025578203353	0.8348991374914805	0.00018416891611809435
A892D	missense	91	65	84	80	80	17	25	82	49	76	106	13	4	67	54	64	205	0.0002889084285893732	0.00019423361595305433	0.0003280966534141352	0.0002680956273934154	0.00020963655233278896	0.00029277813923227067	0.00033588259611409674	0.00025424948920358645	0.00020432849483457564	0.0002535663948786174	0.0004596022507624243	0.00017848491802442692	6.615419219115915e-05	0.0002553223444598806	0.0001970528065693823	0.0002830283158944348	0.00038822655846578895	0.6232760805470173	0.0002500156122733485	0.6367039061377733	0.6959727009096133	0.00029293665741980093	1.3190879346580193	0.6789199002775369	0.00028090750634737164	1.2511488249124794	0.05964885501343372	0.9372493404461406	-0.43104415347800407	0.0853558960733157	1.0689802219027573	0.5113026182597281	0.00027461992534684037
A892Q	missense	52	0	8	45	230	7	18	14	7	71	94	8	46	7	2	66	132	0.0001664363773395302	2.942933575046278e-06	3.4739645655614314e-05	0.00015225183777897667	0.0005978523899861019	0.00013012361743656474	0.0002454526663910707	4.594870286811803e-05	3.26925591735321e-05	0.0002371010445618241	0.0004080580731068253	0.00011474030444427445	0.0006218494065968961	3.003792287763301e-05	1.0748334903784488e-05	0.00029173687946041743	0.000250651127553155	0.9268330188548743	0.00019694670174893477	3.5486534841982036	0.8479096295550836	0.0001809500949275749	2.5035223982124353	0.8270897130368577	0.00014579356619874746	2.4647668441106982	0.27561162610680723	1.4286522338365226	0.7339692263606078	1.9968148995722468	2.838980908840446	1.7127335667043848	0.00017456345429175238
A892_	nonsense	93	195	146	170	193	27	51	230	98	100	65	38	54	96	115	47	103	0.00029518904660218566	0.0005768149807090704	0.0005674142123750338	0.0005659796578305437	0.0005020924833649514	0.0004554326610279766	0.0006717651922281935	0.0007076100241690177	0.0004045704197724598	0.0003326000763992255	0.00028349297710579443	0.0004972079859251893	0.0007276961141027507	0.00036420981489130027	0.00041560228294633357	0.0002090055255835826	0.00019599787417690315	0.6122529770763399	0.0005530753335698999	0.530961893850766	0.5277699112330078	0.00043206837436162435	0.007851866277049367	0.5499637832907563	0.0002962038743995299	0.1949048819225105	0.16879332443850184	1.1855972746826735	0.1654119603319598	1.063972475645969	0.24457288068344196	1.1247848751643212	0.000427115860777018
A892W	missense	100	122	73	109	227	22	18	52	45	127	159	25	32	45	29	83	234	0.00031717120964702927	0.00036198082973069217	0.00028563708650171767	0.000364080481645379	0.0005900880732330356	0.0003741054001301236	0.0002454526663910707	0.00016235208346735037	0.0001879822152478096	0.0004215129681099095	0.0006872557020746532	0.00033147199061679287	0.00043661766846165044	0.0001727180565463898	0.00010748334903784489	0.0003657596697712696	0.0004428798118420408	0.6845245636206523	0.00040044661777770616	1.224246050413302	0.7799103839161848	0.0003647757422249306	1.9734297423423959	0.7476948766328881	0.00027221022179938626	1.8144656640203503	-0.183026222918842	0.38506511514696923	0.1196544697712847	0.9888973144303647	1.6707138189253492	0.6869812147886669	0.0003458108606006743
A892N	missense	52	85	42	63	41	7	25	52	32	54	33	4	5	26	35	25	60	0.0001664363773395302	0.0002530922874539799	0.00016597830702126838	0.0002118286438664023	0.00010870043454292761	0.00013012361743656474	0.00033588259611409674	0.00016235208346735037	0.00013485680659081992	0.00018111885348472674	0.0001460418366908638	6.374461358015247e-05	7.938503062939099e-05	0.00010137798971201142	0.00012898001884541387	0.00011321132635777392	0.00011496029158452974	0.5595380284618398	0.00018489991822114455	0.025279917905307307	0.6244657224022362	0.0001560923950584402	0.7616505131973655	0.6318093236746203	0.00011463240662493224	0.865279101549945	0.4118313731247963	1.7386074056591885	0.09529512391184007	0.9489304850632804	0.5507365108842059	1.3437689453612345	0.00015187490663483898
A892P	missense	70	20	51	106	352	17	26	51	8	119	174	35	55	30	25	68	309	0.00022296193945484235	6.180160507597183e-05	0.0002007179526768827	0.0003541510139641414	0.0009136012712774631	0.00029277813923227067	0.00034880115750310044	0.00015928883660947584	3.677912907022362e-05	0.0003951684076030402	0.0007516859241441519	0.0004589612177770978	0.0007409269525409825	0.00011639695115082791	9.31522358327989e-05	0.0003004454430264	0.0005842244326426921	0.8462704945442118	0.0003825679607486148	2.7758363317337134	0.8237810971294399	0.0003357305743567229	2.3154268139808485	0.8090097319914379	0.00027355476566317974	2.3166787121568198	0.07603927120160305	0.9745441848212232	0.20799940410312834	1.1338464824523813	2.469313952623794	1.0541953336368022	0.0003306177669228391
A893C	missense	116	164	88	115	75	22	16	122	68	108	63	14	10	97	89	90	178	0.00036741615374952897	0.00048558403988263583	0.00034353649592774155	0.0003839394170078542	0.00019669602441101187	0.0003741054001301236	0.00021961554361306325	0.0003767793635185679	0.0002819733228717144	0.0003589446369060948	0.00027490228082986126	0.00019123384074045744	0.00014553922282055013	0.0003679645552510044	0.00032245004711353465	0.0003962396422522087	0.00033734249497755446	0.5517372209551908	0.0003524389943073109	-0.04955137487996776	0.6028875905092912	0.0003231499010315596	0.5934367464654902	0.6234132174271317	0.0003559991848985755	0.7965089138626164	-0.2313309024933971	0.27515237793279107	-0.1185846960332411	0.5980139079872392	0.44679809514937957	0.4365831429600151	0.000343862693412482
A893A	silent	122	103	81	105	257	17	14	102	68	109	112	32	22	68	57	104	329	0.00038625800778796634	0.0003060650918048129	0.0003165167715289304	0.00035084119140372887	0.0006677312407636982	0.00029277813923227067	0.0001937784208350558	0.00031551442636107717	0.0002819733228717144	0.0003622377069694535	0.0004853743395902238	0.0004207144496290064	0.0003043092840793321	0.0002590770848195847	0.00020780114147316678	0.00045719958721408696	0.0006219163315228658	0.7102542376591134	0.00041028857387529264	1.4710646995852887	0.6760210545235837	0.0003612749489481172	1.1635535442044262	0.7331760391971809	0.00038649853625742604	1.695545875963349	-0.17923323390170298	0.39369570350339567	-0.14067222599607945	0.5617744889872888	1.4433880399176882	0.4777350962453422	0.0003860206863602786
A893R	missense	184	63	55	38	51	4	19	48	37	93	67	5	10	66	53	71	210	0.0005809571661851527	0.00018834774880296178	0.00021615779519048906	0.00012908307985608892	0.00013458149038648182	8.132726089785297e-05	0.0002583712277800744	0.00015009909603585223	0.0001552896560742775	0.0003095485859557148	0.0002920836733817276	7.649353629618297e-05	0.00014553922282055013	0.00025156760410017647	0.00019347002826812078	0.0003135082883753739	0.00039764953318583237	0.5785347575991506	0.00016704252855900538	0.2075110265213112	0.7049613038998217	0.00022675525286189302	1.3891591889325707	0.6853578795292362	0.0002890488634823759	1.303880535114327	0.5020080034738842	1.9437958131119601	0.2793553126387965	1.2509214415762357	0.966850250189403	1.5973586273440978	0.00022761554830109143
A893L	missense	219	194	136	184	122	23	28	243	168	182	88	19	17	193	203	129	283	0.0006908679814093707	0.0005738720471340241	0.0005288146060910178	0.0006123171736763192	0.00031833698687571657	0.0003903708523096942	0.0003746382802811079	0.0007474322333213866	0.0006906303125408657	0.0006026318215946362	0.0003822859842790258	0.0002549784543206099	0.00023815509188817295	0.0007284196297826005	0.0007308867734573452	0.0005660566317888696	0.0005352249640984664	0.5830061413855709	0.0005083352034442694	0.25040394869529886	0.5639472330416623	0.0006057450879339787	0.2898745919651183	0.5886600002140819	0.0006401469997818204	0.5118549087760523	-0.01786523166672806	0.7608733554543777	-0.029643612696459955	0.7439411887096202	0.35071114981215645	0.752407272081999	0.0005847424303866895
A893G	missense	270	114	102	151	169	14	39	197	144	153	158	20	26	139	184	140	322	0.0008510237407360885	0.0003384373611303219	0.0003975759447253638	0.0005030930291827055	0.0004399779493404213	0.00024398178269355888	0.0005167424555601488	0.000606522877859158	0.0005925526350202694	0.0005071327897572349	0.0006829603539366865	0.0002677273770366404	0.0003572326378322594	0.0005256636503585778	0.0006628139857333768	0.000613953731401774	0.000608724166914805	0.6555329259602485	0.00041977107109470314	0.9461361593230326	0.6325283813981517	0.0005972921641433372	0.8245035092911107	0.6353851292709233	0.0006027888836021335	0.8945675377300748	0.325916744418203	1.5431167805054362	0.1252583472892832	0.9980916999384241	0.8884024021147393	1.2706042402219302	0.000539950706280058
A893K	missense	46	23	14	45	25	3	2	34	27	38	34	0	2	18	19	24	79	0.00014759452330109283	7.063040580111066e-05	5.7899409426023855e-05	0.00015225183777897667	6.729074519324091e-05	6.506180871828237e-05	3.875568416701116e-05	0.00010721364002560874	0.00011442395710736236	0.00012842973247098805	0.0001503371848288304	1.2748922716030496e-05	3.9692515314695496e-05	7.134006683437841e-05	7.165556602522992e-05	0.00010885704457478262	0.00015076759552069474	0.6552858855534142	8.701809954983802e-05	0.9437663594019532	0.6608151269717781	0.00012510112860819738	1.0450147215282373	0.7105285001505728	0.00010065506823877144	1.5100461377534833	-0.22499072446237806	0.28957885437259306	0.49323513258387763	1.6018380186522772	1.1662757395612247	0.9457084365124351	0.00010425809879893563
A893M	missense	63	120	112	46	18	13	2	119	38	44	24	37	4	68	42	28	63	0.00020097977640999874	0.0003560949625805996	0.0004361755510093797	0.0001555616603393892	4.917400610275297e-05	0.0002277163305139883	3.875568416701116e-05	0.00036758962294494425	0.00015937622597096901	0.00014818815285114005	0.00010738370344916456	0.00048445906320915885	6.615419219115915e-05	0.0002590770848195847	0.00015405946695424435	0.00012627417170674784	0.00012061407641655579	0.47437696674247	0.0002492515450080303	-0.7916499112175556	0.4985195399644689	0.00019563442630405448	-0.22017135435195462	0.541068623382475	0.00016500619997428316	0.12204708351336209	-0.7690587688126537	-0.9483966070525524	-0.8646997144165762	-0.6261508048095891	-0.29659139401871604	-0.7872737059310707	0.00020329739042878933
A893V	missense	235	268	126	156	141	25	20	151	118	116	91	49	13	134	149	128	306	0.0007411129255118704	0.0007916491316874487	0.0004902149998070019	0.0005196421419847682	0.00036751099297846956	0.0004229017566688354	0.00027128978916907815	0.0004656135223969294	0.00048630181770629007	0.00038528919741296415	0.00039517202869292553	0.0006374461358015248	0.00018523173813524564	0.0005068899485600571	0.0005374167451892244	0.0005617023500058783	0.000578570647810666	0.5533669099152019	0.000542254316614422	-0.033918155932881555	0.6024632499439185	0.0004330941415522773	0.5901287712787315	0.638694150383508	0.0005461449228914565	0.9216708158766383	-0.19280604109097682	0.3628120623532493	-0.5367280907935656	-0.08804169489257617	0.49262714374082944	0.13738518373033656	0.0005071644603527186
A893T	missense	113	48	34	78	94	2	19	43	32	85	65	0	8	45	49	63	159	0.00035799522673031026	0.0001442037451772676	0.00013509862199405565	0.00026147598227259036	0.00024587003051376483	4.8796356538711774e-05	0.0002583712277800744	0.00013478286174647955	0.00013485680659081992	0.00028320402544884546	0.00028349297710579443	1.2748922716030496e-05	0.00011907754594408647	0.0001727180565463898	0.0001791389150630748	0.0002786740341114435	0.0003015351910413895	0.6935465430424	0.0001966620949894196	1.310791755205543	0.7138514137945741	0.00020908416772298487	1.45846263371064	0.6901759666080491	0.00023301654919057443	1.3433441558615	0.7238567530902406	2.448591694849287	0.97035638730354	2.3846596873793295	1.370866181592561	2.4166256911143082	0.00021292093730099294
A893F	missense	168	188	116	142	52	36	20	203	103	109	38	39	22	130	168	92	104	0.000530712222082653	0.0005562144456837465	0.00045161539352298605	0.00047330462613899267	0.00013716959597083722	0.0006018217306441119	0.00027128978916907815	0.0006249023590064052	0.00042500326925591734	0.0003622377069694535	0.0001675185773806967	0.0005099569086412198	0.0003043092840793321	0.0004918709871212406	0.0006054895329131928	0.0004049482058181913	0.00019788246912091185	0.5295725285767966	0.00040457601532914065	-0.26217200209701924	0.5114537962437719	0.00039491547815311825	-0.11934149663251435	0.5454128567792609	0.00042504779874338416	0.15762949960580877	-0.34603441718715383	0.014155361098866283	-0.22421827744615433	0.4246989368823397	-0.07462799970790827	0.21942714899060298	0.0004081797640752144
A893S	missense	271	111	70	137	122	6	28	152	96	137	123	9	11	133	139	126	333	0.0008541640497424947	0.0003296085604051831	0.00027405720461651294	0.00045675551333693	0.00031833698687571657	0.00011385816525699414	0.0003746382802811079	0.00046867676925480396	0.00039639727997907675	0.0004544436687434962	0.0005326231691078562	0.00012748922716030494	0.00015877006125878198	0.0005031352082003529	0.0005015889621766095	0.0005529937864398956	0.0006294547112989005	0.6384979778440995	0.00034468956630858566	0.7827239498850989	0.6418646449944764	0.00046303522177130823	0.8972849750144216	0.6495958709520683	0.0005467931670289397	1.0109637985421398	0.5172479700306212	1.9784729179816476	0.09529512391184007	0.9489304850632804	0.8969909078138868	1.463701701522464	0.00045150598503627785
A893N	missense	77	80	37	31	74	13	10	60	26	55	48	14	8	43	41	43	102	0.00024494410249968596	0.00023837761957874848	0.00014667850387926044	0.00010591432193320116	0.00019410791882665645	0.0002277163305139883	0.00014210417527904092	0.00018685805833034666	0.00011033738721067085	0.0001844119235480854	0.00021047205876036253	0.00019123384074045744	0.00011907754594408647	0.00016520857582698158	0.00015047668865298284	0.0001915883984516174	0.00019411327923289447	0.593329666125039	0.00017126959105446664	0.3494350684475446	0.6511741159677599	0.00017301985696236636	0.9698575770573757	0.6477809024398685	0.00017534673554111909	0.9960978926625063	-0.20478733837409116	0.33554975171662976	-0.20573487175214128	0.4550250025229239	0.7717968460558088	0.3952873771197768	0.00017321206118598405
A893_	nonsense	70	181	179	123	49	31	10	175	120	84	27	26	23	103	122	59	81	0.00022296193945484235	0.0005356139106584226	0.0006947929131122863	0.0004104179974911545	0.00012940527921777097	0.000520494469746259	0.00014210417527904092	0.0005391314469859182	0.000494474957499673	0.0002799109553854868	0.0001202697478630643	0.0003442209133328234	0.00031754012251756396	0.00039049299740922914	0.00044068173105516405	0.00026125690697947825	0.0001545367854087121	0.5188696719754217	0.0004425575251199086	-0.3648419622637915	0.4967427179785734	0.0003584467769335356	-0.2340226886816524	0.5360549387980318	0.0003117421052131459	0.08098137761184869	-0.5638092810157591	-0.48137077820411606	-0.035038644583166134	0.7350894600921885	-0.1726277577778651	0.1268593409440362	0.0003709154690888634
A893W	missense	101	61	23	45	108	6	20	35	28	55	67	9	8	30	38	53	85	0.0003203115186534355	0.0001824618816528692	9.263905508163816e-05	0.00015225183777897667	0.0002821035086947407	0.00011385816525699414	0.00027128978916907815	0.00011027688688348328	0.00011851052700405388	0.0001844119235480854	0.0002920836733817276	0.00012748922716030494	0.00011907754594408647	0.00011639695115082791	0.00013972835374919835	0.00023513121628153044	0.00016207516518474684	0.6881712045387797	0.00017736407080205617	1.259227410226958	0.7333468881751286	0.00017632075270433754	1.6104409048625585	0.66947157345277	0.0001633329215915759	1.173760189047515	0.37706926686558434	1.659509515269854	-0.029643612696459955	0.7439411887096202	1.3478095013790103	1.201725351989737	0.00017233924836598986
A893Q	missense	22	8	1	9	81	4	20	1	10	30	35	4	18	1	2	24	116	7.22271071473433e-05	2.6486402175416498e-05	7.71992125680318e-06	3.309822560412536e-05	0.00021222465791714438	8.132726089785297e-05	0.00027128978916907815	6.126493715749071e-06	4.4952268863606643e-05	0.00010208517196411871	0.00015463253296679695	6.374461358015247e-05	0.0002513859303264048	7.509480719408253e-06	1.0748334903784488e-05	0.00010885704457478262	0.00022049760844901605	0.8855242390956317	6.988230173837236e-05	3.1523881757501235	0.8291328742819644	7.694911687756784e-05	2.3571469498110527	0.8900484229351453	8.690311716174785e-05	2.980444250831512	0.5231973025438224	1.9920100623511487	0.5958974744810254	1.7702780221196817	2.829993125464229	1.881144042235415	7.791151192589601e-05
A893D	missense	65	15	12	25	46	3	9	17	22	22	21	2	0	27	18	22	74	0.00020726039442281122	4.7086937200740445e-05	5.017948816922067e-05	8.605538657072594e-05	0.0001216409624647047	6.506180871828237e-05	0.0001291856138900372	5.513844344174164e-05	9.39911076239048e-05	7.574061145724937e-05	9.449765903526481e-05	3.824676814809149e-05	1.323083843823183e-05	0.00010513273007171553	6.807278772396843e-05	0.0001001484810088	0.00014134462080065132	0.7313810061324034	7.624069360134795e-05	1.6737287694119043	0.6640721700322172	7.984195538954016e-05	1.0704052179957975	0.667413743023072	0.00010367465490128381	1.1569050682680038	0.2978880208179594	1.4793400665585499	-0.4610073768554473	0.036194681198171916	1.3003463518919018	0.7577673738783609	8.65857679640573e-05
A893I	missense	67	62	27	42	26	4	8	36	19	41	28	7	3	20	39	41	61	0.00021354101243562366	0.0001854048152279155	0.00010807889759524453	0.00014232237009773906	6.987885077759632e-05	8.132726089785297e-05	0.00011626705250103349	0.00011334013374135781	8.173139793383026e-05	0.00013830894266106405	0.0001245650960010309	0.00010199138172824396	5.292335375292732e-05	7.884954755378666e-05	0.00014331113205045984	0.0001828798348856348	0.00011684488652853843	0.5477942143331963	0.00012642123342462386	-0.08737570046847397	0.6496351415299696	0.00011448639258432075	0.9578603991566599	0.6617788405892796	0.00013047135025460495	1.1107511385118622	0.15522051724922792	1.1547136335325272	-0.284916117799766	0.32511086738486816	0.6604119457333494	0.7399122504586977	0.00012379299208784984
A893P	missense	51	9	15	60	216	17	25	22	18	109	116	10	67	25	40	45	155	0.00016329606833312397	2.9429335750462777e-05	6.175937005442545e-05	0.00020189917618516472	0.000561618911805126	0.00029277813923227067	0.00033588259611409674	7.045467773111431e-05	7.764482803713875e-05	0.0003622377069694535	0.0005025557321420901	0.00014023814987633546	0.0008996970137997645	9.762324935230729e-05	0.00014689391035172135	0.0002002969620176	0.00029399681126535473	0.8789918582171279	0.00021367669844879475	3.089724598205413	0.8200966351079743	0.0002532232362199492	2.2867043444878377	0.7337090940180262	0.00018470273324674584	1.6999119807977339	0.05964885501343372	0.9372493404461406	0.8072301054122264	2.117015379061042	2.358780307830328	1.5271323597535913	0.0002172008893051633
A893E	missense	68	51	35	84	89	5	12	39	37	67	65	5	25	51	30	62	182	0.0002166813214420299	0.00015303254590240644	0.00013895858262245726	0.0002813349176350656	0.00023292950259198774	9.759271307742355e-05	0.00016794129805704837	0.0001225298743149814	0.0001552896560742775	0.00022392876430838942	0.00028349297710579443	7.649353629618297e-05	0.0003440017993940276	0.00019524649870461457	0.00011106612733910638	0.00027431975232845217	0.0003448808747535892	0.6842348179297483	0.00020156388718797926	1.2214665888497613	0.7127960119409973	0.00019631031795086068	1.4502351781511533	0.7076780101566367	0.0002313783132814406	1.4866985613763413	0.23574011406911502	1.3379283730526645	0.6529359754513895	1.8638621457981484	1.3861334427924188	1.6008952594254064	0.00020975083947342684
A893H	missense	13	6	3	13	26	1	3	6	8	5	3	0	0	5	1	6	19	4.396432608968722e-05	2.0600535025323943e-05	1.543984251360636e-05	4.6337515845775506e-05	6.987885077759632e-05	3.2530904359141185e-05	5.167424555601488e-05	2.1442728005121748e-05	3.677912907022362e-05	1.9758420380152007e-05	1.718139255186633e-05	1.2748922716030496e-05	1.323083843823183e-05	2.252844215822476e-05	7.165556602522992e-06	3.047997248093913e-05	3.7691898880173686e-05	0.7717362099232051	3.806418604057553e-05	2.0608466501832234	0.5858498949110346	2.3790417501840927e-05	0.46061825377887927	0.7128814876404161	2.446646753046514e-05	1.529318808504984	0.200978007809903	1.2588304826633299	0.01611387786421517	0.8190163499252244	1.350261237489029	1.038923416294277	2.8773690357627198e-05
A893Y	missense	83	29	21	41	75	4	9	24	18	50	65	2	11	50	31	56	136	0.00026378595653812334	8.828800725138832e-05	8.491913382483498e-05	0.00013901254753732653	0.00019669602441101187	8.132726089785297e-05	0.0001291856138900372	7.658117144686338e-05	7.764482803713875e-05	0.00016794657323129206	0.00028349297710579443	3.824676814809149e-05	0.00015877006125878198	0.00019149175834491045	0.00011464890564036788	0.00024819406163050433	0.00025818950732918976	0.7181680471548576	0.00012722892825614042	1.5469799936004491	0.7717470707185228	0.00015141638745527216	1.9097920897039056	0.6763274542184594	0.0002031310582362431	1.2299148151468975	0.200978007809903	1.2588304826633299	0.6181738691921775	1.806827315005937	1.5622289661504174	1.5328288988346335	0.00016059212464921856
L894F	missense	101	36	48	98	150	12	27	73	33	91	89	9	28	34	48	67	114	0.0003203115186534355	0.00010888854227671227	0.00018913807079167793	0.0003276724334808411	0.0003908039432376683	0.0002114508783344177	0.0003617197188921042	0.00022668026748271563	0.00013894337648751146	0.00030296244582899746	0.0003865813324169924	0.00012748922716030494	0.0003836943147087231	0.00013141591258964444	0.00017555613676181332	0.0002960911612434087	0.00021672841856099868	0.7460375886078773	0.00025412574744672486	1.814325882405514	0.7012583087042571	0.00026379185555405423	1.360292242844452	0.682403693970276	0.0002049479072889663	1.2796836169996164	0.23316269118130437	1.3320636906439864	0.4785118757631712	1.577681298825879	1.4847672474165272	1.4548724947349327	0.0002409551700965818
L894G	missense	236	327	275	385	452	79	105	304	214	302	247	136	157	165	224	195	450	0.0007442532345182766	0.0009652822126151791	0.001065349133438839	0.001277591508319239	0.001172411829713005	0.0013012361743656475	0.0013693675072343945	0.0009342902916517333	0.0008786125277886753	0.0009978002291976763	0.0010652463382157123	0.0017466024120961778	0.0020904724732406293	0.000623286899710885	0.0008061251177838367	0.0008534392294662957	0.0008499523197479166	0.64825650507546	0.0011201586710215656	0.876335182796641	0.6415138844058985	0.0009689873467134493	0.8945505974455709	0.6540199479598079	0.0007832008916772335	1.0472001916030846	0.022163890418748503	0.8519558430196782	0.07805039766223103	0.9206367437010518	0.9393619906150988	0.886296293360365	0.0009574489698040827
L894H	missense	40	32	29	42	27	29	5	91	66	39	18	61	2	33	32	16	52	0.00012875266926265546	9.711680797652717e-05	0.00011579881885204771	0.00014232237009773906	7.246695636195174e-05	0.00048796356538711777	7.751136833402232e-05	0.00028181871092445725	0.00027380018307833135	0.00013172280253434673	8.161161462136506e-05	0.0007904332083938907	3.9692515314695496e-05	0.0001276611722299403	0.00011823168394162938	7.402279031085218e-05	9.988353203246026e-05	0.6111393925785122	0.00010692623832206643	0.5202795423727868	0.5042679186961436	0.0001922383277896251	-0.17535948445266308	0.5870229681384739	0.00010494979462872053	0.49844643111137077	-0.799021992190097	-1.0165750925777817	-1.2991565569143761	-1.3389721831693617	0.28112216301049814	-1.1777736378735717	0.0001347047869134707
L894C	missense	88	159	66	187	438	22	58	65	82	165	156	11	83	73	55	94	223	0.0002794875015701545	0.00047086937200740444	0.00025861736210290657	0.0006222466413575568	0.001136178351532029	0.0003741054001301236	0.0007621951219512195	0.00020217429261971934	0.0003391853014253956	0.0005466496305175389	0.0006743696576607534	0.00015298707259236595	0.0011113904288114738	0.00027785078661810535	0.00020063558487064378	0.0004136567693841739	0.00042214926745794525	0.743551041834684	0.0006219779317499742	1.7904730300629186	0.7401887968441805	0.00044059472055585174	1.6637774603422746	0.6864319750059801	0.0003285731020827171	1.3126781545527282	0.3090721877704732	1.504788582396727	0.8612119178784721	2.20558433736613	1.5889762149859736	1.8551864598814287	0.0004637152514628477
L894L	silent	162	77	72	108	97	16	24	94	62	121	107	9	20	70	70	79	218	0.0005118703680442155	0.00022954881885360967	0.0002817771258733161	0.00036077065908496646	0.0002536343472668311	0.0002765126870527001	0.000322964034725093	0.0002910084514980809	0.0002574539034915653	0.0004017545477297575	0.0004638975989003909	0.00012748922716030494	0.00027784760720286846	0.000266586565538993	0.0002543772593895662	0.00034834254263930433	0.0004127262927379018	0.6417946566524599	0.0002814327377696808	0.8143482063376736	0.6836027586243659	0.0003535286254049486	1.222657224326803	0.6769082392877077	0.00032050816507644134	1.2346718652652366	0.0674390994396855	0.9549753060461249	0.3383331725981345	1.3476875074234733	1.0905590986432376	1.151331406734799	0.0003184898427503569
L894D	missense	57	2	7	59	296	11	32	32	10	124	164	7	62	8	13	37	194	0.00018213792237156137	8.828800725138832e-06	3.087968502721272e-05	0.00019858935362475217	0.0007686673585535596	0.0001951854261548471	0.0004263125258371228	0.00010108714630985967	4.4952268863606643e-05	0.0004116337579198335	0.0007087324427644861	0.00010199138172824396	0.0008335428216086053	3.379266323733714e-05	5.0158896217660946e-05	0.00016546270775366956	0.0003674960140816934	0.9287872295775348	0.0002517412994826658	3.5673997633016024	0.8411252041804347	0.0003166014039644465	2.4506339575891696	0.8512107428599522	0.00015422757032259026	2.6623355383660914	0.33928070597618454	1.5735252131417754	0.9123644403258533	2.2895112271991658	2.893456419752288	1.9315182201704706	0.00024085675792323417
L894N	missense	46	73	56	66	37	9	7	85	35	45	38	20	8	35	48	40	93	0.00014759452330109283	0.00021777708455342454	0.00022001775581889066	0.00022175811154763993	9.834801220550593e-05	0.00016265452179570593	0.00010334849111202976	0.00026343922977721003	0.00014711651628089448	0.00015148122291449873	0.0001675185773806967	0.0002677273770366404	0.00011907754594408647	0.00013517065294934856	0.00017555613676181332	0.00017852555310264348	0.00017715192473681632	0.566195011256117	0.00018947524103136526	0.0891387720201551	0.5764435103720849	0.000182388886588325	0.3872901555692963	0.6491807484548862	0.0001666010668876554	1.0075636448038536	-0.19696200086213458	0.3533555683194792	-0.35186290743037923	0.21527003121137156	0.4946641907977683	0.28431279976542534	0.00017948839816911522
L894V	missense	200	74	62	55	173	4	11	98	40	102	82	3	13	68	62	80	208	0.0006312021102876523	0.00022072001812847083	0.00024317751958930018	0.00018535006338310202	0.000450330371677843	8.132726089785297e-05	0.00015502273666804465	0.000303261438929579	0.00016754936576435204	0.0003391862165259428	0.00035651389545122633	5.099569086412198e-05	0.00018523173813524564	0.0002590770848195847	0.00022571503297947427	0.0003526968244222957	0.000393880343297815	0.6967324760116061	0.000274894493194679	1.3413536531385095	0.6605112643600713	0.000291627729167775	1.04264594026683	0.6789431563226651	0.0003078423213797924	1.2513393087559646	0.2801592538575279	1.4389999313746338	0.5601819222144908	1.7116788548257738	1.2117796340537679	1.5753393931002038	0.0002914548479140821
L894S	missense	190	621	420	382	215	122	70	422	267	226	97	209	75	193	204	105	226	0.00059979902022359	0.0018305046836787848	0.0016250434245570695	0.0012676620406380013	0.0005590308062207706	0.0020006506180871826	0.0009172178586192641	0.0012957534208809286	0.0010952007323133254	0.0007475269043824177	0.00042094411752072506	0.002677273770366404	0.0010055437213056192	0.0007284196297826005	0.0007344695517586068	0.00046155386899707825	0.0004278030522899713	0.5262776241239647	0.0013205602387736568	-0.2937792375786299	0.5206256420697835	0.0008898562937743491	-0.047841760606622714	0.5625721457340859	0.0005880615257070642	0.29817649689486736	-0.33869875057440074	0.03084697780763474	-0.4252918245889127	0.09479384849208011	-0.014481500430128413	0.06282041314985742	0.0009328260194183567
L894R	missense	168	184	101	157	241	26	19	123	122	199	187	58	76	129	119	113	315	0.000530712222082653	0.0005444427113835613	0.0003937159840969622	0.0005229519645451807	0.0006263215514140115	0.000439167208848406	0.0002583712277800744	0.0003798426103764424	0.0005026480972930561	0.0006586140126717336	0.0008075254499377174	0.0007521864402457992	0.001018774559743851	0.0004881162467615364	0.00042993339615137957	0.0004963881232610087	0.0005955320023067442	0.6474481840946237	0.0005218580528599289	0.8685811517005161	0.7015879645650845	0.0005871575425697374	1.3628620971001466	0.6491733731422655	0.0005024924421201673	1.0075032356548717	-0.2303857563490843	0.27730296873897814	0.13175259139455286	1.0087469263768167	1.0796488281518448	0.6430249475578974	0.0005371693458499446
L894I	missense	51	81	72	73	52	9	12	60	40	56	47	16	10	55	48	38	66	0.00016329606833312397	0.00024132055315379477	0.0002817771258733161	0.00024492686947052766	0.00013716959597083722	0.00016265452179570593	0.00016794129805704837	0.00018685805833034666	0.00016754936576435204	0.0001877049936114441	0.00020617671062239594	0.00021673168617251842	0.00014553922282055013	0.00021026546014343107	0.00017555613676181332	0.00016981698953666088	0.00012626786124858184	0.5767640593890537	0.00022629853611711895	0.19052513934473544	0.6380483628864351	0.00018707228208213468	0.8675348932422837	0.577755259760595	0.00017047661192262176	0.42253719106705884	0.013891364452758636	0.833132491315338	-0.1729423583558338	0.5088282858701197	0.4935324078846926	0.6709803885927288	0.00019461581004062513
L894T	missense	66	66	55	70	39	9	6	59	28	43	23	13	9	36	39	32	47	0.00021040070342921743	0.0001971765495281006	0.00021615779519048906	0.00023499740178929007	0.00010352422337421678	0.00016265452179570593	9.042992972302605e-05	0.00018379481147247213	0.00011851052700405388	0.0001448950827877814	0.00010308835531119797	0.00017848491802442692	0.0001323083843823183	0.00013892539330905267	0.00014331113205045984	0.00014369129883871304	9.046055731241685e-05	0.5814216115913872	0.00018796399247052411	0.23520393089528338	0.5759950906952366	0.00013757219414387635	0.383794470062619	0.58989697812879	0.0001290970953776606	0.5219866532838118	-0.2549539478398213	0.22140036884736392	-0.13001415781402287	0.579261378613672	0.3803283514139047	0.40033087373051796	0.00015154442733068702
L894P	missense	65	20	40	61	25	7	6	37	15	29	14	8	0	14	27	43	44	0.00020726039442281122	6.180160507597183e-05	0.0001582583857644652	0.00020520899874557725	6.729074519324091e-05	0.00013012361743656474	9.042992972302605e-05	0.00011640338059923235	6.53851183470642e-05	9.879210190076005e-05	6.443022206949873e-05	0.00011474030444427445	1.323083843823183e-05	5.63211053955619e-05	0.00010031779243532189	0.0001915883984516174	8.480677248039078e-05	0.6410939955235431	0.0001231399336948138	0.8076269306189034	0.5806128083896602	8.625270572913882e-05	0.4197921964152602	0.6760143485291076	0.000108258517190723	1.227350252909594	-0.15804393483176488	0.4419099527425841	-0.9381286315751097	-0.7466269875288806	0.8182564599812526	-0.15235851739314824	0.00010588371887155854
L894E	missense	50	12	13	40	231	11	30	21	19	54	53	7	57	24	57	58	139	0.00016015575932671776	3.825813647560161e-05	5.4039448797622264e-05	0.000135702724976914	0.0006004404955704573	0.0001951854261548471	0.00040047540305911534	6.739143087323978e-05	8.173139793383026e-05	0.00018111885348472674	0.00023194879945019544	0.00010199138172824396	0.0007673886294174461	9.386850899260315e-05	0.00020780114147316678	0.00025690262519648696	0.0002638432921612158	0.8917979324896355	0.0002071102014551488	3.2125702257252824	0.7568635721659945	0.00014054762043549804	1.7937667838020657	0.7099670554493246	0.00020560389195586816	1.5054474992485878	0.3121284599325697	1.5117428411138158	0.8764518844352088	2.2305888324148757	2.1705948362586454	1.8711658367643458	0.00018442057128217166
L894Y	missense	84	43	25	44	91	6	19	20	30	56	84	6	35	41	44	37	118	0.0002669262655445296	0.0001294890773020362	0.00010035897633844135	0.00014894201521856415	0.0002381057137606986	0.00011385816525699414	0.0002583712277800744	6.432818401536524e-05	0.0001266836667974369	0.0001877049936114441	0.0003651045917271595	8.924245901221346e-05	0.0004763101837763459	0.00015769909510757332	0.00016122502355676732	0.00016546270775366956	0.00022426679833703343	0.7008703817576011	0.00015422394565493507	1.3810475997116682	0.7868921059424299	0.00018595535903785144	2.0278562221755996	0.6609732856012304	0.00017716340618876091	1.1041530600588674	0.35587996779564623	1.6112952660306654	0.7273183386172456	1.9859026650191367	1.504352293982045	1.798598965524901	0.00017244757029384917
L894M	missense	58	51	24	45	84	5	11	62	18	64	39	2	4	33	68	51	104	0.0001852782313779676	0.00015303254590240644	9.649901571003975e-05	0.00015225183777897667	0.00021998897467021065	9.759271307742355e-05	0.00015502273666804465	0.00019298455204609573	7.764482803713875e-05	0.00021404955411831342	0.0001718139255186633	3.824676814809149e-05	6.615419219115915e-05	0.0001276611722299403	0.00024721170278704324	0.00022642265271554784	0.00019788246912091185	0.6765908472050641	0.00015544309351540837	1.1481397940463558	0.6388792154056984	0.0001641232149300528	0.8740118594855776	0.6546984591275351	0.0001997944992133608	1.0527576892069896	0.20097800780990308	1.2588304826633299	0.23796262748057148	1.183007697327525	1.0249697809129745	1.2209190899954274	0.00017312026921960732
L894K	missense	50	78	38	54	109	6	30	68	40	67	61	6	28	53	47	64	105	0.00016015575932671776	0.00023249175242865593	0.00015053846450766202	0.0001820402408226895	0.0002846916142790961	0.00011385816525699414	0.00040047540305911534	0.00021136403319334295	0.00016754936576435204	0.00022392876430838942	0.0002663115845539281	8.924245901221346e-05	0.0003836943147087231	0.00020275597942402283	0.0001719733584605518	0.0002830283158944348	0.00019976706406492052	0.6526697101541609	0.0002124405180095259	0.918670010451887	0.6568157249480682	0.0002172884369550031	1.0138371162368685	0.6398812345044198	0.0002143811794609825	0.9313938940975903	0.5462116659659377	2.044377073192455	0.6334138357489144	1.831831810054683	0.9546336735954486	1.938104441623569	0.00021470337814183719
L894_	nonsense	56	73	64	64	44	7	0	59	50	29	16	12	10	53	70	32	23	0.00017899761336515513	0.00021777708455342454	0.00025089744084610336	0.00021513846642681487	0.00011646475129599387	0.00013012361743656474	1.291856138900372e-05	0.00018379481147247213	0.00020841506473126716	9.879210190076005e-05	7.30209183454319e-05	0.00016573599530839644	0.00014553922282055013	0.00020275597942402283	0.0002543772593895662	0.00014369129883871304	4.5230278656208424e-05	0.5719409250240057	0.00020006943578058416	0.1442579574528605	0.5270552523236839	0.0001410057241124828	0.002280695071762264	0.5121490761830784	0.0001615137040771276	-0.11482494146011389	-1.0031419748460217	-1.481030839131192	-0.05643678928439662	0.6999811282436683	0.010571237021502955	-0.3905248554437618	0.00016752962132339817
L894W	missense	85	21	12	25	70	5	5	35	25	35	66	9	5	23	34	54	129	0.0002700665745509358	6.47445386510181e-05	5.017948816922067e-05	8.605538657072594e-05	0.00018375549648923478	9.759271307742355e-05	7.751136833402232e-05	0.00011027688688348328	0.00010625081731397933	0.00011855052228091205	0.000287788325243761	0.00012748922716030494	7.938503062939099e-05	9.011376863289904e-05	0.00012539724054415238	0.00023948549806452176	0.00024499734272112893	0.7526556798675031	9.618372747004987e-05	1.877811659269848	0.7343400381151829	0.0001557166379305339	1.6181830714771157	0.7283471543742663	0.00017499846249067552	1.6559938138760382	-0.10005198785407812	0.5738651522146996	-0.2057348717521411	0.45502500252292416	1.717329514874334	0.5144450773688118	0.00014229960929708642
L894A	missense	114	18	12	12	95	11	22	50	27	60	72	6	24	46	30	62	154	0.0003611355357367165	5.591573792587927e-05	5.017948816922067e-05	4.302769328536297e-05	0.00024845813609812025	0.0001951854261548471	0.0002971269119470856	0.0001562255897516013	0.00011442395710736236	0.00020087727386487874	0.0003135604140715605	8.924245901221346e-05	0.00033077096095579576	0.00017647279690609393	0.00011106612733910638	0.00027431975232845217	0.00029211221632134606	0.8043582062612877	9.939526386964579e-05	2.3737817094235076	0.7139165185991927	0.00019627180869885073	1.4589701625584375	0.6996764157127179	0.00021349272322374963	1.4211597109275658	0.18249460211588994	1.2167732382977292	0.5689558465219959	1.7260743947430248	1.751303860969837	1.471423816520377	0.00016971993193074872
L894Q	missense	31	30	18	24	63	4	7	20	20	27	21	1	2	25	19	27	73	0.00010048988820499937	9.12309408264346e-05	7.333925193963022e-05	8.274556401031341e-05	0.00016563875739874684	8.132726089785297e-05	0.00010334849111202976	6.432818401536524e-05	8.581796783052178e-05	9.22059617740427e-05	9.449765903526481e-05	2.549784543206099e-05	3.9692515314695496e-05	9.762324935230729e-05	7.165556602522992e-05	0.00012191988992375652	0.00013946002585664264	0.6954162788522535	0.00010323862854378128	1.328727686543293	0.6609568370194524	8.421244316379864e-05	1.046119431658906	0.6760191250909151	0.0001076646827894841	1.2273893764083113	0.1040679948018466	1.0383208987681096	0.19220513691989644	1.1079325361119206	1.2007454982035035	1.0731267174400152	9.8371918165688e-05
Q895P	missense	73	43	37	59	53	13	10	65	71	64	60	8	6	52	67	57	156	0.00023238286647406104	0.0001294890773020362	0.00014667850387926044	0.00019858935362475217	0.00013975770155519264	0.0002277163305139883	0.00014210417527904092	0.00020217429261971934	0.00029423303256178896	0.00021404955411831342	0.0002620162364159615	0.00011474030444427445	9.261586906762282e-05	0.0001990012390643187	0.00024362892448578176	0.0002525483434134957	0.0002958814062093634	0.6418256209068419	0.00015362865909031038	0.8146452390722413	0.63776929296808	0.00024311827892894582	0.8653593850759163	0.6627827713013562	0.0002477649782932399	1.118974057738883	-0.20478733837409116	0.33554975171662976	-0.09303059156085286	0.6399409999120249	0.9329928939623467	0.4877453758143273	0.0002148373054374987
Q895_	nonsense	70	68	29	67	46	14	5	75	46	41	21	9	4	72	80	38	62	0.00022296193945484235	0.00020306241667819314	0.00011579881885204771	0.00022506793410805246	0.0001216409624647047	0.00024398178269355888	7.751136833402232e-05	0.0002328067611984647	0.0001920687851445011	0.00013830894266106405	9.449765903526481e-05	0.00012748922716030494	6.615419219115915e-05	0.00027409604625840123	0.0002902050424021812	0.00016981698953666088	0.0001187294814725471	0.5996466899442443	0.0001663925330257495	0.4100327768954968	0.5359206570433941	0.00016442053700982368	0.07139154900961293	0.5390397746682065	0.0002132118899174476	0.10542934396162983	-0.4979919965261158	-0.33160976212915133	-0.284916117799766	0.32511086738486816	0.19561788995557983	-0.003249447372141584	0.0001813416533176736
Q895L	missense	184	394	461	435	282	72	57	359	358	289	165	85	30	324	272	158	282	0.0005809571661851527	0.0011624587621432796	0.0017833018103215346	0.0014430826363398658	0.0007324338803725836	0.0011873780091086533	0.0007492765605622158	0.0011027688688348327	0.001467078592912253	0.0009549903183740137	0.0007130277909024527	0.0010964073535786225	0.00041015599158518673	0.0012202906169038411	0.0009780984762443885	0.0006923308034956174	0.0005333403691544576	0.585207830222196	0.0012803192722943158	0.2715242265402702	0.5754080686327286	0.0010594663927558882	0.379218300411832	0.539333487371833	0.0008560150664495762	0.10783506360823204	-0.1999468544115968	0.3465638159117546	-0.4270228795450799	0.09195367460328269	0.25285919685344477	0.21925874525751865	0.0010652669104999266
Q895Y	missense	86	38	39	61	69	13	19	76	58	73	59	12	13	60	73	54	212	0.00027320688355734205	0.00011477440942680483	0.00015439842513606362	0.00020520899874557725	0.00018116739090487936	0.0002277163305139883	0.0002583712277800744	0.00023587000805633924	0.00024110762390479928	0.00024368718468854142	0.0002577208882779949	0.00016573599530839644	0.00018523173813524564	0.0002290391619419517	0.0002651255942933507	0.00023948549806452176	0.0004014187230738497	0.6726679532234461	0.00016388730605333126	1.1105084042378206	0.633704670497734	0.0002445964262319187	0.8336733494416886	0.6791265109174351	0.0002837672443434185	1.2528411156083303	0.05484997213166504	0.926329935582035	0.048298561235616405	0.8718223553065099	1.0656742897626132	0.8990761454442724	0.0002307503255428895
Q895W	missense	89	248	174	210	180	22	33	258	192	118	83	33	21	217	193	101	178	0.0002826278105765607	0.0007327904601865231	0.0006754931099702783	0.0006983725602470452	0.0004684471107683309	0.0003741054001301236	0.0004392310872261265	0.0007933809361895047	0.000788707990061462	0.0003918753375396815	0.0003608092435891929	0.00043346337234503684	0.00029107844564110026	0.0008185333984154996	0.0006950589904447303	0.00044413674186511305	0.00033734249497755446	0.587615547521347	0.0006437758102930444	0.294620886469819	0.5342766533366875	0.0005836933768449602	0.05857560843615222	0.5327101265644328	0.0005737679064257244	0.05358494427678012	0.06969909317058408	0.9601177083814215	-0.1729423583558338	0.5088282858701197	0.1355938130609171	0.7344729971257706	0.000600412364521243
Q895S	missense	154	448	323	265	232	60	58	361	219	267	143	89	40	219	253	153	298	0.0004867478959929657	0.0013213771751957786	0.0012506272436021153	0.0008804128010697346	0.0006030286011548127	0.0009921925829538061	0.0007621951219512195	0.001108895362550582	0.0008990453772721328	0.000882542776980123	0.0006185301318671878	0.0011474030444427446	0.0005424643759675051	0.0008260428791349078	0.00091002568852042	0.0006705593945806609	0.0005634938882585965	0.5471645327017763	0.0010138614552556104	-0.09341608673388753	0.5720079614500068	0.0008772534121675064	0.3527125380346565	0.5817731006390506	0.0007425304626236462	0.4554462161751988	-0.114529811222701	0.540922232204379	-0.3253447748553742	0.2587788218773581	0.23824755582532262	0.39985052704086854	0.0008778817766822543
Q895C	missense	93	40	43	99	120	10	14	52	50	124	86	18	7	67	66	106	204	0.00029518904660218566	0.00012066027657689738	0.00016983826764966996	0.00033098225604125364	0.0003131607757070057	0.0001789199739752765	0.0001937784208350558	0.00016235208346735037	0.00020841506473126716	0.0004116337579198335	0.0003736952880030926	0.00024222953160457942	0.00010584670750585465	0.0002553223444598806	0.00024004614618452024	0.0004659081507800696	0.00038634196352178027	0.7237872657242304	0.00023366039399370667	1.6008838220990738	0.715525372267138	0.0002890240485303859	1.4715120886597397	0.6824087560372779	0.0003369046512365627	1.2797250789925387	0.03464658604337805	0.8803590382379981	-0.35954973609667024	0.2026581092224833	1.450706996583784	0.5415085737302407	0.0002865296979202184
Q895A	missense	125	79	77	81	69	11	22	73	69	93	55	7	21	84	93	84	122	0.000395678934807185	0.00023543468600370222	0.00030107692901532404	0.000271405449953828	0.00018116739090487936	0.0001951854261548471	0.0002971269119470856	0.00022668026748271563	0.00028605989276840593	0.0003095485859557148	0.0002405394957261286	0.00010199138172824396	0.00029107844564110026	0.00031915293057485075	0.00033678116031858065	0.0003701139515542609	0.00023180517811306815	0.6006753122528905	0.0002472711139694334	0.4199001062813536	0.6326525038748513	0.00026570706048324125	0.8254711143389115	0.6022717453822128	0.00031446330514019015	0.6233449545629852	0.18249460211588994	1.2167732382977292	0.4554465716944778	1.539837627762932	0.6229053917277502	1.3783054330303306	0.0002758138265309549
Q895T	missense	70	49	30	62	88	3	34	70	43	74	70	6	16	73	74	74	150	0.00022296193945484235	0.0001471466787523139	0.0001196587794804493	0.00020851882130598978	0.00023034139700763232	6.506180871828237e-05	0.00045214964861513024	0.00021749052690909202	0.00017980907545442657	0.00024698025475190013	0.00030496971779562734	8.924245901221346e-05	0.00022492425344994112	0.00027785078661810535	0.0002687083725946122	0.00032657113372434784	0.0002845738365453113	0.6849512290026424	0.00017641641913659632	1.2283389500386073	0.6684038582513938	0.00023731239372776154	1.1041731824920207	0.6334252864056729	0.0002894260323705942	0.8785150060316749	0.8419560651682352	2.7173155279836956	0.4014647592282323	1.451268669457844	1.0703423795207676	2.08429209872077	0.00023438494841165067
Q895V	missense	239	404	299	318	368	62	90	331	280	286	244	61	61	279	271	230	568	0.0007536741615374953	0.0011918880978937425	0.001157988188520477	0.001055833396771599	0.0009550109606271497	0.0010247234873129473	0.0011755890863993385	0.0010169979568143458	0.0011483261409703151	0.0009451111081839377	0.0010523602938018125	0.0007904332083938907	0.0008203119831703735	0.0010513273007171555	0.000974515697943127	0.0010058390918709914	0.0010723345231409412	0.6017014941469065	0.0010901801609532421	0.4297440253495541	0.6220834496365083	0.0010406988749426028	0.7430793469215273	0.6278735587011551	0.0010260041534180537	0.8330423375143096	0.05964885501343372	0.9372493404461406	0.01611387786421517	0.8190163499252244	0.6686219032617969	0.8781328451856825	0.0010522943964379663
Q895G	missense	211	176	139	288	753	68	224	187	120	360	352	71	240	158	136	213	701	0.0006657455093581208	0.0005208992427831911	0.0005403944879762226	0.000956538719959223	0.0019514316106039862	0.001122316200390371	0.002906676312525837	0.0005758904092804126	0.000494474957499673	0.0011887982928724791	0.0015162578927022034	0.0009179224355541956	0.0031886320636138714	0.0005970037171929561	0.000490840627272825	0.0009318163015601392	0.0013229856506940963	0.7732561144431863	0.0009923160153306556	2.075426733084056	0.7413918299217994	0.0009438553880886921	1.6731557849578307	0.722935933176678	0.0008356615741800041	1.6116719953560414	0.41328143952002905	1.7419068948193712	0.5407984240078151	1.6798759907491496	1.786751504465976	1.7108914427842605	0.0009239443258664506
Q895M	missense	45	55	39	46	51	4	21	64	64	91	48	3	7	28	52	36	134	0.0001444542142946866	0.00016480428020259155	0.00015439842513606362	0.0001555616603393892	0.00013458149038648182	8.132726089785297e-05	0.00028420835055808184	0.0001991110457618448	0.0002656270432849483	0.00030296244582899746	0.00021047205876036253	5.099569086412198e-05	0.00010584670750585465	0.00010888747043141967	0.0001898872499668593	0.00016110842597067828	0.00025442031744117235	0.6066390943348916	0.00015233646401613155	0.4771092506815229	0.6341265133070891	0.00024454314840903827	0.8369618532047773	0.6963666770663807	0.00017857586595253238	1.3940505556601823	0.5434006886321092	2.0379809596951852	0.31714387352819634	1.3129218324655807	0.9027072198488275	1.675451396080383	0.00019181849279256737
Q895I	missense	66	195	130	73	50	30	13	105	75	67	31	60	14	50	56	56	70	0.00021040070342921743	0.0005768149807090704	0.0005056548423206084	0.00024492686947052766	0.0001319933848021264	0.0005042290175666884	0.0001808598594460521	0.00032470416693470075	0.000310579312148555	0.00022392876430838942	0.00013745114041493063	0.0007776842856778602	0.00019846257657347746	0.00019149175834491045	0.0002042183631719053	0.00024819406163050433	0.0001338062410246166	0.4883681986930108	0.00036484751932558315	-0.6574353477091965	0.5436774544527019	0.00024916584595164394	0.13186018069975114	0.6042530661975309	0.00019442760604298416	0.6395734062192507	-0.4452856460101128	-0.2116814383144258	-0.5931246980908707	-0.1805726517474756	0.037999413069935116	-0.1961270450309507	0.00026948032377340376
Q895N	missense	62	31	18	41	54	1	13	19	22	69	51	2	13	19	19	31	144	0.0001978394674035925	9.417387440148089e-05	7.333925193963022e-05	0.00013901254753732653	0.00014234580713954806	3.2530904359141185e-05	0.0001808598594460521	6.12649371574907e-05	9.39911076239048e-05	0.00023051490443510677	0.00022335810317426226	3.824676814809149e-05	0.00018523173813524564	7.509480719408253e-05	7.165556602522992e-05	0.00013933701705572175	0.0002732662668812592	0.68353264873701	0.00011221787025449642	1.2147308466330986	0.7528061053764145	0.00015228226309769115	1.7621365307546317	0.7729823680465793	0.00013983841428907336	2.021588523045798	0.7450460521601787	2.4968059440884756	0.6851206588227907	1.916668151179434	1.6661519668111762	2.206737047633955	0.0001347795158804203
Q895R	missense	172	105	95	96	229	29	27	131	107	176	120	31	23	136	102	137	261	0.0005432734581082778	0.0003119509589549054	0.00037055622032655265	0.000321052788360016	0.0005952642844017465	0.00048796356538711777	0.0003617197188921042	0.0004043485852394387	0.0004413495488426834	0.0005828734012144842	0.0005197371246939565	0.00040796552691297586	0.00031754012251756396	0.0005143994292794653	0.0003690261650299341	0.0006008908860528	0.0004937638753302753	0.6875800915384437	0.0003997060630108051	1.2535570036748642	0.6562892844413135	0.0004870771649976407	1.0097332141455853	0.6357400881545455	0.0004945200889231187	0.897474907923882	-0.13001521123152135	0.5056866666894704	-0.10882485874408475	0.6140270535715644	1.0535883752481103	0.5598568601305174	0.00046043443897718817
Q895Q	silent	51	10	11	13	22	1	2	20	19	35	23	1	0	29	29	28	53	0.00016329606833312397	3.237226932550905e-05	4.631952754081908e-05	4.6337515845775506e-05	5.952642844017465e-05	3.2530904359141185e-05	3.875568416701116e-05	6.432818401536524e-05	8.173139793383026e-05	0.00011855052228091205	0.00010308835531119797	2.549784543206099e-05	1.323083843823183e-05	0.0001126422107911238	0.00010748334903784489	0.00012627417170674784	0.00010176812697646895	0.6801868944446187	4.613893528806957e-05	1.1826358207235204	0.6770466003670398	9.19246148853264e-05	1.1715482552452074	0.6211422298274081	0.00011204196462804637	0.7779078815668057	0.07603927120160313	0.9745441848212235	-0.284916117799766	0.32511086738486816	1.0440306525118446	0.6498275261030458	8.336850493381411e-05
Q895F	missense	106	54	59	124	348	16	71	57	37	134	192	10	43	52	83	84	243	0.00033601306368546665	0.00016186134662754526	0.00023159763770409542	0.00041372782005156703	0.0009032488489400414	0.0002765126870527001	0.0009301364200082679	0.00017766831775672305	0.0001552896560742775	0.00044456445855342016	0.0008290021906275503	0.00014023814987633546	0.0005821568912822005	0.0001990012390643187	0.0003009533773059657	0.0003701139515542609	0.00045984116633811896	0.8008537864761028	0.00042760891333081224	2.3401646431436176	0.7995441984640925	0.00040163115575299276	2.126486453498122	0.7050505791979454	0.0003324774335656661	1.465177999959108	0.5268315871989164	2.000279533917363	0.6181738691921774	1.8068273150059369	1.9772763655336159	1.9035534244616499	0.00038723916754982373
Q895H	missense	59	30	31	52	131	9	41	34	15	57	96	11	44	33	31	54	164	0.00018841854038437382	9.12309408264346e-05	0.0001235187401088509	0.00017542059570186443	0.0003416299371349154	0.00016265452179570593	0.0005425795783381563	0.00010721364002560874	6.53851183470642e-05	0.00019099806367480274	0.0004166487693827585	0.00015298707259236595	0.0005953877297204324	0.0001276611722299403	0.00011464890564036788	0.00023948549806452176	0.0003109581657614329	0.7621786365671585	0.00018295005344301632	1.9691631200469553	0.7938440064536757	0.00019506139785755854	2.0820502263991183	0.7313898436440852	0.0001981884354240657	1.6809156414460806	0.5231973025438224	1.9920100623511487	0.590145145591934	1.7608400697009174	1.910709662630718	1.876425066026033	0.00019206662890821353
Q895K	missense	34	1	3	7	12	2	3	9	3	20	50	1	0	10	12	18	38	0.00010991081522421806	5.885867150092556e-06	1.543984251360636e-05	2.647858048330029e-05	3.3645372596620455e-05	4.8796356538711774e-05	5.167424555601488e-05	3.063246857874535e-05	1.634627958676605e-05	6.915447133053203e-05	0.0002190627550362957	2.549784543206099e-05	1.323083843823183e-05	4.1302143956745394e-05	4.657611791639945e-05	8.273135387683478e-05	7.349920281633868e-05	0.7697477667988656	2.0362415685904913e-05	2.0417719877848124	0.8554991326263615	8.379899363308479e-05	2.5626868757296104	0.6929750189479283	6.102720464157958e-05	1.366270420618777	0.024886748754221824	0.8581514500568059	-0.284916117799766	0.32511086738486816	1.9902430947110668	0.591631158720837	5.5062871320189755e-05
Q895D	missense	58	39	42	65	34	9	7	34	27	30	24	24	2	38	53	31	92	0.0001852782313779676	0.00011771734300185111	0.00016597830702126838	0.0002184482889872274	9.058369545243968e-05	0.00016265452179570593	0.00010334849111202976	0.00010721364002560874	0.00011442395710736236	0.00010208517196411871	0.00010738370344916456	0.0003187230679007624	3.9692515314695496e-05	0.00014643487402846094	0.00019347002826812078	0.00013933701705572175	0.00017526732979280762	0.618898765849576	0.00014818190861569662	0.594713366381687	0.6215702803060713	0.00010777661813656359	0.7390789011705999	0.631181034898077	0.00016362731228627777	0.8601329616833074	-0.19696200086213458	0.3533555683194792	-0.90470487608816	-0.6917880136064289	0.7313084097451981	-0.16921622264347488	0.0001398619463461793
Q895E	missense	49	13	8	26	125	6	8	28	10	54	47	11	13	25	21	26	144	0.00015701545032031152	4.120107005064789e-05	3.4739645655614314e-05	8.936520913113848e-05	0.00032610130362878284	0.00011385816525699414	0.00011626705250103349	8.883415887836153e-05	4.4952268863606643e-05	0.00018111885348472674	0.00020617671062239594	0.00015298707259236595	0.00018523173813524564	9.762324935230729e-05	7.882112262775292e-05	0.00011756560814076522	0.0002732662668812592	0.8563066972600772	0.00012285180711654587	2.8721112395869293	0.742110706062024	0.00013027049796227272	1.678759831867952	0.7496468411751139	0.00014181906175052115	1.8304536665504554	0.009092481570989868	0.8222130864512321	0.08306066749482832	0.9288571860987209	2.1271082460017787	0.8755351362749766	0.00013164712227644657
I896P	missense	63	140	103	99	45	21	12	109	100	77	22	9	6	131	91	59	113	0.00020097977640999874	0.00041495363408152516	0.0004014359053537654	0.00033098225604125364	0.0001190528568803493	0.000357839947950553	0.00016794129805704837	0.0003369571543661989	0.0004127435595658428	0.0002568594649419761	9.879300717323138e-05	0.00012748922716030494	9.261586906762282e-05	0.0004956257274809447	0.0003296156037160577	0.00026125690697947825	0.00021484382361699	0.5304270639855229	0.00031660616308922337	-0.25397464697560695	0.5265725757172645	0.0002763382965118123	-0.001482042614798885	0.5375225762055463	0.0003253355154483677	0.09300239032853624	-0.3285313163694476	0.053982014283482295	-0.13878808212152793	0.5648658386964207	-0.05415143308728987	0.3094239264899515	0.0003060933250164678
I896W	missense	5	0	0	0	2	0	2	0	0	2	9	0	3	0	0	2	33	1.8841854038437384e-05	2.942933575046278e-06	3.85996062840159e-06	3.309822560412536e-06	7.764316753066258e-06	1.6265452179570593e-05	3.875568416701116e-05	3.0632468578745355e-06	4.086569896691513e-06	9.879210190076004e-06	4.2953481379665825e-05	1.2748922716030496e-05	5.292335375292732e-05	3.7547403597041264e-06	3.582778301261496e-06	1.3062845348973913e-05	6.407622809629526e-05	0.7222897114955941	4.469258379231666e-06	1.5865181402322424	0.8864581887364871	1.4995627081076969e-05	2.8040302630341616	0.9068007413491382	2.1119148026558698e-05	3.1176578648055835	0.37706926686558434	1.659509515269854	0.6181738691921775	1.806827315005937	2.5027354226906624	1.7331684151378957	1.3528011162289112e-05
I896K	missense	21	8	0	6	1	0	0	7	1	4	6	1	0	5	10	7	8	6.908679814093707e-05	2.6486402175416498e-05	3.85996062840159e-06	2.3168757922887753e-05	5.176211168710839e-06	1.6265452179570593e-05	1.291856138900372e-05	2.4505974862996284e-05	8.173139793383025e-06	1.646535031679334e-05	3.0067436965766077e-05	2.549784543206099e-05	1.323083843823183e-05	2.252844215822476e-05	3.941056131387646e-05	3.483425426393044e-05	1.696135449607816e-05	0.5299651492720779	1.4672832973854171e-05	-0.2584056850616207	0.6644142108388161	1.980297548473468e-05	1.0730716199225012	0.6016148914358602	2.8433653058027452e-05	0.617964845278715	-0.10005198785407819	0.5738651522146992	-0.284916117799766	0.32511086738486816	0.47754359337986513	0.4494880097997837	2.096982050553877e-05
I896_	nonsense	79	250	197	201	53	29	12	230	191	140	51	37	12	183	212	102	173	0.00025122472051249844	0.0007386763273366157	0.0007642722044235149	0.0006685841572033323	0.00013975770155519264	0.00048796356538711777	0.00016794129805704837	0.0007076100241690177	0.0007846214201647705	0.00046432287893357217	0.00022335810317426226	0.00048445906320915885	0.0001720008996970138	0.0006908722261855593	0.0007631317781686986	0.0004484910236481044	0.00032791952025751104	0.5226521982953977	0.0005778225976296639	-0.32855708607925826	0.52332995796592	0.0005449781066104057	-0.02676008562294441	0.5463431605461123	0.0005576036370649683	0.1652493608565807	-0.4632298902669038	-0.25251187173981643	-0.4497263664457582	0.05470364366103437	-0.06335593694854065	-0.09890411403939103	0.0005601347804350126
I896E	missense	46	2	5	40	105	3	19	5	1	54	91	2	5	7	6	38	95	0.00014759452330109283	8.828800725138832e-06	2.315976377040954e-05	0.000135702724976914	0.00027433919194167443	6.506180871828237e-05	0.0002583712277800744	1.8379481147247212e-05	8.173139793383025e-06	0.00018111885348472674	0.00039517202869292553	3.824676814809149e-05	7.938503062939099e-05	3.003792287763301e-05	2.5079448108830473e-05	0.00016981698953666088	0.0001809211146248337	0.8820733730702847	0.0001105076203535342	3.119284837962926	0.8952449619152354	0.00015071087577957063	2.8725281395486304	0.8089901003096144	0.00010146386878698952	2.316517914472295	0.5989180164819407	2.1643053970071806	0.31714387352819634	1.3129218324655807	2.769443630661284	1.7386136147363807	0.00012089412164003146
I896C	missense	21	48	24	13	1	5	0	29	20	11	6	8	0	15	13	11	15	6.908679814093707e-05	0.0001442037451772676	9.649901571003975e-05	4.6337515845775506e-05	5.176211168710839e-06	9.759271307742355e-05	1.291856138900372e-05	9.189740573623606e-05	8.581796783052178e-05	3.9516840760304014e-05	3.0067436965766077e-05	0.00011474030444427445	1.323083843823183e-05	6.007584575526602e-05	5.0158896217660946e-05	5.225138139589565e-05	3.0153519104138947e-05	0.425129304285286	7.305412197544843e-05	-1.2640710349515853	0.5078389808831738	6.182491282320698e-05	-0.14752103093433436	0.5681097789312419	4.815991061824039e-05	0.34353372119463327	-0.8782032382377217	-1.1967445412890854	-0.9381286315751097	-0.7466269875288806	-0.35601944823042886	-0.9716857644089829	6.101298180563193e-05
I896S	missense	89	86	58	62	64	8	11	129	89	87	69	6	8	78	87	57	208	0.0002826278105765607	0.00025603522102902613	0.00022773767707569382	0.00020851882130598978	0.00016822686298310227	0.00014638906961613534	0.00015502273666804465	0.0003982220915236896	0.00036779129070223617	0.0002897901655755628	0.0003006743696576608	8.924245901221346e-05	0.00011907754594408647	0.000296624488416626	0.0003152844905110117	0.0002525483434134957	0.000393880343297815	0.5839427910549576	0.000215129645598453	0.2593890064072555	0.5908449756208507	0.0003391194793647873	0.4995577386933551	0.6477513869885786	0.0003145844164097371	0.9958561397516862	0.024886748754221824	0.8581514500568059	0.1252583472892832	0.9980916999384241	0.5849342949507657	0.928121574997615	0.0002896111804576591
I896Q	missense	44	24	8	38	49	10	2	38	47	33	63	18	2	26	27	26	107	0.00014131390528828035	7.357333937615695e-05	3.4739645655614314e-05	0.00012908307985608892	0.00012940527921777097	0.0001789199739752765	3.875568416701116e-05	0.00011946662745710689	0.00019615535504119262	0.00011196438215419471	0.00027490228082986126	0.00024222953160457942	3.9692515314695496e-05	0.00010137798971201142	0.00010031779243532189	0.00011756560814076522	0.0002035362539529379	0.714230607361785	9.17003360264078e-05	1.5092090692790026	0.6929932675226532	0.00017562216137058888	1.2958615629204768	0.7024015080199391	0.00013069941106025912	1.4434801894814135	-0.6643234182926407	-0.7100812065544829	-0.7855184683689513	-0.4962366696715331	1.4161836072269642	-0.603158938113008	0.00013267396948575194
I896A	missense	133	105	67	100	112	14	15	74	85	130	72	13	3	68	96	105	208	0.00042080140685843485	0.0003119509589549054	0.00026247732273130815	0.00033429207860166617	0.0002924559310321624	0.00024398178269355888	0.00020669698222405952	0.00022974351434059016	0.0003514450111154701	0.0004313921782999855	0.0003135604140715605	0.00017848491802442692	5.292335375292732e-05	0.0002590770848195847	0.00034752949522236514	0.00046155386899707825	0.000393880343297815	0.6263871477690715	0.0003002940728300105	0.6665476347478917	0.6562370476567663	0.00033153527945690157	1.0093259988067298	0.6693245284200287	0.00036551019808421075	1.1725557837908358	-0.07202326425383464	0.6376418661615856	-0.5279541664860604	-0.07364615497532452	0.9494764724484858	0.2819978555931305	0.0003324465167903743
I896G	missense	78	100	56	22	30	8	11	49	53	55	35	14	1	72	56	45	103	0.0002480844115060922	0.000297236291079674	0.00022001775581889066	7.612591888948834e-05	8.0231273115018e-05	0.00014638906961613534	0.00015502273666804465	0.00015316234289372677	0.0002206747744213417	0.0001844119235480854	0.00015463253296679695	0.00019123384074045744	2.646167687646366e-05	0.00027409604625840123	0.0002042183631719053	0.0002002969620176	0.00019599787417690315	0.4774915327797564	0.00016840280972576775	-0.7617726193043012	0.6194148716590261	0.0001782203934574877	0.722276269266933	0.5909539504941116	0.0002186523114062024	0.5306440220451022	0.024886748754221824	0.8581514500568059	-0.8589473855274848	-0.6167128523908246	0.16371589066924466	0.12071929883299065	0.0001884251715298193
I896V	missense	145	136	119	116	90	17	30	148	131	174	73	30	4	94	129	124	185	0.00045848511493530965	0.00040318189978134005	0.00046319527540819084	0.00038724923956826675	0.00023551760817634316	0.00029277813923227067	0.00040047540305911534	0.0004564237818233058	0.0005394272263632797	0.000576287261087767	0.0003178557622095271	0.00039521660419694534	6.615419219115915e-05	0.00035670033417189203	0.0004657611791639945	0.000544285222873913	0.00035053465958561524	0.5764033815955053	0.0003722860057335352	0.18706524297539617	0.5999440991739926	0.0004724985078709698	0.5704905633895077	0.6293693348756105	0.0004293203489488537	0.8452938271004855	0.13603720087688842	1.1110638085072917	-0.7762778116340388	-0.4810753532267052	0.5342832111551298	0.3149942276402933	0.0004247016208511196
I896F	missense	120	211	145	113	34	23	12	97	98	106	60	21	2	58	117	72	150	0.00037997738977515387	0.0006239019179098108	0.0005635542517466322	0.00037731977188702916	9.058369545243968e-05	0.0003903708523096942	0.00016794129805704837	0.00030019819207170446	0.0004045704197724598	0.0003523584967793775	0.0002620162364159615	0.0002804762997526709	3.9692515314695496e-05	0.00022152968122254345	0.00042276783954885654	0.0003178625701583652	0.0002845738365453113	0.49012076384250025	0.00041383990924897797	-0.6406234066742544	0.6091982876057987	0.00032978583625987583	0.6426322066922635	0.6334447846811619	0.00031168348186876916	0.8786747110217547	-0.36631987725884735	-0.032002287844596106	-0.8491875482383286	-0.6006997068064996	0.2935611703465879	-0.3163509973255479	0.00035176974245920765
I896L	missense	112	61	36	51	141	2	17	90	30	74	57	7	5	58	73	74	269	0.000354854917723904	0.0001824618816528692	0.00014281854325085884	0.00017211077314145188	0.00036751099297846956	4.8796356538711774e-05	0.00023253410500206697	0.00027875546406658274	0.0001266836667974369	0.00024698025475190013	0.0002491301920020618	0.00010199138172824396	7.938503062939099e-05	0.00022152968122254345	0.0002651255942933507	0.00032657113372434784	0.0005088406348823447	0.7094661352943974	0.00021622554775591236	1.4635046208692626	0.6293564952695001	0.0002253873944044954	0.799776859366447	0.71230442269507	0.0003305167610306467	1.5245922288942146	0.6780992625295655	2.344474845718484	-0.10882485874408475	0.6140270535715644	1.2626245697099747	1.4792509496450243	0.0002573765677303515
I896H	missense	30	104	128	130	7	21	11	91	124	46	16	24	6	73	81	46	59	9.734957919859315e-05	0.0003090080253798592	0.0004979349210638052	0.00043358675541404227	2.0704844674843356e-05	0.000357839947950553	0.00015502273666804465	0.00028181871092445725	0.0005108212370864391	0.0001547742929778574	7.30209183454319e-05	0.0003187230679007624	9.261586906762282e-05	0.00027785078661810535	0.0002937878207034427	0.00020465124380059132	0.00011307569664052105	0.532901972880503	0.0003153086366331375	-0.23023343403332022	0.5046542444589668	0.00025510878983354637	-0.17234785619529314	0.5429946524374322	0.0002223413869406651	0.13782265562933843	-0.3632934226286595	-0.025115876105852374	-0.5367280907935656	-0.08804169489257617	-0.0882528781997583	-0.056578785499214274	0.00026425293780244966
I896D	missense	57	3	4	14	19	1	2	14	5	26	33	0	5	12	13	40	77	0.00018213792237156137	1.1771734300185111e-05	1.9299803142007953e-05	4.964733840618804e-05	5.176211168710839e-05	3.2530904359141185e-05	3.875568416701116e-05	4.594870286811803e-05	2.4519419380149078e-05	8.891289171068403e-05	0.0001460418366908638	1.2748922716030496e-05	7.938503062939099e-05	4.881162467615364e-05	5.0158896217660946e-05	0.00017852555310264348	0.00014699840563267737	0.7668304148969697	3.3120246883872376e-05	2.013786524210384	0.7742491774202951	7.635571266245373e-05	1.9292974294227623	0.7495384274855732	0.00010612361990728386	1.829565679957882	0.07603927120160313	0.9745441848212235	0.7942651282478589	2.0957435011926333	1.9242165445303427	1.5351438430069284	7.186652648453665e-05
I896I	silent	21	35	18	17	36	0	1	8	6	31	26	5	1	12	9	15	60	6.908679814093707e-05	0.00010594560870166599	7.333925193963022e-05	5.957680608742565e-05	9.575990662115051e-05	1.6265452179570593e-05	2.583712277800744e-05	2.756922172087082e-05	2.860598927684059e-05	0.00010537824202747737	0.00011597439972509772	7.649353629618297e-05	2.646167687646366e-05	4.881162467615364e-05	3.582778301261496e-05	6.966850852786088e-05	0.00011496029158452974	0.6084441516837696	8.365539333746809e-05	0.49442473691201577	0.77903309225283	6.938196318757162e-05	1.9665907566532022	0.7328324137006484	6.73170519502898e-05	1.6927313344134782	0.200978007809903	1.2588304826633299	-0.4610073768554473	0.036194681198171916	1.3845822759928987	0.6475125819307509	7.345146949177651e-05
I896T	missense	45	10	20	14	64	3	14	11	16	43	27	2	8	13	21	41	80	0.0001444542142946866	3.237226932550905e-05	8.10591731964334e-05	4.964733840618804e-05	0.00016822686298310227	6.506180871828237e-05	0.0001937784208350558	3.6758962294494424e-05	6.947168824375573e-05	0.0001448950827877814	0.0001202697478630643	3.824676814809149e-05	0.00011907754594408647	5.256636503585777e-05	7.882112262775292e-05	0.0001828798348856348	0.00015265219046470342	0.766920290634755	8.282641097780819e-05	2.014648680806707	0.734706420702173	9.284887029727397e-05	1.6210392313767925	0.7332403329897726	0.00011672987825348723	1.6960724886637288	0.47397927987364064	1.8800190991650738	0.4932351325838776	1.6018380186522772	1.777253466949076	1.7409285589086756	9.746838650952314e-05
I896N	missense	50	25	26	26	20	4	3	15	22	25	32	0	0	36	28	28	30	0.00016015575932671776	7.651627295120322e-05	0.00010421893696684294	8.936520913113848e-05	5.435021727146381e-05	8.132726089785297e-05	5.167424555601488e-05	4.901194972599257e-05	9.39911076239048e-05	8.561982164732537e-05	0.00014174648855289722	1.2748922716030496e-05	1.323083843823183e-05	0.00013892539330905267	0.00010390057073658339	0.00012627417170674784	5.8422443264269213e-05	0.5936578304339784	8.111265908016213e-05	0.3525830706848753	0.7160686581239807	9.259234188752999e-05	1.4757473098014524	0.5609287497550948	0.00010688064475416329	0.28471589425496807	-0.19696200086213458	0.3533555683194792	0.01611387786421517	0.8190163499252244	0.7043487582470985	0.5861859591223518	9.35285485739518e-05
I896Y	missense	59	34	25	23	12	2	2	16	35	12	17	1	0	33	40	20	46	0.00018841854038437382	0.00010300267512661972	0.00010035897633844135	7.943574144990087e-05	3.3645372596620455e-05	4.8796356538711774e-05	3.875568416701116e-05	5.20751965838671e-05	0.00014711651628089448	4.2809910823662684e-05	7.731626648339847e-05	2.549784543206099e-05	1.323083843823183e-05	0.0001276611722299403	0.00014689391035172135	9.14399174428174e-05	8.857596236840816e-05	0.5345432225680963	7.91106913778956e-05	-0.2144893157735949	0.6138107601240033	7.982947254295569e-05	0.6785890439237625	0.5775075189624005	0.00011364274059822181	0.4205080146027013	-0.10005198785407812	0.5738651522146996	-0.284916117799766	0.32511086738486816	0.2948692475842896	0.44948800979978387	9.086096817302436e-05
I896R	missense	37	10	8	2	67	6	1	29	25	33	47	5	2	31	29	26	111	0.00011933174224343676	3.237226932550905e-05	3.4739645655614314e-05	9.929467681237608e-06	0.0001759911797361685	0.00011385816525699414	2.583712277800744e-05	9.189740573623606e-05	0.00010625081731397933	0.00011196438215419471	0.00020617671062239594	7.649353629618297e-05	3.9692515314695496e-05	0.00012015169151053205	0.00010748334903784489	0.00011756560814076522	0.00021107463372897262	0.8255900690254212	6.325814059963237e-05	2.5774539238097045	0.7093886046093435	0.00012907232895670152	1.423672506975958	0.6885591528821611	0.0001390688206045287	1.330101281116075	-0.6441200322043538	-0.664110309210446	-0.284916117799766	0.32511086738486816	1.777075903967246	-0.16949972091278892	0.00011046643005362086
I896M	missense	19	0	0	4	31	0	6	19	4	12	15	0	4	4	2	6	42	6.280618012812461e-05	2.942933575046278e-06	3.85996062840159e-06	1.654911280206268e-05	8.281937869937342e-05	1.6265452179570593e-05	9.042992972302605e-05	6.12649371574907e-05	2.0432849483457566e-05	4.2809910823662684e-05	6.872557020746531e-05	1.2748922716030496e-05	6.615419219115915e-05	1.877370179852063e-05	1.0748334903784488e-05	3.047997248093913e-05	8.103758259237342e-05	0.922065077694276	2.6542846426220994e-05	3.5029157576016186	0.6539539690999834	4.830831691801907e-05	0.9915281076043507	0.808036618795021	3.525989794390442e-05	2.3087082106903067	0.7450460521601787	2.4968059440884756	0.715083882200234	1.9658293660545776	2.2677173586320922	2.2313176550715266	3.670368709604816e-05
P897W	missense	189	52	36	58	78	7	16	48	48	87	53	5	6	50	64	85	177	0.0005966587112171838	0.0001559754794774527	0.00014281854325085884	0.00019527953106433964	0.00020446034116407814	0.00013012361743656474	0.00021961554361306325	0.00015009909603585223	0.00020024192493788413	0.0002897901655755628	0.00023194879945019544	7.649353629618297e-05	9.261586906762282e-05	0.00019149175834491045	0.00023288058958199724	0.00037446823333725217	0.0003354579000335458	0.6604162436322465	0.00017463347373918234	0.9929806653777361	0.6730313383319783	0.00021801999649987365	1.1402470121772648	0.6881983201816795	0.0002835746203244264	1.3271458001104282	0.2273069465322522	1.3187394966223445	0.08306066749482832	0.9288571860987209	1.1534578258884762	1.1237983413605326	0.00022540936352116077
P897N	missense	119	147	117	151	87	24	26	91	53	88	58	35	22	48	74	42	109	0.00037683708076874763	0.00043555416910684907	0.00045547535415138763	0.0005030930291827055	0.0002277532914232769	0.0004066363044892648	0.00034880115750310044	0.00028181871092445725	0.0002206747744213417	0.00029308323563892143	0.00025342554014002835	0.0004589612177770978	0.0003043092840793321	0.0001839822776255022	0.0002687083725946122	0.00018723411666862608	0.00020730544384095528	0.5806235330683857	0.00040546896096605475	0.227548153263357	0.6234781907045159	0.0002622505652811872	0.7539521439657381	0.6233025927997601	0.00021180755268242394	0.7956028180888205	-0.06662823236712842	0.6499177517952004	-0.1784607868854792	0.499774098097944	0.5923677051059718	0.5748459249465722	0.00029317569297655533
P897F	missense	234	179	104	85	63	26	5	94	55	99	48	36	10	42	64	53	112	0.0007379726165054641	0.00052972804350833	0.00040529586598216696	0.0002846447401954781	0.00016563875739874684	0.000439167208848406	7.751136833402232e-05	0.0002910084514980809	0.00022884791421472472	0.0003293070063358668	0.00021047205876036253	0.00047171014049312833	0.00014553922282055013	0.00016145383546727743	0.00023288058958199724	0.00023513121628153044	0.00021295922867298133	0.5155550694098343	0.0003463268517711805	-0.39663815706040473	0.6083492159203939	0.0002649088577022587	0.6360132117238426	0.6482612443997439	0.00021060621750094662	1.0000322410093494	-0.7532645016294218	-0.9124582434469789	-0.5106951610445548	-0.045328985478805095	0.41313576522426243	-0.478893614462892	0.00027394730899146195
P897A	missense	140	74	47	51	120	5	7	94	42	65	63	17	4	104	64	61	115	0.00044278356990327846	0.00022072001812847083	0.00018527811016327633	0.00017211077314145188	0.0003131607757070057	9.759271307742355e-05	0.00010334849111202976	0.0002910084514980809	0.00017572250555773506	0.0002173426241816721	0.00027490228082986126	0.0002294806088885489	6.615419219115915e-05	0.00039424773776893326	0.00023288058958199724	0.0002699654705454609	0.00021861301350500738	0.6620475601393406	0.0002228174192850512	1.0086294969972531	0.6241268819104735	0.00023974396551683732	0.7590090595384731	0.570122310939705	0.0002789267028503497	0.36001781511497416	0.024886748754221824	0.8581514500568059	-0.5401886229030721	-0.09371945393988396	0.7092187905502335	0.38221599805846096	0.00024716269588407935
P897E	missense	131	97	72	89	64	8	27	99	38	86	61	6	12	61	69	54	118	0.00041452078884562243	0.0002884074903545352	0.0002817771258733161	0.0002978840304371283	0.00016822686298310227	0.00014638906961613534	0.0003617197188921042	0.00030632468578745353	0.00015937622597096901	0.00028649709551220413	0.0002663115845539281	8.924245901221346e-05	0.0001720008996970138	0.00023279390230165583	0.00025079448108830476	0.00023948549806452176	0.00022426679833703343	0.5834535764239374	0.0002590738774120205	0.25469608669894145	0.6258691088794722	0.0002546273979561387	0.7725907061059849	0.6201323879961312	0.00023683516994787895	0.7696365459947723	0.39286353404881624	1.6954478788754275	0.28495919015679516	1.2601158270842954	0.5989744462665662	1.4777818529798614	0.000250178815105346
P897V	missense	368	295	229	320	281	28	47	258	189	268	142	38	35	184	260	216	298	0.001158774023363899	0.0008711083382136981	0.0008877909445323658	0.001062453041892424	0.0007298457747882283	0.0004716981132075472	0.0006200909466721786	0.0007933809361895047	0.0007764482803713875	0.0008858358470434817	0.0006142347837292212	0.0004972079859251893	0.0004763101837763459	0.0006946269665452634	0.0009351051366292505	0.000944879146909113	0.0005634938882585965	0.6162309315778325	0.000887799524856679	0.5691214661429906	0.607570649206987	0.0007674749618333987	0.6299438429682899	0.6097190737854469	0.0007845262845855559	0.6843439649331523	0.11879125162255298	1.0718222794236516	-0.0186482283949968	0.7619815191330133	0.6278030913481443	0.9169018992783324	0.0008132669237585445
P897S	missense	446	655	488	636	281	68	49	515	393	428	178	93	34	338	350	210	329	0.001403718125863585	0.0019305644252303582	0.0018875207472883776	0.0021083569709827855	0.0007298457747882283	0.001122316200390371	0.000645928069450186	0.0015806353786632604	0.001610108539296456	0.0014127270571808687	0.0007688673166960182	0.0011983987353068667	0.0004630793453381141	0.0012728569819396988	0.0012575551837427851	0.0009187534562111652	0.0006219163315228658	0.5615013997076922	0.0016640719795724375	0.044114071730965446	0.563744418049359	0.0013430845729591506	0.2882935341620479	0.554637142379959	0.0010177704883541287	0.23318307567343907	-0.2399310742553147	0.25558349915769263	-0.4129459313852079	0.11504998385399917	0.18853022718881748	0.1853167415058459	0.0013416423469619057
P897R	missense	486	463	321	421	258	63	52	464	315	341	245	49	38	292	370	249	411	0.0015293304861198342	0.0013655211788214728	0.001242907322345312	0.0013967451204940904	0.0006703193463480536	0.001040988939492518	0.0006846837536171972	0.001424409788911659	0.0012913560873545182	0.0011262299616686645	0.0010566556419397792	0.0006374461358015248	0.0005160026990910413	0.0011001389253933091	0.0013292107497680152	0.001088570445747826	0.0007764531169315779	0.5733539032009782	0.001168873242002232	0.15781232135302234	0.5926342414894059	0.0012246628699686551	0.513506080140506	0.5897300763610779	0.0010735933094601822	0.5206196069944267	-0.18195609223717624	0.38750009646626804	-0.0917915194453045	0.6419739684531909	0.39731266949598504	0.5147370324597295	0.0011557098071436898
P897M	missense	164	145	132	133	49	16	7	95	65	59	39	8	4	86	79	57	126	0.000518150986057028	0.00042966830195675655	0.0005133747635774115	0.00044351622309527985	0.00012940527921777097	0.0002765126870527001	0.00010334849111202976	0.0002940716983559554	0.00026971361318163983	0.0001975842038015201	0.0001718139255186633	0.00011474030444427445	6.615419219115915e-05	0.000326662411294259	0.0002866222641009197	0.0002525483434134957	0.0002393435578891029	0.5449645205034804	0.00037899114196180474	-0.11452028098576952	0.5662089428675783	0.00023329586021444466	0.3075059018004342	0.591517739433614	0.0002762941441744443	0.535261861558176	-0.4274109222404085	-0.17100919219294586	-0.23915862723909093	0.40018602860047237	0.24274916079094688	0.11458841820376325	0.0002961937154502313
P897C	missense	268	109	77	176	152	13	29	68	53	110	91	21	27	61	62	106	173	0.000844743122723276	0.0003237226932550905	0.00030107692901532404	0.0005858385931930189	0.00039598015440637916	0.0002277163305139883	0.0003875568416701116	0.00021136403319334295	0.0002206747744213417	0.00036553077703281215	0.00039517202869292553	0.0002804762997526709	0.0003704634762704913	0.00023279390230165583	0.00022571503297947427	0.0004659081507800696	0.00032791952025751104	0.6640209380956008	0.0004016545924674532	1.0275596428180607	0.6979705391891415	0.00029818540333510557	1.3346622162495807	0.6774589364608902	0.00031308415157967767	1.239182473735677	0.23094123118734625	1.3270089681885588	0.1208492283842281	0.9908575769880658	1.2004681109344395	1.1589332725883124	0.00033764138246074544
P897Q	missense	129	83	71	52	35	16	4	83	71	58	25	1	6	43	73	46	68	0.00040824017083280996	0.0002472064203038873	0.0002779171652449145	0.00017542059570186443	9.31718010367951e-05	0.0002765126870527001	6.45928069450186e-05	0.00025731273606146096	0.00029423303256178896	0.00019429113373816141	0.00011167905158713113	2.549784543206099e-05	9.261586906762282e-05	0.00016520857582698158	0.0002651255942933507	0.00020465124380059132	0.00013003705113659922	0.5360827361512286	0.00019842899557186538	-0.19972112778945486	0.5467444658354963	0.00021437898848713564	0.15576927254648626	0.5978784231598635	0.0001912556162643807	0.5873604654562342	-0.6315309048963333	-0.6354649387463562	0.5601819222144908	1.7116788548257738	0.18113620340442185	0.5381069580397088	0.00020135453344112723
P897L	missense	486	510	390	460	188	69	38	356	246	256	189	119	20	227	254	186	419	0.0015293304861198342	0.0015038390568486478	0.0015092446057050218	0.0015258282003501793	0.0004891519554431743	0.0011385816525699415	0.0005038238941711451	0.0010935791282612093	0.0010093827644828037	0.0008463190062831776	0.0008161161462136506	0.0015298707259236595	0.00027784760720286846	0.0008560808020125409	0.0009136084668216816	0.000814250693419374	0.0007915298764836474	0.5497354991168711	0.0012570159545867558	-0.06875341682630577	0.59195392635949	0.0009413492613102103	0.5082026381587994	0.6141492679542575	0.0008438674596843109	0.7206304619711749	-0.35408542084183575	-0.004163937503283523	-0.7408480734494904	-0.4229451263842922	0.38669322776788945	-0.21355453194378787	0.0010140775585270924
P897H	missense	120	20	22	63	100	6	32	24	30	72	78	3	37	24	35	54	169	0.00037997738977515387	6.180160507597183e-05	8.877909445323657e-05	0.0002118286438664023	0.00026139866401989737	0.00011385816525699414	0.0004263125258371228	7.658117144686338e-05	0.0001266836667974369	0.00024039411462518277	0.00033933250289936	5.099569086412198e-05	0.0005027718606528096	9.386850899260315e-05	0.00012898001884541387	0.00023948549806452176	0.00032038114048147634	0.7696440085859896	0.00015595200185387702	2.0407766599036945	0.7689933404668462	0.00019574786394221076	1.8883252018149923	0.751170318338082	0.00019567879159600377	1.842932047283907	0.5733639120095525	2.1061594452204146	0.993837483153063	2.4231855557086783	1.9240113030008645	2.2646725004645463	0.00018245955246403052
P897I	missense	233	180	127	180	145	12	17	126	80	90	67	4	6	49	88	72	69	0.0007348323074990579	0.0005326709770833763	0.0004940749604354036	0.0005990778834346691	0.00037786341531589125	0.0002114508783344177	0.00023253410500206697	0.00038903235095006603	0.00033101216163201256	0.0002996693757656388	0.0002920836733817276	6.374461358015247e-05	9.261586906762282e-05	0.0001877370179852063	0.0003188672688122732	0.0003178625701583652	0.0001319216460806079	0.6025776031934259	0.0005009218090673351	0.4381483312519929	0.5942989196684222	0.0003279493904323612	0.5264831899421307	0.6029834745721945	0.00023909712575911316	0.629174531814015	0.0412771649423912	0.8954462944318887	0.16224191354245326	1.0587713212367769	0.5312686843360462	0.9771088078343328	0.0003559894417529365
P897G	missense	463	223	137	128	194	13	37	174	148	193	181	22	21	200	211	201	373	0.001457103378972491	0.0006592171208103662	0.0005326745667194195	0.0004269671102932172	0.0005046805889493067	0.0002277163305139883	0.0004909053327821414	0.0005360682001280437	0.0006088989146070355	0.0006388555922915816	0.000781753361109918	0.0002932252224687014	0.00029107844564110026	0.0007547028123005295	0.0007595489998674372	0.0008795649201642435	0.0007048385090592479	0.5914877270728	0.0005308848466930774	0.33176578480053087	0.6623703673297856	0.0006413940170341447	1.0571387014951685	0.6238068618835054	0.0007746638103478645	0.7997331468998046	0.33360357308449395	1.560607433308638	-0.003191277331171471	0.787342024676464	0.7295458777318347	1.173974728992551	0.0006489808913583622
P897T	missense	259	173	94	127	123	13	10	104	93	110	65	9	20	91	88	76	156	0.0008164803416656199	0.0005120704420580523	0.0003666962596981511	0.0004236572877328046	0.000320925092460072	0.0002277163305139883	0.00014210417527904092	0.00032164092007682624	0.0003841375702890022	0.00036553077703281215	0.00028349297710579443	0.00012748922716030494	0.00027784760720286846	0.0003454361130927796	0.0003188672688122732	0.00033527969729033047	0.0002958814062093634	0.5852307486955317	0.00040583727048727	0.2717440780090973	0.6127241657676437	0.0003387005611261088	0.6701184251278598	0.6122389697226173	0.0003238661213511867	0.7049837366849189	-0.20478733837409116	0.33554975171662976	0.3383331725981345	1.3476875074234733	0.548948746607292	0.8416186295700515	0.00035613465098818857
P897D	missense	155	127	76	104	95	15	19	71	58	72	37	14	4	42	66	43	120	0.0004898882049993719	0.00037669549760592356	0.00029721696838692246	0.0003475313688433163	0.00024845813609812025	0.0002602472348731295	0.0002583712277800744	0.00022055377376696656	0.00024110762390479928	0.00024039411462518277	0.00016322322924273012	0.00019123384074045744	6.615419219115915e-05	0.00016145383546727743	0.00024004614618452024	0.0001915883984516174	0.0002280359882250508	0.5920843014145222	0.00031747549273357064	0.33748858070282023	0.6000506492068363	0.0002163196853849197	0.5713211812789042	0.648030724147243	0.00020528109208211648	0.9981441132793135	-0.0031419748460217757	0.7943747361099195	-0.46100737685544735	0.036194681198171826	0.6356512917536793	0.41528470865404565	0.0002463587567335356
P897Y	missense	171	62	48	120	217	21	25	57	38	82	71	18	12	37	41	45	124	0.0005401331491018716	0.0001854048152279155	0.00018913807079167793	0.00040048852980991686	0.0005642070173894814	0.000357839947950553	0.00033588259611409674	0.00017766831775672305	0.00015937622597096901	0.00027332481525876943	0.0003092650659335939	0.00024222953160457942	0.0001720008996970138	0.00014268013366875682	0.00015047668865298284	0.0002002969620176	0.00023557436800108553	0.7507951004160878	0.0003348096083047479	1.859963562702863	0.6941496017374835	0.00022990860623001386	1.3048758434357028	0.6813254956799335	0.0001822570380851063	1.2708523925480215	-0.027501320705466386	0.7389473447321128	-0.14869637078177703	0.5486091262013907	1.4785639328955291	0.6437782354667517	0.00024899175087328933
P897_	nonsense	165	984	740	707	78	139	37	497	301	190	56	201	22	276	239	95	107	0.0005212912950634342	0.0028987895714205833	0.0028602308256455784	0.0023433543727720755	0.00020446034116407814	0.002277163305139883	0.0004909053327821414	0.0015254969352215186	0.001234144108800837	0.0006289763821015056	0.00024483484386409517	0.00257528238863816	0.0003043092840793321	0.001040063079638043	0.0008598667923027591	0.0004180110511671652	0.0002035362539529379	0.4955905433789611	0.002076708777750579	-0.5881531113086866	0.4720065907599516	0.000908363067496989	-0.42685481865689223	0.4786851609722295	0.0006303692942652263	-0.3889186298875682	-0.666396426915506	-0.7147981419324735	-0.9275096555648158	-0.7292042371518614	-0.4679755199510491	-0.7220011895421674	0.0012051470465042648
P897P	silent	216	69	59	90	107	2	13	85	61	110	66	1	10	78	101	86	201	0.000681447054390152	0.00020600535025323943	0.00023159763770409542	0.0003011938529975408	0.0002795154031103853	4.8796356538711774e-05	0.0001808598594460521	0.00026343922977721003	0.0002533673335948738	0.00036553077703281215	0.000287788325243761	2.549784543206099e-05	0.00014553922282055013	0.000296624488416626	0.0003654433867286726	0.0003788225151202435	0.0003806881786897542	0.6606136312260487	0.00025457806101631525	0.9948741576618876	0.6447853460609848	0.00029253141641216425	0.9200534950296237	0.6483516990381791	0.00035539464223882406	1.0007731299737124	0.5689547931044975	2.0961269114819516	0.756476567358459	2.033743110303288	0.9719002608884079	2.06493501089262	0.00030083470655576787
P897K	missense	150	42	19	71	44	14	18	29	11	65	46	18	19	30	24	46	88	0.0004741866599673408	0.00012654614372698995	7.719921256803181e-05	0.0002383072243497026	0.00011646475129599387	0.00024398178269355888	0.0002454526663910707	9.189740573623606e-05	4.9038838760298155e-05	0.0002173426241816721	0.00020188136248442935	0.00024222953160457942	0.0002646167687646366	0.00011639695115082791	8.95694575315374e-05	0.00020465124380059132	0.0001677289500167729	0.6542882214670853	0.00013962933298517955	0.9341960048865015	0.7361859669669434	0.00014004005779065892	1.6325731329900495	0.6831566878978541	0.0001445866506249324	1.2858511823210361	0.0026103540430695805	0.8074636173347786	0.038390272575367354	0.8555656428114798	1.2842067733991958	0.8315146300731292	0.00014141868046692362
F898W	missense	93	247	179	212	209	52	17	303	252	208	118	51	56	208	232	93	191	0.00029518904660218566	0.0007298475266114768	0.0006947929131122863	0.0007049922053678703	0.000543502172714638	0.0008620689655172414	0.00023253410500206697	0.0009312270447938588	0.0010339021838629528	0.0006882516432419616	0.0005111464284180233	0.0006629439812335857	0.0007541577909792144	0.0007847407351781624	0.0008347873441939286	0.00040930248760118263	0.0003618422292496674	0.5993355270664324	0.0006682837044515678	0.407047865347096	0.5615666560378649	0.0007911318250791991	0.2713166451145404	0.5364171763146084	0.0005976681990557352	0.08394836507818956	-0.5690553523515611	-0.49330771816971253	0.05598538990190743	0.8844342772953981	0.2541042918466087	0.1955632795628428	0.0006856945761955007
F898F	silent	100	174	118	98	97	23	24	130	128	108	67	26	13	59	97	66	198	0.00031717120964702927	0.0005150133756330986	0.00045933531477978926	0.0003276724334808411	0.0002536343472668311	0.0003903708523096942	0.000322964034725093	0.0004012853383815642	0.0005271675166732051	0.0003589446369060948	0.0002920836733817276	0.0003442209133328234	0.00018523173813524564	0.0002252844215822476	0.00035111227352362665	0.00029173687946041743	0.00037503439385772817	0.5514136578298295	0.00038891386779014	-0.05265523905656654	0.5857602257590806	0.00039487029133564795	0.4599192319226471	0.6642017141554776	0.0003107919921060049	1.1305962268157344	-0.08232322089364656	0.6142052873986158	-0.26912185061653415	0.3510248137253286	0.5126200732272717	0.4826150505619722	0.0003648587170772643
F898G	missense	188	245	142	129	231	46	37	191	136	197	169	44	63	188	169	147	430	0.0005935184022107775	0.0007239616594613843	0.0005519743698614274	0.00043027693285362974	0.0006004404955704573	0.0007644762524398178	0.0004909053327821414	0.0005881433967119108	0.0005598600758467373	0.0006520278725450163	0.000730209183454319	0.0005737015222213723	0.0008467736600468372	0.00070964592798408	0.0006090723112144544	0.0006444337038827131	0.0008122604208677429	0.5983238576092067	0.0005766633644367247	0.3973431606365831	0.6506084921114658	0.0006325601321394959	0.9654482185506855	0.6404573819271543	0.0006938530909872476	0.9361129585340215	-0.1923662491729854	0.363812767335393	0.16908133807275863	1.0699928915839043	0.7663014459070968	0.7169028294596487	0.000634358862521156
F898A	missense	124	633	582	488	54	91	35	533	413	218	42	203	19	276	266	84	94	0.0003925386258007788	0.00186581988657934	0.002250357046358127	0.0016185032320417303	0.00014234580713954806	0.0014964216005204944	0.00046506821000413394	0.001635773822105002	0.0016918399372302863	0.0007211823438755483	0.00018469996993256303	0.002600780234070221	0.0002646167687646366	0.001040063079638043	0.0009566018064368195	0.0003701139515542609	0.000179036519680825	0.5015898755560549	0.0014692564930296865	-0.5306029432936976	0.4678048869690151	0.00105837401828585	-0.45960948087100684	0.46937365392322905	0.000636453839327487	-0.4651866127520287	-0.5075373144323461	-0.35332923171043645	-0.9924862938977024	-0.8358126096459998	-0.4851330123055777	-0.5945709206782182	0.0010546947835476746
F898V	missense	155	194	156	134	78	21	12	135	109	142	67	20	7	101	136	92	228	0.0004898882049993719	0.0005738720471340241	0.0006060138186590497	0.0004468260456556924	0.00020446034116407814	0.000357839947950553	0.00016794129805704837	0.0004166015726709368	0.0004495226886360664	0.0004709090190602895	0.0002920836733817276	0.0002677273770366404	0.00010584670750585465	0.0003829835166898209	0.000490840627272825	0.0004049482058181913	0.0004315722421779887	0.5384828189220903	0.0004577930631532111	-0.1766977040756709	0.5979786613360557	0.0004072792384372551	0.5551688616019301	0.6293758546736259	0.00042758614798970646	0.8453472289655862	-0.3285313163694476	0.053982014283482295	-0.4030154298777605	0.13134314137833555	0.4079394621639485	0.09266257783090892	0.0004308861498600576
F898R	missense	199	25	26	59	126	3	40	58	45	121	106	7	34	39	67	86	247	0.0006280618012812461	7.651627295120322e-05	0.00010421893696684294	0.00019858935362475217	0.00032868940921313827	6.506180871828237e-05	0.0005296610169491525	0.0001807315646145976	0.0001879822152478096	0.0004017545477297575	0.0004596022507624243	0.00010199138172824396	0.0004630793453381141	0.00015018961438816505	0.00024362892448578176	0.0003788225151202435	0.0004673795461141537	0.7752247586533558	0.00017700349318898416	2.094311469203447	0.7317402563528592	0.0003075176445886472	1.5979162993074507	0.7345509406978273	0.000310005150027086	1.706807314475913	0.910671877537695	2.873671870556387	0.6570919352225473	1.8706809058744138	1.7996783609956035	2.3721763882154003	0.0002648420959349058
F898N	missense	61	99	66	64	193	14	32	101	92	63	38	3	44	78	86	52	86	0.0001946991583971863	0.0002942933575046278	0.00025861736210290657	0.00021513846642681487	0.0005020924833649514	0.00024398178269355888	0.0004263125258371228	0.0003124511795032026	0.0003800510003923107	0.00021075648405495474	0.0001675185773806967	5.099569086412198e-05	0.0005953877297204324	0.000296624488416626	0.00031170171220975016	0.00023077693449853913	0.00016395976012875552	0.682072224291636	0.00031753541734982514	1.2007213419543323	0.5544796924855864	0.0002676943103327912	0.21606974794407424	0.5653179296082793	0.0002507657238134177	0.32066645435980606	0.24237069296812813	1.3530156292465554	1.0672664003115964	2.5436617384279696	0.5791525147527375	1.9483386838372625	0.000278665150498678
F898S	missense	146	294	192	202	120	55	21	214	124	140	99	72	27	128	162	100	214	0.00046162542394171584	0.0008681654046386519	0.0007449724012815069	0.0006718939797637449	0.0003131607757070057	0.0009108653220559532	0.00028420835055808184	0.0006585980744430251	0.0005108212370864391	0.00046432287893357217	0.00042953481379665823	0.0009306713582702262	0.0003704634762704913	0.0004843615064018323	0.0005839928631056238	0.00043978246008212176	0.0004051879129618671	0.5413797396052973	0.0006495481403477274	-0.1489082323272636	0.580550797434297	0.0005158192510649237	0.4193087858757365	0.6000610040957844	0.0004783311856378613	0.6052373831823487	-0.5058173340380724	-0.34941557873200074	-0.40005095091402154	0.1362070168530593	0.2918793122436072	-0.10660428093947072	0.0005478995256835041
F898L	missense	170	156	125	147	128	16	14	186	158	132	85	9	15	166	134	113	224	0.0005369928400954654	0.00046204057128226557	0.00048635503917860036	0.0004898537389410553	0.0003338656203818491	0.0002765126870527001	0.0001937784208350558	0.0005728271624225381	0.0006497646135739506	0.00043797831842670287	0.00036939993986512607	0.00012748922716030494	0.0002116934150117093	0.0006270416400705891	0.000483675070670302	0.0004963881232610087	0.0004240338624019539	0.5981234880752907	0.00044302874244594266	0.39542106330948745	0.5743793043164495	0.0005074925085720794	0.3711984995514413	0.588301971852601	0.0005077846741009635	0.5089223973367415	-0.15440965017667085	0.45017942430879826	0.22023386052013996	1.1539197814169404	0.42518065339922345	0.8020496028628693	0.00048610197503966187
F898Y	missense	52	67	15	25	69	10	13	44	45	46	43	3	7	36	33	25	89	0.0001664363773395302	0.00020011948310314688	6.175937005442545e-05	8.605538657072594e-05	0.00018116739090487936	0.0001789199739752765	0.0001808598594460521	0.0001378461086043541	0.0001879822152478096	0.0001547742929778574	0.00018899531807052962	5.099569086412198e-05	0.00010584670750585465	0.00013892539330905267	0.00012181446224289088	0.00011321132635777392	0.00016961354496078157	0.6173076545711226	0.00013227540765829439	0.5794502139669632	0.6474462509256455	0.00016739948372513768	0.9407967564213144	0.6441930498209909	0.00013589118171762474	0.9667107826472546	0.004683362665934899	0.8121805527127691	0.31714387352819634	1.3129218324655807	0.8289859176785107	1.0625511925891749	0.0001451886910336856
F898K	missense	69	22	14	12	7	3	1	37	15	26	9	8	2	28	32	19	15	0.0002198216304484361	6.768747222606438e-05	5.7899409426023855e-05	4.302769328536297e-05	2.0704844674843356e-05	6.506180871828237e-05	2.583712277800744e-05	0.00011640338059923235	6.53851183470642e-05	8.891289171068403e-05	4.2953481379665825e-05	0.00011474030444427445	3.9692515314695496e-05	0.00010888747043141967	0.00011823168394162938	8.708563565982608e-05	3.0153519104138947e-05	0.522118584616527	4.732985490307364e-05	-0.33367591530350976	0.5465611083062963	7.84137180091616e-05	0.15433989669511988	0.5279543156176346	8.608957728425352e-05	0.01463141012937744	-0.4010819835180594	-0.11110017823393115	-0.4610073768554472	0.036194681198172096	-0.05490153615967081	-0.037452748517879525	7.061105006549626e-05
F898D	missense	71	25	20	24	27	1	6	16	4	33	21	2	7	18	19	23	89	0.0002261022484612486	7.651627295120322e-05	8.10591731964334e-05	8.274556401031341e-05	7.246695636195174e-05	3.2530904359141185e-05	9.042992972302605e-05	5.20751965838671e-05	2.0432849483457566e-05	0.00011196438215419471	9.449765903526481e-05	3.824676814809149e-05	0.00010584670750585465	7.134006683437841e-05	7.165556602522992e-05	0.0001045027627917913	0.00016961354496078157	0.6208192289691199	7.819699162997545e-05	0.6131359127474856	0.7230387011097054	6.974252181419604e-05	1.5300827448951257	0.723195352147215	0.0001042779851530453	1.6137968245051264	0.4440160564961975	1.8118406136398448	0.4420826101364963	1.5179111288192408	1.252338494049246	1.6648758712295428	8.40724995324056e-05
F898C	missense	68	262	201	150	82	34	29	119	80	178	83	25	19	84	83	115	177	0.0002166813214420299	0.000773991530237171	0.0007797120469371213	0.000499783206622293	0.0002148127635014998	0.0005692908262849707	0.0003875568416701116	0.00036758962294494425	0.00033101216163201256	0.0005894595413412015	0.0003608092435891929	0.00033147199061679287	0.0002646167687646366	0.00031915293057485075	0.0003009533773059657	0.0005050966868269913	0.0003354579000335458	0.5171292635901251	0.0005670748868245212	-0.38153728634851836	0.6430507074088504	0.0004122176423768378	0.9065310036924735	0.6466561402793907	0.00036516522368533835	0.9868852764092514	-0.16699877748469139	0.4215340538447082	-0.09782947444262163	0.6320673839949574	0.5039596645844022	0.5268007189198328	0.00044815258429556576
F898Q	missense	48	76	37	28	20	21	0	78	36	21	9	36	15	35	36	14	57	0.00015387514131390528	0.00022660588527856338	0.00014667850387926044	9.598485425196355e-05	5.435021727146381e-05	0.000357839947950553	1.291856138900372e-05	0.0002419965017720883	0.000151203086177586	7.24475413938907e-05	4.2953481379665825e-05	0.00047171014049312833	0.0002116934150117093	0.00013517065294934856	0.00013256279714667535	6.531422674486956e-05	0.00010930650675250369	0.48953409960396027	0.0001309048651703128	-0.6462511373115528	0.4588862086205879	0.00012715015268080772	-0.5291356329356105	0.5840709734517072	0.00011058854589834929	0.474267457825788	-1.4424746686762844	-2.4806909000582675	-0.34796786354685505	0.2216607017642	-0.23370643747379183	-1.1295150991470337	0.00012288118791648994
F898M	missense	59	38	31	28	41	7	5	38	32	35	23	4	10	29	24	18	47	0.00018841854038437382	0.00011477440942680483	0.0001235187401088509	9.598485425196355e-05	0.00010870043454292761	0.00013012361743656474	7.751136833402232e-05	0.00011946662745710689	0.00013485680659081992	0.00011855052228091205	0.00010308835531119797	6.374461358015247e-05	0.00014553922282055013	0.0001126422107911238	8.95694575315374e-05	8.273135387683478e-05	9.046055731241685e-05	0.6120885898304218	0.00011074460958263672	0.529384966062332	0.6078134762072488	0.0001189905779100092	0.6318368170487566	0.600565275580805	9.385089487797822e-05	0.6093677316615146	-0.22499072446237806	0.28957885437259306	0.35853655868642137	1.380835576714292	0.5901965049242012	0.8352072155434425	0.00010786202745687472
F898P	missense	61	214	97	114	60	31	21	127	90	96	49	57	14	106	87	49	82	0.0001946991583971863	0.0006327307186349497	0.00037827614158335586	0.0003806295944474417	0.00015787444064568057	0.000520494469746259	0.00028420835055808184	0.00039209559780794054	0.0003718778605989277	0.0003194277961457908	0.00021476740689832912	0.0007394375175297687	0.00019846257657347746	0.00040175721848834155	0.0003152844905110117	0.00021771408914956524	0.0001564213803527208	0.5102690076746864	0.000387377723827857	-0.4473460912129574	0.5687250861023774	0.000324542165362747	0.3271206642489325	0.5295093303599714	0.0002727942946254098	0.027368106466331282	-0.2627792853517779	0.2035945522445144	-0.5712228566430408	-0.14463789532909027	-0.030952440165897866	0.02947832845771206	0.0003282380612720046
F898_	nonsense	68	222	190	137	26	35	7	259	147	85	17	83	9	144	128	37	37	0.0002166813214420299	0.0006562741872353199	0.0007372524800247038	0.00045675551333693	6.987885077759632e-05	0.0005855562784645413	0.00010334849111202976	0.0007964441830473792	0.000604812344710344	0.00028320402544884546	7.731626648339847e-05	0.0010709095081465616	0.0001323083843823183	0.0005444373521570983	0.00046217840086273303	0.00016546270775366956	7.161460787233e-05	0.492219275966087	0.0004800402578436375	-0.620492878520634	0.44911279047608826	0.0004404442049224918	-0.6053249661034855	0.4526118150446365	0.00031092326716145773	-0.6024782062225585	-0.7532645016294218	-0.9124582434469789	-0.9081654081976666	-0.6974657726537369	-0.6094320169488926	-0.8049620080503579	0.00041046924330919566
F898H	missense	45	127	132	96	8	8	3	90	56	50	4	11	1	43	54	34	26	0.0001444542142946866	0.00037669549760592356	0.0005133747635774115	0.000321052788360016	2.3292950259198775e-05	0.00014638906961613534	5.167424555601488e-05	0.00027875546406658274	0.00023293448411141625	0.00016794657323129206	2.1476740689832912e-05	0.00015298707259236595	2.646167687646366e-05	0.00016520857582698158	0.0001970528065693823	0.00015239986240469565	5.0884063488234475e-05	0.4981657705487941	0.0003086039999506375	-0.5634495689933409	0.4758044052495646	0.00017527831552478098	-0.39724870243625854	0.5393246183154072	0.0001413863270723235	0.10776241961624007	-0.4522345059654407	-0.22749291299834862	-0.7620373725194285	-0.45771080134218445	-0.2843119506044531	-0.34260185717026653	0.00020842288084924735
F898I	missense	58	34	13	7	17	3	4	48	29	45	16	6	1	37	35	40	65	0.0001852782313779676	0.00010300267512661972	5.4039448797622264e-05	2.647858048330029e-05	4.658590051839755e-05	6.506180871828237e-05	6.45928069450186e-05	0.00015009909603585223	0.00012259709690074538	0.00015148122291449873	7.30209183454319e-05	8.924245901221346e-05	2.646167687646366e-05	0.00014268013366875682	0.00012898001884541387	0.00017852555310264348	0.00012438326630457317	0.5180869497410056	5.752665123148496e-05	-0.3723504306682757	0.5741273418623513	0.00012429958354913205	0.3692343094311315	0.6238371570480373	0.00014364224298034684	0.7999812862264717	-0.0031419748460217757	0.7943747361099195	-0.5279541664860604	-0.07364615497532452	0.26562172166310916	0.36036429056729746	0.00010848949258698795
F898T	missense	88	51	54	42	51	3	17	39	33	41	31	8	21	50	60	30	60	0.0002794875015701545	0.00015303254590240644	0.00021229783456208748	0.00014232237009773906	0.00013458149038648182	6.506180871828237e-05	0.00023253410500206697	0.0001225298743149814	0.00013894337648751146	0.00013830894266106405	0.00013745114041493063	0.00011474030444427445	0.00029107844564110026	0.00019149175834491045	0.00021854947637695127	0.00013498273527273044	0.00011496029158452974	0.6006069080755128	0.0001605585602371787	0.41924392126195315	0.6352677369614275	0.0001343083334696219	0.8458583383376044	0.5656877634028588	0.00016499606539478048	0.32369566084155504	0.5531605259212655	2.0601885478763777	0.4042940492470965	1.455910737929896	0.5295993068137043	1.7580496429031367	0.00015328765303386036
F898E	missense	69	85	56	68	17	12	1	78	56	51	23	18	1	65	63	26	77	0.0002198216304484361	0.0002530922874539799	0.00022001775581889066	0.000228377756668465	4.658590051839755e-05	0.0002114508783344177	2.583712277800744e-05	0.0002419965017720883	0.00023293448411141625	0.00017123964329465073	0.00010308835531119797	0.00024222953160457942	2.646167687646366e-05	0.00024781286374047235	0.00022929781128073576	0.00011756560814076522	0.00014699840563267737	0.5228778495384911	0.00018701842511493328	-0.3263924673234567	0.5451845940283425	0.00018731474612233831	0.14360918780875306	0.5551958824197469	0.00018541867219866266	0.23775956104320634	-0.9129653444969337	-1.27584243167842	-0.9616097274246326	-0.7851528558582292	0.018325427176167558	-1.0304976437683246	0.00018658394781197806
A899L	missense	135	187	102	85	178	25	33	113	60	106	83	52	33	74	76	53	198	0.00042708202487124733	0.0005532715121087002	0.0003975759447253638	0.0002846447401954781	0.00046327089959962006	0.0004229017566688354	0.0004392310872261265	0.00034921014179769704	0.0002492807636981823	0.0003523584967793775	0.0003608092435891929	0.0006756929039496162	0.00044984850689988224	0.00028160552697780946	0.0002758739291971352	0.00023513121628153044	0.00037503439385772817	0.5968226571132125	0.00042469077415729055	0.38294250099341215	0.638139378802022	0.00032791466146611247	0.8682444138842643	0.6506439108333127	0.0002919112665785508	1.0195480037930615	0.016453581217359063	0.8389625736264861	-0.17668307469431876	0.5026908233752915	0.7569116395569125	0.6708266985008888	0.00034817223406731794
A899C	missense	63	16	11	30	57	4	21	8	12	29	34	3	8	15	14	33	74	0.00020097977640999874	5.002987077578672e-05	4.631952754081908e-05	0.00010260449937278863	0.00015011012389261433	8.132726089785297e-05	0.00028420835055808184	2.756922172087082e-05	5.312540865698967e-05	9.879210190076005e-05	0.0001503371848288304	5.099569086412198e-05	0.00011907754594408647	6.007584575526602e-05	5.3741674518922446e-05	0.00014804558062170436	0.00014134462080065132	0.752672041924654	8.726600539550219e-05	1.8779686165961478	0.7818907533291412	8.245597927686272e-05	1.9888678442191803	0.7298188728307023	0.00010080193042413604	1.6680482533374592	0.5434006886321092	2.0379809596951852	0.3682963959755776	1.3968487222986168	1.8449615713842624	1.717414840996901	9.017463836550032e-05
A899G	missense	53	31	19	41	28	10	9	38	26	35	59	9	4	24	44	31	66	0.00016957668634593644	9.417387440148089e-05	7.719921256803181e-05	0.00013901254753732653	7.505506194630717e-05	0.0001789199739752765	0.0001291856138900372	0.00011946662745710689	0.00011033738721067085	0.00011855052228091205	0.0002577208882779949	0.00012748922716030494	6.615419219115915e-05	9.386850899260315e-05	0.00016122502355676732	0.00013933701705572175	0.00012626786124858184	0.6264453901873837	9.63601741132866e-05	0.6671063404272112	0.7122366499133964	0.00015151885630667117	1.445874634147792	0.6430790954747254	0.0001301746027134185	0.9575866902156339	-0.14144467301230315	0.4796800056314742	-0.284916117799766	0.32511086738486816	1.0235225549302125	0.4023954365081712	0.00012601787771112543
A899N	missense	46	37	29	46	21	4	6	16	11	26	16	5	4	11	14	12	22	0.00014759452330109283	0.00011183147585175854	0.00011579881885204771	0.0001555616603393892	5.6938322855819224e-05	8.132726089785297e-05	9.042992972302605e-05	5.20751965838671e-05	4.9038838760298155e-05	8.891289171068403e-05	7.30209183454319e-05	7.649353629618297e-05	6.615419219115915e-05	4.505688431644952e-05	5.3741674518922446e-05	5.660566317888696e-05	4.3345683712199736e-05	0.5895228288721771	0.00011003256947475367	0.3129169832605949	0.6738082396563562	6.576196135007029e-05	1.1463033982815374	0.6235725696670842	4.968747643161466e-05	0.7978141240549247	0.0460760478241599	0.9063656992959943	-0.06306736818340972	0.6891022147871685	0.7523448351990191	0.7977339570415813	7.516066908547953e-05
A899H	missense	25	46	36	68	33	15	4	63	31	41	14	15	3	16	29	40	59	8.164803416656198e-05	0.00013831787802717505	0.00014281854325085884	0.000228377756668465	8.799558986808426e-05	0.0002602472348731295	6.45928069450186e-05	0.00019604779890397027	0.0001307702366941284	0.00013830894266106405	6.443022206949873e-05	0.00020398276345648793	5.292335375292732e-05	6.383058611497015e-05	0.00010748334903784489	0.00017852555310264348	0.00011307569664052105	0.6113166146850416	0.0001493774419536458	0.5219795919292487	0.5335759705712388	0.00013238930008216537	0.05311338919284684	0.6840760313065265	0.0001157287962239949	1.2933812703046679	-0.6052019661739841	-0.5755559247873413	-0.5859461134637473	-0.16879461515548824	0.6228247504755878	-0.37217526997141476	0.00013249851275326868
A899Y	missense	66	7	24	35	38	3	6	7	9	33	33	6	22	26	25	33	55	0.00021040070342921743	2.3543468600370222e-05	9.649901571003975e-05	0.0001191536121748513	0.00010093611778986136	6.506180871828237e-05	9.042992972302605e-05	2.4505974862996284e-05	4.086569896691513e-05	0.00011196438215419471	0.0001460418366908638	8.924245901221346e-05	0.0003043092840793321	0.00010137798971201142	9.31522358327989e-05	0.00014804558062170436	0.00010553731686448631	0.7186520172664235	8.503305356878066e-05	1.5516226038798386	0.7934199347498433	8.084447316874248e-05	2.0787443471404337	0.6437930577079054	0.00011202828075775024	0.9634345577068462	0.14298606083221632	1.1268752831912145	0.5327436738675513	1.6666604131918565	1.531267169575706	1.3967678481915355	9.263526916509113e-05
A899S	missense	104	124	67	84	69	19	21	76	50	71	64	26	14	64	70	48	137	0.00032973244567265417	0.0003678666968807847	0.00026247732273130815	0.0002813349176350656	0.00018116739090487936	0.00032530904359141186	0.00028420835055808184	0.00023587000805633924	0.00020841506473126716	0.0002371010445618241	0.0002791976289678278	0.0003442209133328234	0.00019846257657347746	0.0002440581233807682	0.0002543772593895662	0.00021335980736657392	0.00026007410227319843	0.5630928144834444	0.00027321158203800946	0.05938013552315913	0.6456474504661015	0.00024014593657931458	0.9267740874340216	0.6259042477096977	0.0002429673231025267	0.816912255008772	-0.05865930269585313	0.6680502987979247	-0.23915862723909093	0.40018602860047237	0.6010221593219842	0.5341181636991985	0.0002521082805732836
A899T	missense	40	54	44	90	42	12	21	53	27	54	22	16	5	24	43	35	63	0.00012875266926265546	0.00016186134662754526	0.00017369822827807157	0.0003011938529975408	0.00011128854012728304	0.0002114508783344177	0.00028420835055808184	0.0001654153303252249	0.00011442395710736236	0.00018111885348472674	9.879300717323138e-05	0.00021673168617251842	7.938503062939099e-05	9.386850899260315e-05	0.00015764224525550584	0.00015675414418768696	0.00012061407641655579	0.6209523001688837	0.00018701049200761018	0.6144124331464732	0.5952608754057718	0.00013993778702263635	0.5339821800684177	0.6437539600213336	0.00013221974371308793	0.9631143193529675	0.12842734066129136	1.0937482901459166	-0.43618379313041505	0.07692319421910863	0.7038363108559529	0.5853357421825126	0.00015305600758111149
A899M	missense	53	127	87	122	91	12	19	102	65	72	47	19	24	64	90	50	134	0.00016957668634593644	0.00037669549760592356	0.0003396765352993399	0.000407108174930742	0.0002381057137606986	0.0002114508783344177	0.0002583712277800744	0.00031551442636107717	0.00026971361318163983	0.00024039411462518277	0.00020617671062239594	0.0002549784543206099	0.00033077096095579576	0.0002440581233807682	0.00032603282541479616	0.00022206837093255652	0.00025442031744117235	0.5930209575485527	0.000340396480399176	0.3464737004285689	0.5817099923775931	0.00025794971619757395	0.4283453673905677	0.6162957086932557	0.0002616449092923233	0.7382113653244151	0.08703465550306623	0.9995631435626912	0.11302389087227165	0.9780184009738648	0.5043434777145173	0.988790772268278	0.0002866637019630244
A899I	missense	99	85	67	62	53	17	15	70	49	52	28	20	17	41	51	23	55	0.00031403090064062303	0.0002530922874539799	0.00026247732273130815	0.00020851882130598978	0.00013975770155519264	0.00029277813923227067	0.00020669698222405952	0.00021749052690909202	0.00020432849483457564	0.0001745327133580094	0.0001245650960010309	0.0002677273770366404	0.00023815509188817295	0.00015769909510757332	0.0001863044716655978	0.0001045027627917913	0.00010553731686448631	0.5679929931890302	0.00021596153326161762	0.10638638546655538	0.5714965893276551	0.000180229207775677	0.3487261025392573	0.5712391083403998	0.0001385109116073622	0.3691651942203156	-0.15120451030145948	0.45747241745028183	-0.05083291176639803	0.7091755137517279	0.2747592274087094	0.5833239656010049	0.0001782338842148856
A899R	missense	81	86	55	99	71	12	13	108	77	67	34	22	17	71	89	51	73	0.0002575053385253109	0.00025603522102902613	0.00021615779519048906	0.00033098225604125364	0.0001863436020735902	0.0002114508783344177	0.0001808598594460521	0.0003338939075083244	0.00031875245194193803	0.00022392876430838942	0.0001503371848288304	0.0002932252224687014	0.00023815509188817295	0.0002703413058986971	0.00032245004711353465	0.00022642265271554784	0.00013946002585664264	0.61309391128606	0.00024737971858358976	0.5390287759020257	0.5464278266174564	0.00025672807714687056	0.15330089039803227	0.5612829258923766	0.00023966850789610555	0.28761685318965646	-0.06786730448267682	0.6470983601953559	-0.09034145305007163	0.6443531192121488	0.32664883982990484	0.6457257397037524	0.0002479254345421886
A899_	nonsense	46	214	106	102	38	34	13	100	42	52	27	19	3	45	36	52	89	0.00014759452330109283	0.0006327307186349497	0.00041301578723897017	0.0003409117237224912	0.00010093611778986136	0.0005692908262849707	0.0001808598594460521	0.0003093879326453281	0.00017572250555773506	0.0001745327133580094	0.0001202697478630643	0.0002549784543206099	5.292335375292732e-05	0.0001727180565463898	0.00013256279714667535	0.00023077693449853913	0.00016961354496078157	0.4848838563599725	0.0003718985868465681	-0.6908598157614437	0.5338769484761836	0.00019497822485603424	0.05545968253024091	0.6407475226813276	0.00017641783328809646	0.9384894213290477	-0.4979919965261157	-0.33160976212915105	-0.6828561264718036	-0.32779666620412845	0.10102976269928161	-0.3297032141666397	0.00024776488166356625
A899D	missense	27	13	27	14	31	15	11	74	22	25	30	10	4	31	20	12	42	8.792865217937445e-05	4.120107005064789e-05	0.00010807889759524453	4.964733840618804e-05	8.281937869937342e-05	0.0002602472348731295	0.00015502273666804465	0.00022974351434059016	9.39911076239048e-05	8.561982164732537e-05	0.00013315579227696404	0.00014023814987633546	6.615419219115915e-05	0.00012015169151053205	7.523834432649142e-05	5.660566317888696e-05	8.103758259237342e-05	0.6544694535694876	7.043667118786347e-05	0.9359345213805179	0.5563067218724846	0.0001356275589721961	0.2303124774178184	0.5739634312051973	8.325832040207097e-05	0.3914793704837528	-0.22499072446237806	0.28957885437259306	-0.32630880295799114	0.25719712313615706	0.5192421230940297	0.2733879887543751	9.644085018737686e-05
A899V	missense	99	68	45	55	87	14	13	71	71	72	57	5	14	67	69	33	95	0.00031403090064062303	0.00020306241667819314	0.00017755818890647314	0.00018535006338310202	0.0002277532914232769	0.00024398178269355888	0.0001808598594460521	0.00022055377376696656	0.00029423303256178896	0.00024039411462518277	0.0002491301920020618	7.649353629618297e-05	0.00019846257657347746	0.0002553223444598806	0.00025079448108830476	0.00014804558062170436	0.0001809211146248337	0.6378924699891173	0.00019843099009776133	0.7769154569128863	0.628969180510561	0.00025107777823900004	0.7967575213238759	0.5762095823568728	0.00020877088019868086	0.4098769742921892	-0.13001521123152135	0.5056866666894704	0.41405388653625275	1.471923883514221	0.6611833175096505	0.9888052751018457	0.00021942654951181409
A899W	missense	36	24	19	15	31	13	4	23	13	32	25	10	2	18	18	23	49	0.00011619143323703052	7.357333937615695e-05	7.719921256803181e-05	5.295716096660058e-05	8.281937869937342e-05	0.0002277163305139883	6.45928069450186e-05	7.351792458898885e-05	5.721197855368118e-05	0.00010867131209083605	0.00011167905158713113	0.00014023814987633546	3.9692515314695496e-05	7.134006683437841e-05	6.807278772396843e-05	0.0001045027627917913	9.422974720043421e-05	0.6265250730461984	7.163727290254069e-05	0.6678707191575994	0.684082897208361	8.777006670515931e-05	1.226400176690234	0.6638512704830647	8.453634113764308e-05	1.1277258394700669	-0.5472100191962973	-0.4436007253152257	-0.5481575525743475	-0.1067942242661434	1.0073322451059668	-0.27519747479068457	8.131456024844769e-05
A899P	missense	29	22	10	19	73	3	9	32	20	21	10	6	1	31	51	23	52	9.420927019218691e-05	6.768747222606438e-05	4.245956691241749e-05	6.619645120825072e-05	0.00019151981324230102	6.506180871828237e-05	0.0001291856138900372	0.00010108714630985967	8.581796783052178e-05	7.24475413938907e-05	4.7248829517632405e-05	8.924245901221346e-05	2.646167687646366e-05	0.00012015169151053205	0.0001863044716655978	0.0001045027627917913	9.988353203246026e-05	0.759300534834703	9.196582589725841e-05	1.9415541740213527	0.5537000449526089	7.665037126297614e-05	0.20999195358745398	0.5901051451688665	0.00012771061450009535	0.5236916920237222	0.2978880208179594	1.4793400665585499	-0.5279541664860604	-0.07364615497532452	0.8917459398775097	0.7028469557916127	9.877560388677663e-05
A899F	missense	107	32	33	47	75	13	27	46	22	93	73	24	33	33	46	51	59	0.0003391533726918729	9.711680797652717e-05	0.00013123866136565408	0.00015887148289980173	0.00019669602441101187	0.0002277163305139883	0.0003617197188921042	0.00014397260232010316	9.39911076239048e-05	0.0003095485859557148	0.0003178557622095271	0.0003187230679007624	0.00044984850689988224	0.0001276611722299403	0.00016839058015929032	0.00022642265271554784	0.00011307569664052105	0.6948659078095227	0.00014598074416324872	1.3234481079094116	0.7314874868981778	0.00021634201452731247	1.595945818160256	0.6278077341481021	0.00015888752543632487	0.8325031867777112	0.20097800780990308	1.2588304826633299	0.1496527862344326	1.0381161071803995	1.2506323709491263	1.1484732949218648	0.00017373676137562871
A899K	missense	43	13	22	40	32	3	22	15	17	32	18	4	7	7	15	31	25	0.00013817359628187414	4.120107005064789e-05	8.877909445323657e-05	0.000135702724976914	8.540748428372885e-05	6.506180871828237e-05	0.0002971269119470856	4.901194972599257e-05	7.355825814044724e-05	0.00010867131209083605	8.161161462136506e-05	6.374461358015247e-05	0.00010584670750585465	3.003792287763301e-05	5.732445282018394e-05	0.00013933701705572175	4.899946854422579e-05	0.6889233110045826	8.777259344113182e-05	1.2664421888380477	0.6781048093922392	7.821328364466023e-05	1.1797975942983556	0.6879750521010051	6.892471532444113e-05	1.3253170729171342	0.6596158568355523	2.302417601352883	0.22023386052013996	1.1539197814169404	1.2571856186845125	1.7281686913849117	7.830353080341106e-05
A899A	silent	62	11	15	11	57	8	15	30	24	50	27	9	6	34	29	29	70	0.0001978394674035925	3.531520290055533e-05	6.175937005442545e-05	3.9717870724950433e-05	0.00015011012389261433	0.00014638906961613534	0.00020669698222405952	9.49606525941106e-05	0.00010216424741728782	0.00016794657323129206	0.0001202697478630643	0.00012748922716030494	9.261586906762282e-05	0.00013141591258964444	0.00010748334903784489	0.00013062845348973912	0.0001338062410246166	0.7654410852672116	7.172564189313638e-05	2.0004590152042874	0.6614974180685723	0.0001213353052764387	1.0503335672915675	0.6325288209216972	0.00012583348903546127	0.8711723048114918	0.14982548536252172	1.1424377478989123	-0.13878808212152793	0.5648658386964207	1.3073216291024488	0.8536517932976665	0.00010629814540167878
A899E	missense	14	4	5	14	122	8	11	21	1	24	14	18	17	5	6	10	26	4.7104635096093454e-05	1.4714667875231389e-05	2.315976377040954e-05	4.964733840618804e-05	0.00031833698687571657	0.00014638906961613534	0.00015502273666804465	6.739143087323978e-05	8.173139793383025e-06	8.23267515839667e-05	6.443022206949873e-05	0.00024222953160457942	0.00023815509188817295	2.252844215822476e-05	2.5079448108830473e-05	4.789709961290435e-05	5.0884063488234475e-05	0.9136948093510557	0.00010146468923188638	3.4226217623262616	0.6616979646411303	5.558038608002206e-05	1.0518969414771788	0.7171213992882673	3.6597263342048514e-05	1.5640467539603713	0.024886748754221824	0.8581514500568059	-0.007367217985307764	0.7804904815958756	2.012855152587937	0.8193209658263407	6.454744621798565e-05
A899Q	missense	22	19	3	13	24	6	3	29	8	9	6	4	0	14	31	3	24	7.22271071473433e-05	5.8858671500925554e-05	1.543984251360636e-05	4.6337515845775506e-05	6.470263960888549e-05	0.00011385816525699414	5.167424555601488e-05	9.189740573623606e-05	3.677912907022362e-05	3.293070063358668e-05	3.0067436965766077e-05	6.374461358015247e-05	1.323083843823183e-05	5.63211053955619e-05	0.00011464890564036788	1.741712713196522e-05	4.7114873600217106e-05	0.6576628934174601	4.633466736729823e-05	0.9665684310177076	0.50152363483164	4.791866810145311e-05	-0.19675273240016475	0.5587317370682531	5.887550294202802e-05	0.26672077004239164	-0.34309003654037257	0.0208550212381844	-0.6828561264718036	-0.32779666620412845	0.34551215621997816	-0.15347082248297203	5.104294613692645e-05
M900R	missense	148	367	175	211	104	46	27	219	134	191	95	77	45	167	142	104	224	0.0004679060419545283	0.00108299955561703	0.0006793530705986798	0.0007016823828074577	0.000271751086357319	0.0007644762524398178	0.0003617197188921042	0.0006739143087323978	0.0005516869360533543	0.0006322694521648642	0.0004123534212447919	0.0009944159718503786	0.0006086185681586642	0.0006307963804302933	0.000512337297080394	0.00045719958721408696	0.0004240338624019539	0.5148206945143595	0.0006839465238451216	-0.4036828409307079	0.5862317931130632	0.0005675560295488521	0.4635953666906957	0.583294048118758	0.000506091781781682	0.467903876971634	-0.32499181444757635	0.06203581669008476	-0.21322289314469112	0.4427392673057328	0.1759388009105406	0.2523875419979088	0.0005858647783918853
M900S	missense	145	154	91	116	129	11	13	83	97	128	71	11	19	128	108	75	192	0.00045848511493530965	0.00045615470413217304	0.0003551163778129463	0.00038724923956826675	0.00033645372596620454	0.0001951854261548471	0.0001808598594460521	0.00025731273606146096	0.00040048384987576827	0.00042480603817326816	0.0003092650659335939	0.00015298707259236595	0.0002646167687646366	0.0004843615064018323	0.0003905228348375031	0.00033092541550733913	0.00036372682419367607	0.5983733223959499	0.0003837435118698976	0.3978176645819996	0.6411814211223797	0.0003479669225110228	0.8919588577389921	0.5914310574954789	0.0003923841452350877	0.53455187374014	-0.0331051982234649	0.7261962505846906	0.23796262748057148	1.183007697327525	0.6081094653537106	0.9546019739561078	0.00037469819320533603
M900I	missense	91	101	47	82	184	18	37	61	31	69	66	12	49	57	31	34	124	0.0002889084285893732	0.0003001792246547203	0.00018527811016327633	0.00027471527251424053	0.0004787995331057526	0.00030904359141184127	0.0004909053327821414	0.0001899213051882212	0.0001307702366941284	0.00023051490443510677	0.000287788325243761	0.00016573599530839644	0.0006615419219115915	0.00021777494086283933	0.00011464890564036788	0.00015239986240469565	0.00023557436800108553	0.6880863749166921	0.00030974303510949747	1.2584136598194666	0.6836037215666513	0.00020974869289030432	1.2226647310076302	0.6408157762181571	0.0001800995192272471	0.9390484672009948	0.20097800780990308	1.2588304826633299	0.6011405298933972	1.7788804001243104	1.140042286009364	1.51885544139382	0.0002331970824090163
M900M	silent	46	2	8	25	47	2	4	9	4	23	24	1	8	4	5	15	94	0.00014759452330109283	8.828800725138832e-06	3.4739645655614314e-05	8.605538657072594e-05	0.00012422906804906013	4.8796356538711774e-05	6.45928069450186e-05	3.063246857874535e-05	2.0432849483457566e-05	7.903368152060803e-05	0.00010738370344916456	2.549784543206099e-05	0.00011907754594408647	1.877370179852063e-05	2.1496669807568976e-05	6.966850852786088e-05	0.000179036519680825	0.8207415797298843	6.34632252501348e-05	2.5309435180944817	0.777039776455591	5.937067575799387e-05	1.9510517303740385	0.853808530374148	7.224384995369387e-05	2.6836132985155032	0.1217967617622782	1.0786610339520262	0.6693263916395589	1.8907542048389732	2.3885361823280076	1.4847076193954996	6.502591698727418e-05
M900_	nonsense	22	23	60	64	15	7	16	48	29	37	24	13	4	21	55	35	22	7.22271071473433e-05	7.063040580111066e-05	0.000235457598332497	0.00021513846642681487	4.140968934968671e-05	0.00013012361743656474	0.00021961554361306325	0.00015009909603585223	0.00012259709690074538	0.00012513666240762937	0.00010738370344916456	0.00017848491802442692	6.615419219115915e-05	8.260428791349079e-05	0.00020063558487064378	0.00015675414418768696	4.3345683712199736e-05	0.601009966796925	0.0001406590399775273	0.4231103678017439	0.593922581300293	0.00012630413969834788	0.523549419086395	0.5831926404302055	0.00012083492517100532	0.4670732745984471	0.2273069465322522	1.3187394966223445	-0.43104415347800407	0.0853558960733157	0.471244353828862	0.70204769634783	0.00012926603494896015
M900L	missense	105	60	94	69	51	14	20	59	51	85	76	27	13	81	93	71	161	0.0003328727546790604	0.00017951894807782294	0.0003666962596981511	0.00023168757922887754	0.00013458149038648182	0.00024398178269355888	0.00027128978916907815	0.00018379481147247213	0.00021250163462795867	0.00028320402544884546	0.0003307418066234268	0.00035696983604885385	0.00018523173813524564	0.0003078887094957384	0.00033678116031858065	0.0003135082883753739	0.00030530438092940684	0.5880375749713358	0.00022812106934783332	0.29866929551549976	0.6882946407171526	0.00025256056954317573	1.2592331041946765	0.6219305217245192	0.00031587063477977496	0.7843645628091316	0.0460760478241599	0.9063656992959943	-0.284916117799766	0.32511086738486816	0.7807556541731026	0.6157382833404312	0.000265517424556928
M900F	missense	110	160	100	81	96	33	18	144	85	103	76	70	15	88	101	95	146	0.0003485742997110916	0.0004738123055824507	0.00038985602346856065	0.000271405449953828	0.0002510462416824757	0.0005530253741054002	0.0002454526663910707	0.0004441707943918077	0.0003514450111154701	0.00034247928658930147	0.0003307418066234268	0.0009051735128381652	0.0002116934150117093	0.00033417189201366727	0.0003654433867286726	0.0004180110511671652	0.00027703545676927656	0.5540511685971694	0.0003465300051718288	-0.02735422499015085	0.5952781254903402	0.0003672092246800015	0.5341166542534905	0.6143485249945718	0.00034866544666969544	0.7222625213635314	-0.3527773039435043	-0.0011874410197530655	-0.6310244881989353	-0.24275553847347656	0.40967498354229037	-0.12197148974661481	0.0003541348921738419
M900A	missense	42	2	9	8	49	1	0	3	0	16	33	0	0	5	12	15	71	0.0001350332872754679	8.828800725138832e-06	3.8599606284015906e-05	2.9788403043712825e-05	0.00012940527921777097	3.2530904359141185e-05	1.291856138900372e-05	1.2252987431498142e-05	4.086569896691513e-06	5.5982191077097355e-05	0.0001460418366908638	1.2748922716030496e-05	1.323083843823183e-05	2.252844215822476e-05	4.657611791639945e-05	6.966850852786088e-05	0.00013569083596862527	0.8385046605395446	5.1655522317659636e-05	2.701340531442554	0.8844652908582035	5.4590896274037705e-05	2.788494494670096	0.7901308086436931	6.861597614277759e-05	2.16204666443262	-0.4010819835180594	-0.11110017823393115	0.01611387786421517	0.8190163499252244	2.5506272301817567	0.35395808584564664	5.828746491149165e-05
M900V	missense	106	21	26	38	54	13	12	53	26	59	53	3	5	53	88	49	126	0.00033601306368546665	6.47445386510181e-05	0.00010421893696684294	0.00012908307985608892	0.00014234580713954806	0.0002277163305139883	0.00016794129805704837	0.0001654153303252249	0.00011033738721067085	0.0001975842038015201	0.00023194879945019544	5.099569086412198e-05	7.938503062939099e-05	0.00020275597942402283	0.0003188672688122732	0.00021771408914956524	0.0002393435578891029	0.6981359039771123	0.00011009809065337451	1.354816404129394	0.6758388330273848	0.00017632143019690282	1.1621330243741084	0.6260996377591126	0.00024467022381874105	0.8185126409465417	-0.13223667122547936	0.5006319442340432	0.19220513691989644	1.1079325361119206	1.1118206898166814	0.8042822401729819	0.0001770299148896728
M900Y	missense	101	33	20	29	24	14	3	49	45	30	25	11	5	37	46	48	74	0.0003203115186534355	0.00010005974155157344	8.10591731964334e-05	9.929467681237608e-05	6.470263960888549e-05	0.00024398178269355888	5.167424555601488e-05	0.00015316234289372677	0.0001879822152478096	0.00010208517196411871	0.00011167905158713113	0.00015298707259236595	7.938503062939099e-05	0.00014268013366875682	0.00016839058015929032	0.00021335980736657392	0.00014134462080065132	0.5931861521281794	8.627905779231711e-05	0.3480583727774316	0.5776167804188914	0.00013872719542319656	0.39643646049254794	0.6326907889051333	0.0001664437854988181	0.8724989398363372	-0.674083255581797	-0.7322887947356753	-0.284916117799766	0.32511086738486816	0.5389979243687723	-0.20358896367540358	0.0001304833462381106
M900Q	missense	12	0	0	0	4	2	0	1	1	10	4	0	0	3	4	7	12	4.082401708328099e-05	2.942933575046278e-06	3.85996062840159e-06	3.309822560412536e-06	1.2940527921777098e-05	4.8796356538711774e-05	1.291856138900372e-05	6.126493715749071e-06	8.173139793383025e-06	3.622377069694535e-05	2.1476740689832912e-05	1.2748922716030496e-05	1.323083843823183e-05	1.5018961438816506e-05	1.791389150630748e-05	3.483425426393044e-05	2.4499734272112893e-05	0.7846447993205192	5.763311171409376e-06	2.1846756809357424	0.7536479560786669	1.800003622397759e-05	1.7686992340671484	0.6864558281844556	2.3066710370291828e-05	1.312873529350563	-0.5771732425737406	-0.511779210840455	0.01611387786421517	0.8190163499252244	1.7554161481178179	0.15361856954238473	1.5610019255226263e-05
M900P	missense	39	33	21	38	60	2	8	40	37	56	64	4	1	49	84	41	105	0.00012561236025624922	0.00010005974155157344	8.491913382483498e-05	0.00012908307985608892	0.00015787444064568057	4.8796356538711774e-05	0.00011626705250103349	0.00012559312117285594	0.0001552896560742775	0.0001877049936114441	0.0002791976289678278	6.374461358015247e-05	2.646167687646366e-05	0.0001877370179852063	0.0003045361556072272	0.0001828798348856348	0.00019976706406492052	0.6826370156058452	0.00011798409896954449	1.2061392508259643	0.7074482634049459	0.00018694634995660133	1.4085464476694296	0.6127751429576664	0.00021873001813574718	0.709375383588897	0.37706926686558434	1.659509515269854	-0.38182613080782246	0.1661088163362278	1.1080203606947636	0.912809165803041	0.00017455348902063102
M900G	missense	70	19	15	23	79	4	19	37	47	38	34	0	10	50	56	32	108	0.00022296193945484235	5.8858671500925554e-05	6.175937005442545e-05	7.943574144990087e-05	0.00020704844674843356	8.132726089785297e-05	0.0002583712277800744	0.00011640338059923235	0.00019615535504119262	0.00012842973247098805	0.0001503371848288304	1.2748922716030496e-05	0.00014553922282055013	0.00019149175834491045	0.0002042183631719053	0.00014369129883871304	0.00020542084889694657	0.7669317014726492	0.00010177555743842136	2.0147581422631857	0.63220326226952	0.00014783141323506085	0.8219690214339105	0.6218549891949573	0.00018620556731311884	0.7837458967178078	0.5020080034738842	1.9437958131119601	1.0575065630224403	2.5276485928436445	1.2068243534716345	2.2357222029778026	0.0001452708459955337
M900T	missense	64	3	8	48	108	8	34	8	11	46	45	4	33	14	22	37	88	0.00020412008541640498	1.1771734300185111e-05	3.4739645655614314e-05	0.0001621813054602143	0.0002821035086947407	0.00014638906961613534	0.00045214964861513024	2.756922172087082e-05	4.9038838760298155e-05	0.0001547742929778574	0.00019758601434646277	6.374461358015247e-05	0.00044984850689988224	5.63211053955619e-05	8.240390092901442e-05	0.00016546270775366956	0.0001677289500167729	0.8640088274544812	0.0001226990485276886	2.9459959443635175	0.8044380070623168	0.00010724209195137228	2.1646364649104304	0.7355286092960126	0.0001179791660237547	1.714815127980336	0.48977354705687265	1.9159574627706477	0.8486227905704515	2.1849291233097525	2.2751491790847616	2.0504432930402	0.00011597343550093853
M900H	missense	37	15	6	6	42	2	4	40	28	49	59	1	6	33	34	31	96	0.00011933174224343676	4.7086937200740445e-05	2.7019724398811132e-05	2.3168757922887753e-05	0.00011128854012728304	4.8796356538711774e-05	6.45928069450186e-05	0.00012559312117285594	0.00011851052700405388	0.0001646535031679334	0.0002577208882779949	2.549784543206099e-05	9.261586906762282e-05	0.0001276611722299403	0.00012539724054415238	0.00013933701705572175	0.00018280570956884237	0.7381270729976019	5.214098991243059e-05	1.738442185850964	0.7079971602908558	0.00016661950990570955	1.4128254099625686	0.6639805791926546	0.0001438002848496642	1.1287849714017009	0.1217967617622782	1.0786610339520262	0.5601819222144908	1.7116788548257738	1.4266841890717445	1.3951699443889	0.0001208535948892681
M900K	missense	25	5	14	16	8	2	1	5	2	17	8	0	0	8	12	7	14	8.164803416656198e-05	1.7657601450277664e-05	5.7899409426023855e-05	5.6266983527013114e-05	2.3292950259198775e-05	4.8796356538711774e-05	2.583712277800744e-05	1.8379481147247212e-05	1.2259709690074539e-05	5.9275261140456025e-05	3.865813324169924e-05	1.2748922716030496e-05	1.323083843823183e-05	3.379266323733714e-05	4.657611791639945e-05	3.483425426393044e-05	2.8268924160130263e-05	0.6373081496358951	3.8779236165628356e-05	0.7713102106104879	0.729854689230243	3.2143146304869255e-05	1.583217235009639	0.6003322173829226	3.586798989444932e-05	0.6074588163217125	-0.2761432469097594	0.17318611960817545	0.01611387786421517	0.8190163499252244	0.9873287539806131	0.49610123476669993	3.5596790788315645e-05
M900W	missense	45	80	76	47	33	24	6	55	45	68	19	24	14	52	56	43	50	0.0001444542142946866	0.00023837761957874848	0.00029721696838692246	0.00015887148289980173	8.799558986808426e-05	0.0004066363044892648	9.042992972302605e-05	0.00017154182404097398	0.0001879822152478096	0.0002272218343717481	8.590696275933165e-05	0.0003187230679007624	0.00019846257657347746	0.0001990012390643187	0.0002042183631719053	0.0001915883984516174	9.61143421444429e-05	0.5308274027658962	0.00019561541518338925	-0.2501342921838901	0.5845510207985795	0.00016816320910496583	0.45049279398233266	0.5668728713123433	0.00017273058570807108	0.3334025524604372	-0.6528939565118589	-0.6840745454964867	-0.20573487175214128	0.4550250025229239	0.1779203514196266	-0.11452477148678142	0.00017883640333214205
M900D	missense	22	3	9	34	40	2	10	4	4	27	23	3	8	3	10	22	68	7.22271071473433e-05	1.1771734300185111e-05	3.8599606284015906e-05	0.00011584378961443877	0.00010611232895857219	4.8796356538711774e-05	0.00014210417527904092	1.5316234289372676e-05	2.0432849483457566e-05	9.22059617740427e-05	0.00010308835531119797	5.099569086412198e-05	0.00011907754594408647	1.5018961438816506e-05	3.941056131387646e-05	0.0001001484810088	0.00013003705113659922	0.7903643229829452	6.8081864789303e-05	2.2395417123575547	0.8062914121933228	5.776085021451773e-05	2.179084808256994	0.8032197488347761	7.115376372452304e-05	2.269254559025217	0.46421944258448444	1.8578115109838818	0.3682963959755776	1.3968487222986168	2.2292936932132554	1.6273301166412493	6.566549290944792e-05
M900N	missense	36	10	4	13	46	5	12	40	25	43	38	5	16	22	34	21	46	0.00011619143323703052	3.237226932550905e-05	1.9299803142007953e-05	4.6337515845775506e-05	0.0001216409624647047	9.759271307742355e-05	0.00016794129805704837	0.00012559312117285594	0.00010625081731397933	0.0001448950827877814	0.0001675185773806967	7.649353629618297e-05	0.00022492425344994112	8.63590282731949e-05	0.00012539724054415238	9.57941992258087e-05	8.857596236840816e-05	0.7927914026831623	5.49126376944993e-05	2.262824111199641	0.6627625949788196	0.00013606439966382835	1.0601963383002329	0.617757287424353	9.903160760289104e-05	0.7501827530956734	0.23574011406911502	1.3379283730526645	0.4684115488588454	1.5611095056313404	1.3577344008651826	1.4495189393420025	9.666954832040623e-05
M900C	missense	85	13	16	31	37	14	9	40	28	58	43	8	1	61	57	48	96	0.0002700665745509358	4.120107005064789e-05	6.561933068282704e-05	0.00010591432193320116	9.834801220550593e-05	0.00024398178269355888	0.0001291856138900372	0.00012559312117285594	0.00011851052700405388	0.00019429113373816141	0.00018899531807052962	0.00011474030444427445	2.646167687646366e-05	0.00023279390230165583	0.00020780114147316678	0.00021335980736657392	0.00018280570956884237	0.7100801868681118	7.77706837180455e-05	1.4693950717051172	0.6779947789726904	0.00015684752499640022	1.17893984482221	0.6034278324222072	0.0002091901401775597	0.6328141442539902	-0.2761432469097594	0.17318611960817545	-0.6370986359111285	-0.2527215049885242	1.0937163535937724	-0.03976769269017437	0.00014793611629733514
M900E	missense	2	0	0	2	2	0	0	3	1	1	0	0	0	0	1	0	5	9.420927019218692e-06	2.942933575046278e-06	3.85996062840159e-06	9.929467681237608e-06	7.764316753066258e-06	1.6265452179570593e-05	1.291856138900372e-05	1.2252987431498142e-05	8.173139793383025e-06	6.586140126717336e-06	4.295348137966582e-06	1.2748922716030496e-05	1.323083843823183e-05	3.7547403597041264e-06	7.165556602522992e-06	4.354281782991305e-06	1.1307569664052106e-05	0.7297777582960351	6.124169659437933e-06	1.658349193880989	0.5233477456317847	7.826903872391272e-06	-0.026621420687012422	0.7183296134869148	6.645537102317633e-06	1.573942902812982	-0.10005198785407819	0.5738651522146992	0.01611387786421517	0.8190163499252244	1.0685568920023194	0.6964407510699618	6.865536878048946e-06
Q901M	missense	67	99	64	104	84	12	15	106	86	99	75	3	15	70	110	44	80	0.00021354101243562366	0.0002942933575046278	0.00025089744084610336	0.0003475313688433163	0.00021998897467021065	0.0002114508783344177	0.00020669698222405952	0.0003277674137925753	0.00035553158101216164	0.0003293070063358668	0.00032644645848546025	5.099569086412198e-05	0.0002116934150117093	0.000266586565538993	0.0003976883914400261	0.00019594268023460871	0.00015265219046470342	0.6108140159028079	0.0002781777854660645	0.517158281238683	0.6221820147541055	0.000334763114906516	0.7438477178714156	0.5579197072547082	0.0002532174569195828	0.2600696580817858	-0.009875357504990129	0.7790535596674711	0.6181738691921775	1.806827315005937	0.5070252190639615	1.2929404373367042	0.0002887194524307211
Q901S	missense	128	261	204	202	133	20	19	175	138	118	83	35	29	124	112	54	158	0.0004050998618264037	0.0007710485966621247	0.000791291928822326	0.0006718939797637449	0.0003468061483036262	0.00034157449577098246	0.0002583712277800744	0.0005391314469859182	0.0005680332156401204	0.0003918753375396815	0.0003608092435891929	0.0004589612177770978	0.00039692515314695493	0.00046934254496301583	0.0004048539480425491	0.00023948549806452176	0.0002996505960973808	0.5575792635124545	0.0006452601633879554	0.006489951187111447	0.5772055019594693	0.0004649623109387282	0.3932303118241501	0.5653498243532135	0.0003533331467918669	0.3209276954078236	-0.12124128692401627	0.525650902975511	-0.06306736818340966	0.6891022147871687	0.24021598613969505	0.6073765588813398	0.00048785187370618344
Q901C	missense	72	73	74	64	81	5	26	60	53	75	70	10	2	44	50	48	151	0.00022924255746765483	0.00021777708455342454	0.00028949704713011925	0.00021513846642681487	0.00021222465791714438	9.759271307742355e-05	0.00034880115750310044	0.00018685805833034666	0.0002206747744213417	0.00025027332481525875	0.00030496971779562734	0.00014023814987633546	3.9692515314695496e-05	0.0001689633161866857	0.0001827216933643363	0.00021335980736657392	0.00028645843148932	0.6128273816893692	0.00023365931400687575	0.5364720208136705	0.674847209851043	0.0002406939688406436	1.154402759747928	0.6812422193671793	0.00021287581210172897	1.2701702992670167	0.5531605259212655	2.0601885478763777	-0.5481575525743475	-0.1067942242661434	0.9870150266095384	0.9766971618051171	0.00022907636498308275
Q901T	missense	54	23	21	19	51	5	1	46	24	43	34	9	5	25	47	24	46	0.00017271699535234268	7.063040580111066e-05	8.491913382483498e-05	6.619645120825072e-05	0.00013458149038648182	9.759271307742355e-05	2.583712277800744e-05	0.00014397260232010316	0.00010216424741728782	0.0001448950827877814	0.0001503371848288304	0.00012748922716030494	7.938503062939099e-05	9.762324935230729e-05	0.0001719733584605518	0.00010885704457478262	8.857596236840816e-05	0.6857343596354231	8.908187030516955e-05	1.2358513361115593	0.639275053035637	0.0001353422793385007	0.8770976381376198	0.6008424915718107	0.00011675740368901247	0.6116383312906098	-0.5771732425737406	-0.511779210840455	-0.2057348717521411	0.45502500252292416	0.9081957685132629	-0.028377104158765404	0.00011372718444422757
Q901D	missense	42	44	19	52	49	3	4	19	9	50	53	10	1	20	28	31	92	0.0001350332872754679	0.0001324320108770825	7.719921256803181e-05	0.00017542059570186443	0.00012940527921777097	6.506180871828237e-05	6.45928069450186e-05	6.12649371574907e-05	4.086569896691513e-05	0.00016794657323129206	0.00023194879945019544	0.00014023814987633546	2.646167687646366e-05	7.884954755378666e-05	0.00010390057073658339	0.00013933701705572175	0.00017526732979280762	0.6466590432028351	0.00012861427459118742	0.8610111106410574	0.7841382841555151	0.00012550650220147333	2.0063886207176305	0.7066042218866788	0.00012433861628472485	1.4779034581838892	-0.0031419748460217757	0.7943747361099195	-0.7242488116300287	-0.39571041045283956	1.4484343965141926	0.19933216282853997	0.0001261531310257952
Q901G	missense	102	91	81	90	96	16	21	130	80	82	61	23	15	92	96	63	177	0.00032345182765984175	0.0002707498889042575	0.0003165167715289304	0.0003011938529975408	0.0002510462416824757	0.0002765126870527001	0.00028420835055808184	0.0004012853383815642	0.00033101216163201256	0.00027332481525876943	0.0002663115845539281	0.0003059741451847319	0.0002116934150117093	0.00034919085345248374	0.00034752949522236514	0.0002786740341114435	0.0003354579000335458	0.6168348597032516	0.0002848766887783011	0.5749148051448798	0.5795368859262914	0.0003179834749565686	0.4114047710731301	0.6145054611787576	0.00032771307070495956	0.7235479423102491	0.011921771589854156	0.82865086873413	-0.15997738119146607	0.5301001637385283	0.5699558395094196	0.6793755162363291	0.0003101910781466097
Q901_	nonsense	56	122	131	126	47	23	24	94	97	107	37	39	39	107	125	56	72	0.00017899761336515513	0.00036198082973069217	0.0005095148029490099	0.0004203474651723921	0.00012422906804906013	0.0003903708523096942	0.000322964034725093	0.0002910084514980809	0.00040048384987576827	0.0003556515668427361	0.00016322322924273012	0.0005099569086412198	0.0005292335375292732	0.00040551195884804567	0.00045143006595894854	0.00024819406163050433	0.00013757543091263394	0.554168279507239	0.00035401804147528853	-0.026230807857719463	0.580779123674762	0.0003025917743648289	0.4210887183158056	0.5237048106021793	0.0003106778793375331	-0.020175111950845145	-0.08232322089364656	0.6142052873986158	0.01611387786421517	0.8190163499252244	0.12489426616908032	0.7166108186619201	0.0003224292317258835
Q901L	missense	196	139	113	128	227	35	28	143	89	115	145	69	15	106	115	87	257	0.0006186408742620274	0.00041201070050647887	0.0004400355116377813	0.0004269671102932172	0.0005900880732330356	0.0005855562784645413	0.0003746382802811079	0.0004411075475339331	0.00036779129070223617	0.0003819961273496055	0.000627120828143121	0.0008924245901221347	0.0002116934150117093	0.00040175721848834155	0.00041560228294633357	0.0003831767969032348	0.0004862254955542405	0.6598538954362175	0.00046727534891762826	0.9875861927582738	0.6643454144106481	0.0004545039484322239	1.0725353127770423	0.6413760041544379	0.00042169044847303763	0.9436371395200517	-0.19395649072240934	0.3601943228478537	-0.6248641794941169	-0.2326482060239649	1.0012528816851225	0.06377305841194439	0.00044782324860762995
Q901F	missense	142	172	144	156	106	35	43	164	101	94	70	23	28	64	131	68	144	0.00044906418791609094	0.000509127508483006	0.0005596942911182306	0.0005196421419847682	0.00027692729752602985	0.0005855562784645413	0.0005684167011161637	0.0005054357315492984	0.0004168301294625343	0.00031284165601907344	0.00030496971779562734	0.0003059741451847319	0.0003836943147087231	0.0002440581233807682	0.0004729267357665175	0.0003004454430264	0.0002732662668812592	0.5756368445289892	0.00046634780977800863	0.1797120350406612	0.5677474724356986	0.0003850193087066334	0.3194996116899587	0.6167818734208017	0.0003226741422637362	0.7421934063532909	-0.012901812135178013	0.7721671479287273	0.09830063405156517	0.9538616811474668	0.41380168436130366	0.8630144145380971	0.00039134708691612605
Q901Q	silent	19	27	26	22	12	5	1	15	10	17	17	1	4	18	17	15	25	6.280618012812461e-05	8.240214010129577e-05	0.00010421893696684294	7.612591888948834e-05	3.3645372596620455e-05	9.759271307742355e-05	2.583712277800744e-05	4.901194972599257e-05	4.4952268863606643e-05	5.9275261140456025e-05	7.731626648339847e-05	2.549784543206099e-05	6.615419219115915e-05	7.134006683437841e-05	6.449000942270693e-05	6.966850852786088e-05	4.899946854422579e-05	0.5514643176197924	7.409809213856187e-05	-0.05216927172921976	0.6788025749622785	5.763893655336342e-05	1.1852370723502301	0.5946248679723128	6.3624513332293e-05	0.5607114933847018	-0.5771732425737406	-0.511779210840455	0.41405388653625275	1.471923883514221	0.5645930980019042	0.480072336336883	6.512051400807276e-05
Q901W	missense	51	3	10	25	69	1	19	19	10	31	51	3	27	13	35	21	95	0.00016329606833312397	1.1771734300185111e-05	4.245956691241749e-05	8.605538657072594e-05	0.00018116739090487936	3.2530904359141185e-05	0.0002583712277800744	6.12649371574907e-05	4.4952268863606643e-05	0.00010537824202747737	0.00022335810317426226	5.099569086412198e-05	0.0003704634762704913	5.256636503585777e-05	0.00012898001884541387	9.57941992258087e-05	0.0001809211146248337	0.8395651688897954	8.036351967205198e-05	2.7115137360487696	0.7821160500003871	0.00010873838780570925	1.990624159450288	0.7209818458778255	0.00011456542443297852	1.5956666059126063	0.8999480121459218	2.849270727455811	0.8612119178784721	2.20558433736613	2.0992681671372213	2.5274275324109707	0.00010122244397024658
Q901V	missense	171	95	95	115	120	17	7	95	42	102	100	14	9	73	96	77	194	0.0005401331491018716	0.00028252162320444263	0.00037055622032655265	0.0003839394170078542	0.0003131607757070057	0.00029277813923227067	0.00010334849111202976	0.0002940716983559554	0.00017572250555773506	0.0003391862165259428	0.0004338301619346248	0.00019123384074045744	0.0001323083843823183	0.00027785078661810535	0.00034752949522236514	0.00033963397907332176	0.0003674960140816934	0.6347487749172858	0.00033754450906146383	0.746758737092875	0.6836110134127353	0.0003107026455935645	1.2227215750802456	0.6494876316472123	0.0003331275687488714	1.0100772402863634	-0.4522345059654407	-0.22749291299834862	-0.15997738119146615	0.5301001637385282	0.993185850819828	0.1513036253700898	0.00032712490780129993
Q901A	missense	38	40	23	23	33	4	5	37	18	37	27	6	3	28	35	26	56	0.00012247205124984298	0.00012066027657689738	9.263905508163816e-05	7.943574144990087e-05	8.799558986808426e-05	8.132726089785297e-05	7.751136833402232e-05	0.00011640338059923235	7.764482803713875e-05	0.00012513666240762937	0.0001202697478630643	8.924245901221346e-05	5.292335375292732e-05	0.00010888747043141967	0.00012898001884541387	0.00011756560814076522	0.000107421911808495	0.5884921137921867	9.518266574413018e-05	0.3030295784165168	0.6418080313699249	0.00010986365472676619	0.8968436397273175	0.6207300109488231	0.00011571375230652343	0.7745315105666137	-0.020870741806453322	0.7540346009260032	-0.22692417082207927	0.42025932756503176	0.6581349095701493	0.5871469642455175	0.00010692002425913993
Q901K	missense	52	22	11	95	108	7	29	16	4	48	83	12	23	12	14	32	118	0.0001664363773395302	6.768747222606438e-05	4.631952754081908e-05	0.00031774296579960347	0.0002821035086947407	0.00013012361743656474	0.0003875568416701116	5.20751965838671e-05	2.0432849483457566e-05	0.00016136043310457473	0.0003608092435891929	0.00016573599530839644	0.00031754012251756396	4.881162467615364e-05	5.3741674518922446e-05	0.00014369129883871304	0.00022426679833703343	0.7851644421166776	0.00017846336856530692	2.189660490801893	0.8493084118912351	0.0001486694306902731	2.51442669923207	0.7887354456385728	0.00011762784909270563	2.150617631387358	0.47397927987364064	1.8800190991650738	0.28238176726898445	1.2558870016733696	2.28490160714044	1.5679530504192218	0.00014825354944942855
Q901R	missense	91	99	58	87	111	7	23	78	64	75	61	2	23	81	80	39	151	0.0002889084285893732	0.0002942933575046278	0.00022773767707569382	0.0002912643853163032	0.00028986782544780697	0.00013012361743656474	0.0003100454733360893	0.0002419965017720883	0.0002656270432849483	0.00025027332481525875	0.0002663115845539281	3.824676814809149e-05	0.00031754012251756396	0.0003078887094957384	0.0002902050424021812	0.00017417127131965217	0.00028645843148932	0.6306938662843206	0.00027579081133610793	0.7078609621032562	0.6320287852080968	0.00025605211360655585	0.8206088738615485	0.603709666308504	0.00026468086367672296	0.6351225677881821	0.37706926686558434	1.659509515269854	0.9192038648561588	2.3007327975462935	0.7211974679176624	1.9801211564080736	0.00026550792953979556
Q901I	missense	109	33	18	39	64	11	15	51	48	61	43	7	15	34	44	47	125	0.00034543399070468536	0.00010005974155157344	7.333925193963022e-05	0.00013239290241650144	0.00016822686298310227	0.0001951854261548471	0.00020669698222405952	0.00015928883660947584	0.00020024192493788413	0.00020417034392823742	0.00018899531807052962	0.00010199138172824396	0.0002116934150117093	0.00013141591258964444	0.00016122502355676732	0.0002090055255835826	0.0002374589629450942	0.6945001542207343	0.00011850468972270185	1.319939520642444	0.6404524221955156	0.00018817410588653174	0.8862758979702916	0.6868838735444979	0.00018477635616877212	1.3163795306898862	0.024886748754221824	0.8581514500568059	0.31714387352819634	1.3129218324655807	1.1741983164342074	1.0855366412611933	0.0001638183839260019
Q901Y	missense	84	100	33	91	106	8	23	60	34	72	77	12	33	49	47	50	123	0.0002669262655445296	0.000297236291079674	0.00013123866136565408	0.00030450367555795335	0.00027692729752602985	0.00014638906961613534	0.0003100454733360893	0.00018685805833034666	0.00014302994638420297	0.00024039411462518277	0.0003350371547613934	0.00016573599530839644	0.00044984850689988224	0.0001877370179852063	0.0001719733584605518	0.00022206837093255652	0.00023368977305707685	0.6389045170806984	0.00025247648138232784	0.7866237841800366	0.6998218712774237	0.00022632981852528146	1.34909439905329	0.6538106274150326	0.00020386713010884787	1.0454857048247264	0.325916744418203	1.5431167805054362	0.4336494425996335	1.5040746748391292	1.060401296019351	1.5235957276722827	0.00022755781000548573
Q901P	missense	35	20	12	21	54	3	24	26	16	35	30	3	33	16	19	18	72	0.0001130511242306243	6.180160507597183e-05	5.017948816922067e-05	7.28160963290758e-05	0.00014234580713954806	6.506180871828237e-05	0.000322964034725093	8.270766516261246e-05	6.947168824375573e-05	0.00011855052228091205	0.00013315579227696404	5.099569086412198e-05	0.00044984850689988224	6.383058611497015e-05	7.165556602522992e-05	8.273135387683478e-05	0.00013757543091263394	0.7259761851106374	8.178574917845409e-05	1.6218816056423775	0.6870296878787597	0.00010097141699106106	1.249372079953101	0.7066171072173778	8.89482342324172e-05	1.4780089983693587	0.6958280294899971	2.3848149809024006	0.9455328035785079	2.343931174358393	1.4497542279882791	2.364373077630397	9.056846680064411e-05
Q901E	missense	38	25	22	16	21	5	3	5	10	13	5	5	0	9	6	8	35	0.00012247205124984298	7.651627295120322e-05	8.877909445323657e-05	5.6266983527013114e-05	5.6938322855819224e-05	9.759271307742355e-05	5.167424555601488e-05	1.8379481147247212e-05	4.4952268863606643e-05	4.610298088702135e-05	2.5772088827799493e-05	7.649353629618297e-05	1.323083843823183e-05	3.754740359704126e-05	2.5079448108830473e-05	3.918853604692174e-05	6.784541798431263e-05	0.5840458974607042	6.962516844681803e-05	0.2603780816574634	0.6465674541347134	3.3801704931418675e-05	0.9339460374096795	0.7023625430485476	4.241520143427653e-05	1.4431610381609283	-0.2761432469097594	0.17318611960817545	-0.7620373725194285	-0.45771080134218445	0.8791617190760238	-0.1422623408670045	4.861402493750441e-05
Q901N	missense	59	45	47	70	145	6	41	27	22	57	62	10	37	14	39	46	88	0.00018841854038437382	0.00013537494445212876	0.00018527811016327633	0.00023499740178929007	0.00037786341531589125	0.00011385816525699414	0.0005425795783381563	8.577091202048699e-05	9.39911076239048e-05	0.00019099806367480274	0.0002706069326918947	0.00014023814987633546	0.0005027718606528096	5.63211053955619e-05	0.00014331113205045984	0.00020465124380059132	0.0001677289500167729	0.7290671070565948	0.0002333784679301466	1.6515320854058158	0.7519778071292834	0.00016034175400277232	1.7556794765101502	0.7114412257483845	0.00014300310781584647	1.5175220210758649	0.6780992625295655	2.344474845718484	0.5545047893228002	1.7023642778709707	1.6415778609972769	2.0234195617947273	0.00017890777658292182
Q901H	missense	50	45	19	56	36	1	11	14	17	28	30	1	14	16	18	37	36	0.00016015575932671776	0.00013537494445212876	7.719921256803181e-05	0.00018865988594351458	9.575990662115051e-05	3.2530904359141185e-05	0.00015502273666804465	4.594870286811803e-05	7.355825814044724e-05	9.549903183740137e-05	0.00013315579227696404	2.549784543206099e-05	0.00019846257657347746	6.383058611497015e-05	6.807278772396843e-05	0.00016546270775366956	6.973001292832132e-05	0.6231427238390879	0.0001242484873962064	0.6354246469267949	0.7268068517425635	8.704044628073267e-05	1.5594576145414372	0.6641887172689578	9.177402363023238e-05	1.1304897729073426	0.6780992625295655	2.344474845718484	0.8911751412559152	2.254745552241274	1.1084573447918584	2.299610198979879	0.00010102098576905715
M902G	missense	126	20	15	31	55	7	13	48	33	92	74	2	4	40	43	60	215	0.00039881924381359124	6.180160507597183e-05	6.175937005442545e-05	0.00010591432193320116	0.00014493391272390349	0.00013012361743656474	0.0001808598594460521	0.00015009909603585223	0.00013894337648751146	0.00030625551589235614	0.0003221511103474937	3.824676814809149e-05	6.615419219115915e-05	0.0001539443547478692	0.00015764224525550584	0.0002656111887624696	0.0004070725079058758	0.7230050260346085	9.360230244687548e-05	1.5933799826321384	0.7181207223459498	0.00022936227469080335	1.4917443133449335	0.735151830995245	0.0002460675741679301	1.7117290409661257	0.14298606083221632	1.1268752831912145	0.23796262748057148	1.183007697327525	1.5989511123143991	1.1549414902593698	0.0001896773837685363
M902A	missense	41	115	92	115	30	14	10	94	54	48	35	15	4	56	76	48	47	0.00013189297826906167	0.0003413802947053682	0.0003589763384413479	0.0003839394170078542	8.0231273115018e-05	0.00024398178269355888	0.00014210417527904092	0.0002910084514980809	0.0002247613443180332	0.00016136043310457473	0.00015463253296679695	0.00020398276345648793	6.615419219115915e-05	0.00021402020050313521	0.0002758739291971352	0.00021335980736657392	9.046055731241685e-05	0.5435845652729099	0.0002911318308173971	-0.12775786360800204	0.5539868625317182	0.00020794069047187143	0.2122278591601078	0.5567775701353573	0.00019842862359481528	0.25071472833849945	-0.2347505617515344	0.2673712661914006	-0.48903610045569085	-0.009792564106847942	0.11172824129686841	0.12878935104227635	0.00023250038162802794
M902V	missense	97	72	30	54	114	23	15	111	63	90	59	15	23	70	93	60	102	0.00030775028262781056	0.00021483415097837827	0.0001196587794804493	0.0001820402408226895	0.00029763214220087324	0.0003903708523096942	0.00020669698222405952	0.00034308364808194797	0.0002615404733882568	0.0002996693757656388	0.0002577208882779949	0.00020398276345648793	0.00031754012251756396	0.000266586565538993	0.00033678116031858065	0.0002656111887624696	0.00019411327923289447	0.6727138103686308	0.0002035413283705976	1.1109483009350134	0.6015537135607301	0.00029050359637845964	0.5830384197249049	0.5910671680049124	0.0002657730484632344	0.5315713554110413	-0.2761432469097594	0.17318611960817545	0.19220513691989644	1.1079325361119206	0.7418526920236532	0.640559327860048	0.00025327265773743057
M902S	missense	111	39	23	70	56	3	19	25	12	101	46	1	16	48	33	63	110	0.0003517146087174978	0.00011771734300185111	9.263905508163816e-05	0.00023499740178929007	0.0001475220183082589	6.506180871828237e-05	0.0002583712277800744	7.964441830473792e-05	5.312540865698967e-05	0.0003358931464625841	0.00020188136248442935	2.549784543206099e-05	0.00022492425344994112	0.0001839822776255022	0.00012181446224289088	0.0002786740341114435	0.00020919003878496395	0.6738661296175734	0.00014821895454525955	1.1220022256762967	0.7460730103074535	0.00016763608397718526	1.7096482389538	0.6616155874789036	0.0001984152031912001	1.1094139773671403	0.5989180164819407	2.1643053970071806	0.9455328035785079	2.343931174358393	1.3136881473324122	2.254118285682787	0.0001714234139045483
M902D	missense	37	8	14	33	55	9	16	42	24	53	35	8	16	36	47	38	67	0.00011933174224343676	2.6486402175416498e-05	5.7899409426023855e-05	0.00011253396705402623	0.00014493391272390349	0.00016265452179570593	0.00021961554361306325	0.00013171961488860502	0.00010216424741728782	0.00017782578342136806	0.00015463253296679695	0.00011474030444427445	0.00022492425344994112	0.00013892539330905267	0.0001719733584605518	0.00016981698953666088	0.00012815245619259051	0.7749095591227994	8.546342284484252e-05	2.0912878350044557	0.6568712555039675	0.00014158554467351447	1.0142700083900393	0.6179222817814067	0.00015221704937471396	0.7515341763110872	0.13039693352419576	1.0982299127271244	0.2923202898031642	1.2721933194446442	1.2856973399018605	1.1852116160858843	0.00012642200563102365
M902W	missense	41	93	51	58	36	7	5	86	73	60	12	4	5	93	88	43	29	0.00013189297826906167	0.0002766357560543501	0.0002007179526768827	0.00019527953106433964	9.575990662115051e-05	0.00013012361743656474	7.751136833402232e-05	0.0002665024766350846	0.000302406172355172	0.00020087727386487874	5.5839525793565566e-05	6.374461358015247e-05	7.938503062939099e-05	0.00035294559381218786	0.0003188672688122732	0.0001915883984516174	5.6537848320260525e-05	0.535842195094406	0.00019209828660418074	-0.2020285809902457	0.513945139679349	0.00020640636216217524	-0.09992006267334132	0.4868791591131146	0.00022998477734908476	-0.3218038538892483	-0.22499072446237806	0.28957885437259306	0.09529512391184007	0.9489304850632804	-0.20791749918427846	0.6192546697179367	0.0002094964753718136
M902M	silent	36	42	37	47	23	4	1	48	29	29	7	2	3	47	37	25	35	0.00011619143323703052	0.00012654614372698995	0.00014667850387926044	0.00015887148289980173	6.211453402453006e-05	8.132726089785297e-05	2.583712277800744e-05	0.00015009909603585223	0.00012259709690074538	9.879210190076005e-05	3.436278510373266e-05	3.824676814809149e-05	5.292335375292732e-05	0.00018022753726579807	0.00013614557544793687	0.00011321132635777392	6.784541798431263e-05	0.579194166808689	0.00012355266613264554	0.21383658237975425	0.5107296598021258	0.00010146276998527258	-0.12498655057330166	0.534514728100094	0.00012435746426395537	0.0683659371144284	-0.4979919965261158	-0.33160976212915133	0.14105261447251513	1.0240056462788847	0.052405322973626996	0.34619794207486665	0.00011645763346062449
M902Q	missense	29	432	422	125	19	51	1	190	139	82	23	126	9	69	119	39	66	9.420927019218691e-05	0.0012742902379950381	0.0016327633458138727	0.00041703764261197956	5.176211168710839e-05	0.0008458035133376708	2.583712277800744e-05	0.0005850801498540363	0.0005721197855368119	0.00027332481525876943	0.00010308835531119797	0.001619113184935873	0.0001323083843823183	0.0002628318251792889	0.00042993339615137957	0.00017417127131965217	0.00012626786124858184	0.44418238171809404	0.0008439633345269996	-1.0812993905263457	0.4827892342008375	0.0003834032764902039	-0.34279800236172486	0.5412491064890679	0.0002483010884747256	0.12352537079903088	-1.5150253358248962	-2.645773092575681	-1.0876898430917419	-0.9920148339476722	-0.4335240073630133	-1.8188939632616767	0.0004918892331639764
M902Y	missense	92	39	26	64	44	5	15	61	29	64	31	13	6	54	67	55	94	0.0002920487375957794	0.00011771734300185111	0.00010421893696684294	0.00021513846642681487	0.00011646475129599387	9.759271307742355e-05	0.00020669698222405952	0.0001899213051882212	0.00012259709690074538	0.00021404955411831342	0.00013745114041493063	0.00017848491802442692	9.261586906762282e-05	0.00020651071978372695	0.00024362892448578176	0.00024383977984751304	0.000179036519680825	0.6491992113456471	0.0001383848744228757	0.8853783400409082	0.6125835579432458	0.00016600477415555263	0.6690223074522761	0.6132287738369743	0.0002182539859494617	0.71309094885108	0.325916744418203	1.5431167805054362	-0.284916117799766	0.32511086738486816	0.7558305321147548	0.9341138239451522	0.00017421454484263
M902F	missense	64	23	28	48	53	3	19	39	42	48	32	1	11	51	52	46	119	0.00020412008541640498	7.063040580111066e-05	0.00011193885822364612	0.0001621813054602143	0.00013975770155519264	6.506180871828237e-05	0.0002583712277800744	0.0001225298743149814	0.00017572250555773506	0.00016136043310457473	0.00014174648855289722	2.549784543206099e-05	0.00015877006125878198	0.00019524649870461457	0.0001898872499668593	0.00020465124380059132	0.0002261513932810421	0.6914654119179778	0.00012112706776004093	1.2908279588468392	0.6339979007039634	0.0001503398253825471	0.8359592450768681	0.6414655418362996	0.00020398409643827682	0.9443705179463383	0.5989180164819407	2.1643053970071806	0.7942651282478589	2.0957435011926333	1.0237192406233486	2.130024449099907	0.0001584836631936216
M902R	missense	63	21	20	25	59	5	13	56	21	36	61	2	7	33	34	30	113	0.00020097977640999874	6.47445386510181e-05	8.10591731964334e-05	8.605538657072594e-05	0.00015528633506132515	9.759271307742355e-05	0.0001808598594460521	0.00017460507089884852	8.990453772721329e-05	0.00012184359234427071	0.0002663115845539281	3.824676814809149e-05	0.00010584670750585465	0.0001276611722299403	0.00012539724054415238	0.00013498273527273044	0.00021484382361699	0.7143144987269556	9.678635836987565e-05	1.510013819210838	0.6838086339252332	0.00016316619638106513	1.2242621389694492	0.6812158333747866	0.00015072124291595329	1.2699541788898236	0.2679247974405163	1.4111615810333211	0.4420826101364963	1.5179111288192408	1.3347433790233705	1.464536354926281	0.00013689126588896467
M902L	missense	100	30	47	115	189	17	64	67	72	145	113	6	123	52	54	81	280	0.00031717120964702927	9.12309408264346e-05	0.00018527811016327633	0.0003839394170078542	0.0004917400610275297	0.00029277813923227067	0.0008397064902852418	0.0002083007863354684	0.00029831960245848047	0.00048078822925036555	0.0004896696877281903	8.924245901221346e-05	0.001640623966340747	0.0001990012390643187	0.0001970528065693823	0.00035705110620528696	0.0005295711792664403	0.7769053340854523	0.0002880471322562737	2.110432829985617	0.7118755000122655	0.0003692695764431262	1.4430592659998227	0.7372368219784753	0.00032066908277635705	1.7288066263392299	0.45758886368547136	1.8427242547899914	1.2644375230121934	2.8671640468463147	1.7607662407748899	2.3549441508181532	0.0003259952638252523
M902I	missense	73	41	27	56	95	4	28	47	34	35	36	4	6	37	29	46	93	0.00023238286647406104	0.00012360321015194366	0.00010807889759524453	0.00018865988594351458	0.00024845813609812025	8.132726089785297e-05	0.0003746382802811079	0.0001470358491779777	0.00014302994638420297	0.00011855052228091205	0.00015892788110476354	6.374461358015247e-05	9.261586906762282e-05	0.00014268013366875682	0.00010748334903784489	0.00020465124380059132	0.00017715192473681632	0.71006759828428	0.00016720003244720576	1.4692743124117151	0.6274660351779262	0.00014188604973696404	0.785039651602697	0.664674417070126	0.00015799166281100233	1.134468005852647	0.6633760057088591	2.310973465062942	0.16224191354245326	1.0587713212367769	1.1295939899556864	1.6848723931498595	0.00015569258166505737
M902K	missense	36	56	38	65	28	9	4	51	49	34	10	1	0	66	52	47	33	0.00011619143323703052	0.00016774721377763784	0.00015053846450766202	0.0002184482889872274	7.505506194630717e-05	0.00016265452179570593	6.45928069450186e-05	0.00015928883660947584	0.00020432849483457564	0.00011525745221755339	4.7248829517632405e-05	2.549784543206099e-05	1.323083843823183e-05	0.00025156760410017647	0.0001898872499668593	0.0002090055255835826	6.407622809629526e-05	0.5820590062552327	0.00015294725730470858	0.2413183064479861	0.5239802364782616	0.00013153090329480932	-0.021690796097396697	0.5299461135888759	0.00017863415193672841	0.03094567727654167	-0.4010819835180594	-0.11110017823393115	-0.284916117799766	0.32511086738486816	0.08352439587571037	0.10700534457546851	0.00015437077084541544
M902T	missense	45	13	24	33	57	4	10	16	15	36	52	1	7	32	24	38	87	0.0001444542142946866	4.120107005064789e-05	9.649901571003975e-05	0.00011253396705402623	0.00015011012389261433	8.132726089785297e-05	0.00014210417527904092	5.20751965838671e-05	6.53851183470642e-05	0.00012184359234427071	0.00022765345131222885	2.549784543206099e-05	0.00010584670750585465	0.00012390643187023618	8.95694575315374e-05	0.00016981698953666088	0.00016584435507276422	0.7320210748689315	0.00010008604417683205	1.679868796708439	0.7811152285795646	0.00011673933964685771	1.9828221892956084	0.6719056933427012	0.00013728430850279966	1.1936973928834125	0.24237069296812808	1.3530156292465552	0.6181738691921775	1.806827315005937	1.61879612629582	1.5799214721262462	0.00011803656410882982
M902N	missense	50	5	9	11	3	0	4	10	8	14	18	3	0	13	9	11	36	0.00016015575932671776	1.7657601450277664e-05	3.8599606284015906e-05	3.9717870724950433e-05	1.0352422337421678e-05	1.6265452179570593e-05	6.45928069450186e-05	3.369571543661989e-05	3.677912907022362e-05	4.939605095038002e-05	8.161161462136506e-05	5.099569086412198e-05	1.323083843823183e-05	5.256636503585777e-05	3.582778301261496e-05	5.225138139589565e-05	6.973001292832132e-05	0.600550454090183	2.658187519916642e-05	0.4187023715952676	0.7220088044946195	5.0370627519647146e-05	1.5220541171238473	0.6653531592210692	5.259388559317242e-05	1.1400273953762883	0.5989180164819407	2.1643053970071806	-0.5859461134637473	-0.16879461515548824	1.0269279613651345	0.9977553909258462	4.318212943732867e-05
M902P	missense	33	12	17	7	28	0	2	8	6	17	25	5	6	8	24	33	46	0.00010677050621781183	3.825813647560161e-05	6.947929131122863e-05	2.647858048330029e-05	7.505506194630717e-05	1.6265452179570593e-05	3.875568416701116e-05	2.756922172087082e-05	2.860598927684059e-05	5.9275261140456025e-05	0.00011167905158713113	7.649353629618297e-05	9.261586906762282e-05	3.379266323733714e-05	8.95694575315374e-05	0.00014804558062170436	8.857596236840816e-05	0.6652528557306623	5.2317767554109424e-05	1.0393771359632324	0.7807474545915202	5.678238093132464e-05	1.9799551826361865	0.7023736570975915	8.999591593974676e-05	1.4432520702675005	0.37706926686558434	1.659509515269854	0.08306066749482832	0.9288571860987209	1.4875281296223066	1.2941833506842875	6.636535480839361e-05
M902_	nonsense	36	47	38	84	81	11	10	71	66	64	35	16	16	49	66	25	68	0.00011619143323703052	0.00014126081160222131	0.00015053846450766202	0.0002813349176350656	0.00021222465791714438	0.0001951854261548471	0.00014210417527904092	0.00022055377376696656	0.00027380018307833135	0.00021404955411831342	0.00015463253296679695	0.00021673168617251842	0.00022492425344994112	0.0001877370179852063	0.00024004614618452024	0.00011321132635777392	0.00013003705113659922	0.6797023808518884	0.00019633971291552335	1.1779879969584623	0.5877022600661376	0.00021575901098260205	0.47505848992391037	0.5691280510397552	0.00016775788541602494	0.3518741068394879	-0.13784054874347793	0.48788085008662097	0.01611387786421517	0.8190163499252244	0.6683068645739535	0.6534486000059228	0.0001932855364380501
M902H	missense	41	10	4	56	170	16	36	9	5	84	109	23	125	12	13	21	94	0.00013189297826906167	3.237226932550905e-05	1.9299803142007953e-05	0.00018865988594351458	0.0004425660549247767	0.0002765126870527001	0.00047798677139313764	3.063246857874535e-05	2.4519419380149078e-05	0.0002799109553854868	0.00047248829517632405	0.0003059741451847319	0.0016670856432172106	4.881162467615364e-05	5.0158896217660946e-05	9.57941992258087e-05	0.000179036519680825	0.8812500937659966	0.00017072450333395207	3.1113873152243214	0.8697150001382759	0.0002018877846301763	2.6735076193141025	0.7709030701232705	9.345030995011207e-05	2.0045575679543726	0.23770081483464292	1.3423897625059262	0.7362731812701719	2.0005950410124695	2.5964841674975987	1.6714924017591979	0.0001553541993047468
M902C	missense	71	19	22	30	36	3	6	24	17	34	43	2	5	13	19	34	80	0.0002261022484612486	5.8858671500925554e-05	8.877909445323657e-05	0.00010260449937278863	9.575990662115051e-05	6.506180871828237e-05	9.042992972302605e-05	7.658117144686338e-05	7.355825814044724e-05	0.00011525745221755339	0.00018899531807052962	3.824676814809149e-05	7.938503062939099e-05	5.256636503585777e-05	7.165556602522992e-05	0.00015239986240469565	0.00015265219046470342	0.6699885580121827	8.650054298702531e-05	1.0848056026534183	0.7292440963038155	0.00011359804996884841	1.5784573171166636	0.7359436475678954	0.00010731849598262169	1.7182145918524545	0.14298606083221632	1.1268752831912145	0.31714387352819634	1.3129218324655807	1.460492503874179	1.2198985578283976	0.00010247236297949846
M902E	missense	18	0	0	1	0	1	0	7	1	2	2	0	0	1	1	1	14	5.966587112171838e-05	2.942933575046278e-06	3.85996062840159e-06	6.619645120825072e-06	2.5881055843554194e-06	3.2530904359141185e-05	1.291856138900372e-05	2.4505974862996284e-05	8.173139793383025e-06	9.879210190076004e-06	1.2886044413899746e-05	1.2748922716030496e-05	1.323083843823183e-05	7.509480719408253e-06	7.165556602522992e-06	8.70856356598261e-06	2.8268924160130263e-05	0.6382349487639731	4.00266122715709e-06	0.780200774420354	0.5502545357786609	1.3861092315088765e-05	0.183132256958733	0.7794487351447554	1.291313126201103e-05	2.0745527502588303	-0.4010819835180594	-0.11110017823393115	0.01611387786421517	0.8190163499252244	1.0126285938793058	0.35395808584564664	1.0258961601418962e-05
A903M	missense	38	82	44	75	22	8	6	64	32	18	13	22	1	57	42	8	28	0.00012247205124984298	0.00024426348672884103	0.00017369822827807157	0.00025154651459135277	5.952642844017465e-05	0.00014638906961613534	9.042992972302605e-05	0.0001991110457618448	0.00013485680659081992	6.256833120381469e-05	6.013487393153215e-05	0.0002932252224687014	2.646167687646366e-05	0.00021777494086283933	0.00015405946695424435	3.918853604692174e-05	5.4653253376251844e-05	0.5433230036973768	0.00018225866450961002	-0.1302669616498916	0.49109152724475374	0.00011416776437200289	-0.27807692305987847	0.4628068288254863	0.00011641904931006432	-0.5189736636980209	-0.20919645727914618	0.3255172179781666	-1.0445839624893964	-0.9212902182419562	-0.3091058494692636	-0.2978865001318948	0.00013761515939722575
A903L	missense	163	100	70	103	61	16	14	118	60	126	55	11	6	92	109	78	146	0.0005150106770506218	0.000297236291079674	0.00027405720461651294	0.00034422154628290376	0.000160462546230036	0.0002765126870527001	0.0001937784208350558	0.00036452637608706974	0.0002492807636981823	0.00041821989804655086	0.0002405394957261286	0.00015298707259236595	9.261586906762282e-05	0.00034919085345248374	0.0003941056131387646	0.00034398826085631305	0.00027703545676927656	0.5854828092366815	0.00026899439705228167	0.27416203488578195	0.6050578691387914	0.0003181416333894829	0.6103552983094193	0.600575423440182	0.0003410800460542095	0.6094508499753392	-0.15440965017667085	0.45017942430879826	-0.21796932816915288	0.4349517035583646	0.4979893943901801	0.44256556393358143	0.00030940535883199137
A903T	missense	68	88	27	50	24	3	3	34	22	35	25	4	1	19	25	27	32	0.0002166813214420299	0.0002619210881791187	0.00010807889759524453	0.00016880095058103935	6.470263960888549e-05	6.506180871828237e-05	5.167424555601488e-05	0.00010721364002560874	9.39911076239048e-05	0.00011855052228091205	0.00011167905158713113	6.374461358015247e-05	2.646167687646366e-05	7.509480719408253e-05	9.31522358327989e-05	0.00012191988992375652	6.219163315228658e-05	0.5150310383669701	0.00015087589399107203	-0.40166506233447075	0.635996937265001	0.00010785858037938917	0.8515428679518768	0.6214730997800099	8.808964152573114e-05	0.7806179459787858	-0.10005198785407819	0.5738651522146992	-0.38182613080782246	0.1661088163362278	0.41016525053206393	0.3699869842754635	0.00011560803863206412
A903R	missense	131	710	529	391	68	118	25	359	219	138	47	173	35	171	161	69	63	0.00041452078884562243	0.0020924257718579033	0.002045779133052843	0.0012974504436817143	0.00017857928532052393	0.0019355888093689005	0.00033588259611409674	0.0011027688688348327	0.0008990453772721328	0.00045773673880685487	0.00020617671062239594	0.0022183125525893064	0.0004763101837763459	0.0006458153418691097	0.0005804100848043624	0.0003047997248093913	0.00012061407641655579	0.4805041654791869	0.0014035586584782462	-0.7328731496797238	0.4781786874581368	0.0006664319238840541	-0.37873982708180814	0.4848956929362961	0.0004129098069748548	-0.33804987760912175	-0.7606256012757909	-0.9292077306222326	-0.6681328696510973	-0.3036399463777307	-0.4832209514568846	-0.6164238384999816	0.0008276334631123851
A903V	missense	110	184	152	129	126	26	21	131	89	109	72	16	14	68	82	62	127	0.0003485742997110916	0.0005444427113835613	0.0005905739761454433	0.00043027693285362974	0.00032868940921313827	0.000439167208848406	0.00028420835055808184	0.0004043485852394387	0.00036779129070223617	0.0003622377069694535	0.0003135604140715605	0.00021673168617251842	0.00019846257657347746	0.0002590770848195847	0.00029737059900470416	0.00027431975232845217	0.00024122815283311158	0.5717024692682016	0.00047349575739894314	0.1419705080492306	0.6010074241943058	0.00036198449924567224	0.578779784523873	0.6160683351425755	0.0002679988972464632	0.7363490113600302	-0.18899307119085926	0.3714881153222034	-0.0382437844583775	0.7298307278081052	0.48569976797771125	0.5506594215651544	0.00036782638463035954
A903H	missense	41	39	24	113	554	16	62	26	23	52	84	19	127	31	40	38	84	0.00013189297826906167	0.00011771734300185111	9.649901571003975e-05	0.00037731977188702916	0.0014363985993172577	0.0002765126870527001	0.0008138693675072344	8.270766516261246e-05	9.807767752059631e-05	0.0001745327133580094	0.0003651045917271595	0.0002549784543206099	0.0016935473200936743	0.00012015169151053205	0.00014689391035172135	0.00016981698953666088	0.00016019057024073817	0.886156366537641	0.0005069836824790444	3.158452024095347	0.7852611013118814	0.0001801056619420944	2.015141616767548	0.654947022427353	0.00014926329040991311	1.0547936025550102	0.46883964022122965	1.8683243344452474	0.8222938518481023	2.1417307464976534	2.076129081139302	2.0050275404714504	0.0002787842116103506
A903F	missense	92	67	43	34	40	24	9	60	38	51	31	21	11	44	62	34	41	0.0002920487375957794	0.00020011948310314688	0.00016983826764966996	0.00011584378961443877	0.00010611232895857219	0.0004066363044892648	0.0001291856138900372	0.00018685805833034666	0.00015937622597096901	0.00017123964329465073	0.00013745114041493063	0.0002804762997526709	0.00015877006125878198	0.0001689633161866857	0.00022571503297947427	0.00015239986240469565	7.915298764836473e-05	0.5540403642569511	0.00014797846733145695	-0.02745786845854002	0.598974630251079	0.00016373126700272426	0.5629330037239229	0.5565855396902385	0.00015655779980480508	0.2491418599917638	-0.4979919965261158	-0.33160976212915133	-0.24712755691036625	0.38711125827421305	0.2615389984190489	0.027750748072530862	0.00015608917804632875
A903N	missense	34	59	15	13	23	0	5	13	14	17	33	2	3	11	9	10	59	0.00010991081522421806	0.00017657601450277665	6.175937005442545e-05	4.6337515845775506e-05	6.211453402453006e-05	1.6265452179570593e-05	7.751136833402232e-05	4.2885456010243496e-05	6.129854845037269e-05	5.9275261140456025e-05	0.0001460418366908638	3.824676814809149e-05	5.292335375292732e-05	4.505688431644952e-05	3.582778301261496e-05	4.789709961290435e-05	0.00011307569664052105	0.4956677852112334	8.669685860687692e-05	-0.587412148765884	0.7491699352826323	7.7375275572984e-05	1.7337905242056184	0.7367009944468751	6.046436589562247e-05	1.7244178109967363	0.6780992625295655	2.344474845718484	0.14105261447251513	1.0240056462788847	0.9569320621454902	1.6842402459986845	7.484550002516113e-05
A903A	silent	69	47	30	44	36	2	2	64	30	45	29	7	2	50	67	36	70	0.0002198216304484361	0.00014126081160222131	0.0001196587794804493	0.00014894201521856415	9.575990662115051e-05	4.8796356538711774e-05	3.875568416701116e-05	0.0001991110457618448	0.0001266836667974369	0.00015148122291449873	0.00012886044413899745	0.00010199138172824396	3.9692515314695496e-05	0.00019149175834491045	0.00024362892448578176	0.00016110842597067828	0.0001338062410246166	0.5984931474272643	0.00012640537823059632	0.3989671176346041	0.5866517307395668	0.00015153409490319445	0.4668690184737636	0.5812389255299582	0.00018250883745649676	0.4510709353691493	-0.10005198785407812	0.5738651522146996	-0.40985485440806596	0.12012157103120802	0.438969023825839	0.3469933616229538	0.00015348277019676252
A903G	missense	85	177	110	108	31	13	15	151	75	70	19	16	6	85	100	51	115	0.0002700665745509358	0.0005238421763582374	0.00042845562975257653	0.00036077065908496646	8.281937869937342e-05	0.0002277163305139883	0.00020669698222405952	0.0004656135223969294	0.000310579312148555	0.00023380797449846542	8.590696275933165e-05	0.00021673168617251842	9.261586906762282e-05	0.00032290767093455487	0.00036186060842741114	0.00022642265271554784	0.00021861301350500738	0.5004597862458477	0.00034897196097378845	-0.5414436215149645	0.4863146279451313	0.00027397694295082034	-0.31531556023546575	0.5753982604953914	0.0002824509863956303	0.4032316609714347	-0.042060040876391376	0.7058203516868148	-0.3692370034998019	0.18676403039260517	-0.1511758402596652	0.44629219103970996	0.00030179996344007967
A903S	missense	114	60	58	84	92	4	19	86	51	100	42	4	12	49	61	53	120	0.0003611355357367165	0.00017951894807782294	0.00022773767707569382	0.0002813349176350656	0.000240693819345054	8.132726089785297e-05	0.0002583712277800744	0.0002665024766350846	0.00021250163462795867	0.0003326000763992255	0.00018469996993256303	6.374461358015247e-05	0.0001720008996970138	0.0001877370179852063	0.00022213225467821276	0.00023513121628153044	0.0002280359882250508	0.6568957265474183	0.0002323213405334091	0.9592091815274046	0.609278260135087	0.00024907603939870797	0.6432556378796062	0.6441710019890696	0.00021825911929250008	0.9665301949444991	0.5020080034738842	1.9437958131119601	0.43108722583503317	1.499870798395848	0.8563316714505033	1.7218333057539041	0.0002332188330748724
A903E	missense	28	123	109	63	12	20	6	60	45	29	7	27	0	33	36	10	18	9.106896118578068e-05	0.0003649237633057384	0.00042459566912417496	0.0002118286438664023	3.3645372596620455e-05	0.00034157449577098246	9.042992972302605e-05	0.00018685805833034666	0.0001879822152478096	9.879210190076005e-05	3.436278510373266e-05	0.00035696983604885385	1.323083843823183e-05	0.0001276611722299403	0.00013256279714667535	4.789709961290435e-05	3.5807303936165e-05	0.47927417455205285	0.00025874836222323404	-0.7446721603735718	0.4904820027222608	0.00012699879014566224	-0.2828285121387047	0.49407619043219597	8.598209323142123e-05	-0.2628549578158027	-0.5771732425737406	-0.511779210840455	-1.431044153478004	-1.5553626025963936	-0.430118543442693	-1.0335709067184242	0.0001572430818667725
A903I	missense	91	180	174	116	8	22	13	171	56	64	14	41	6	61	80	39	62	0.0002889084285893732	0.0005326709770833763	0.0006754931099702783	0.00038724923956826675	2.3292950259198775e-05	0.0003741054001301236	0.0001808598594460521	0.0005268784595544201	0.00023293448411141625	0.00021404955411831342	6.443022206949873e-05	0.0005354547540732808	9.261586906762282e-05	0.00023279390230165583	0.0002902050424021812	0.00017417127131965217	0.0001187294814725471	0.48473536576580983	0.00040467656922028004	-0.6922842507469468	0.45570409534340167	0.00025957317996341215	-0.5539420092789682	0.5547972785478202	0.00020397492437400908	0.2344947068027667	-0.3156517881934329	0.08328816450166107	-0.7620373725194285	-0.45771080134218445	-0.33724385107438276	-0.18721131842026167	0.0002894082245192338
A903K	missense	33	6	9	21	24	1	5	2	1	10	19	1	2	8	10	8	27	0.00010677050621781183	2.0600535025323943e-05	3.8599606284015906e-05	7.28160963290758e-05	6.470263960888549e-05	3.2530904359141185e-05	7.751136833402232e-05	9.189740573623606e-06	8.173139793383025e-06	3.622377069694535e-05	8.590696275933165e-05	2.549784543206099e-05	3.9692515314695496e-05	3.379266323733714e-05	3.941056131387646e-05	3.918853604692174e-05	5.2768658432243156e-05	0.7308126742371576	4.9179719311825284e-05	1.6682768965876993	0.8563746579357641	3.4873403455820906e-05	2.569512091688729	0.6679173350451275	4.129010475759463e-05	1.1610298514536572	0.37706926686558434	1.659509515269854	0.19220513691989644	1.1079325361119206	1.7996062799100283	1.3837210256908872	4.178107584174694e-05
A903_	nonsense	46	349	329	270	27	50	18	142	109	62	16	93	4	97	106	43	35	0.00014759452330109283	0.0010300267512661971	0.0012737870073725249	0.0008969619138717973	7.246695636195174e-05	0.0008295380611581002	0.0002454526663910707	0.0004380443006760586	0.0004495226886360664	0.0002074634139915961	7.30209183454319e-05	0.0011983987353068667	6.615419219115915e-05	0.0003679645552510044	0.0003833572782349801	0.0001915883984516174	6.784541798431263e-05	0.5009065227264861	0.0008183106572181178	-0.5371581846096165	0.48190596414157566	0.00029201283041228827	-0.34968359303505386	0.4899369049201196	0.00025268891248047865	-0.296758702380979	-0.5288685629991855	-0.40186647362627687	-1.2580439713994647	-1.271518003586906	-0.39453349334188315	-0.8366922386065915	0.0004543374667036282
A903W	missense	85	79	60	105	31	14	15	69	26	38	20	16	4	53	59	30	30	0.0002700665745509358	0.00023543468600370222	0.000235457598332497	0.00035084119140372887	8.281937869937342e-05	0.00024398178269355888	0.00020669698222405952	0.00021442728005121748	0.00011033738721067085	0.00012842973247098805	9.020231089729822e-05	0.00021673168617251842	6.615419219115915e-05	0.00020275597942402283	0.00021496669807568978	0.00013498273527273044	5.8422443264269213e-05	0.5776751909574656	0.00022613821360982538	0.19926540797764544	0.5434337714820189	0.00013584917765754366	0.12996053384476075	0.5200742127414572	0.00015278196400917807	-0.04991233643794135	-0.07202326425383464	0.6376418661615856	-0.51536503917804	-0.05299094091894741	0.09310453512815493	0.2923254626213191	0.00017158978509218236
A903P	missense	35	8	17	26	38	3	5	18	15	26	12	8	9	17	11	19	23	0.0001130511242306243	2.6486402175416498e-05	6.947929131122863e-05	8.936520913113848e-05	0.00010093611778986136	6.506180871828237e-05	7.751136833402232e-05	5.8201690299616175e-05	6.53851183470642e-05	8.891289171068403e-05	5.5839525793565566e-05	0.00011474030444427445	0.0001323083843823183	6.758532647467428e-05	4.299333961513795e-05	8.708563565982608e-05	4.5230278656208424e-05	0.7312098702100215	7.156675510191124e-05	1.6720871031737712	0.6326588131007264	6.708480653773248e-05	0.8255202983301334	0.6131775627865365	6.0723645101461685e-05	0.7126714932788822	0.07603927120160313	0.9745441848212235	0.061871368424890265	0.8940915111408287	1.0700929649275956	0.9343178479810261	6.645840224703514e-05
A903Y	missense	99	79	47	42	33	16	4	70	26	53	42	16	6	23	31	22	80	0.00031403090064062303	0.00023543468600370222	0.00018527811016327633	0.00014232237009773906	8.799558986808426e-05	0.0002765126870527001	6.45928069450186e-05	0.00021749052690909202	0.00011033738721067085	0.00017782578342136806	0.00018469996993256303	0.00021673168617251842	9.261586906762282e-05	9.011376863289904e-05	0.00011464890564036788	0.0001001484810088	0.00015265219046470342	0.5318260170696524	0.00016275768903320048	-0.24055482245844867	0.6194080700635832	0.0001725884168684235	0.7222232469758975	0.672292588685538	0.00011439083643669258	1.1968663457953883	-0.6315309048963333	-0.6354649387463562	-0.3692370034998019	0.18676403039260517	0.559511590104279	-0.22435045417687555	0.0001499123141127722
A903C	missense	81	7	18	27	22	2	0	11	14	22	30	0	2	9	19	26	58	0.0002575053385253109	2.3543468600370222e-05	7.333925193963022e-05	9.267503169155101e-05	5.952642844017465e-05	4.8796356538711774e-05	1.291856138900372e-05	3.6758962294494424e-05	6.129854845037269e-05	7.574061145724937e-05	0.00013315579227696404	1.2748922716030496e-05	3.9692515314695496e-05	3.754740359704126e-05	7.165556602522992e-05	0.00011756560814076522	0.00011119110169651236	0.6888763263327659	6.227104516793152e-05	1.265991476045796	0.7486474510634473	7.673847861977013e-05	1.729717463618024	0.7236956257772637	8.448991986488718e-05	1.617894427658226	-0.5771732425737406	-0.511779210840455	0.49323513258387763	1.6018380186522772	1.5378677891073487	0.5450294039059111	7.449981455086294e-05
A903D	missense	32	16	39	18	6	2	0	16	4	4	0	0	0	10	17	8	10	0.00010363019721140561	5.002987077578672e-05	0.00015439842513606362	6.288662864783819e-05	1.8116739090487936e-05	4.8796356538711774e-05	1.291856138900372e-05	5.20751965838671e-05	2.0432849483457566e-05	1.646535031679334e-05	4.295348137966582e-06	1.2748922716030496e-05	1.323083843823183e-05	4.1302143956745394e-05	6.449000942270693e-05	3.918853604692174e-05	2.0730544384095528e-05	0.5429964876927531	7.13579159125441e-05	-0.13339915209559253	0.42757715853904593	2.331718613052115e-05	-0.7732074215937856	0.5593615169496756	4.14278084526174e-05	0.27187912313732615	-0.5771732425737406	-0.511779210840455	0.01611387786421517	0.8190163499252244	-0.21157581685068397	0.15361856954238473	4.536763683189422e-05
A903Q	missense	14	1	0	0	11	2	7	1	0	15	6	0	0	19	9	14	40	4.7104635096093454e-05	5.885867150092556e-06	3.85996062840159e-06	3.309822560412536e-06	3.105726701226503e-05	4.8796356538711774e-05	0.00010334849111202976	6.126493715749071e-06	4.086569896691513e-06	5.2689121013738686e-05	3.0067436965766077e-05	1.2748922716030496e-05	1.323083843823183e-05	7.509480719408253e-05	3.582778301261496e-05	6.531422674486956e-05	7.726839270435605e-05	0.837420947252702	1.1028229337792928e-05	2.690944727393564	0.7869149605067494	2.3242405397986338e-05	2.028034386456468	0.6427546648409844	6.337630241398078e-05	0.9549293684862239	0.325916744418203	1.5431167805054362	0.01611387786421517	0.8190163499252244	1.8913028274454187	1.1810665652153303	3.2548979049920014e-05
Y904_	nonsense	26	28	31	27	8	3	3	30	24	26	1	2	1	27	24	13	11	8.478834317296822e-05	8.534507367634205e-05	0.0001235187401088509	9.267503169155101e-05	2.3292950259198775e-05	6.506180871828237e-05	5.167424555601488e-05	9.49606525941106e-05	0.00010216424741728782	8.891289171068403e-05	8.590696275933164e-06	3.824676814809149e-05	2.646167687646366e-05	0.00010513273007171553	8.95694575315374e-05	6.095994496187826e-05	2.2615139328104212e-05	0.5414952132467931	8.120794893398567e-05	-0.1478005211232136	0.5094471784993468	7.365712199950391e-05	-0.13498421912839037	0.5009500358573812	6.956931797330885e-05	-0.20655318815143336	-0.10005198785407819	0.5738651522146992	-0.15997738119146607	0.5301001637385283	-0.16311264280101243	0.5519826579766138	7.48114629689328e-05
Y904I	missense	74	108	79	81	80	9	20	69	52	63	67	10	9	53	62	41	125	0.00023552317548046728	0.0003207797596800443	0.00030879685027212725	0.000271405449953828	0.00020963655233278896	0.00016265452179570593	0.00027128978916907815	0.00021442728005121748	0.00021658820452465018	0.00021075648405495474	0.0002920836733817276	0.00014023814987633546	0.0001323083843823183	0.00020275597942402283	0.00022571503297947427	0.0001828798348856348	0.0002374589629450942	0.5832641356049577	0.0002776546530596971	0.2528788259373516	0.6554031813515003	0.0002334639105031375	1.0028255383935911	0.6340234808390802	0.00021220245255855653	0.8834146514442427	0.22216730687984115	1.3070447319025182	-0.025278807294009945	0.7511026056765134	0.7130396719250619	1.029073668789516	0.00024110700537379706
Y904F	missense	65	75	45	46	74	6	11	62	37	46	52	6	3	48	54	25	72	0.00020726039442281122	0.0002236629517035171	0.00017755818890647314	0.0001555616603393892	0.00019410791882665645	0.00011385816525699414	0.00015502273666804465	0.00019298455204609573	0.0001552896560742775	0.0001547742929778574	0.00022765345131222885	8.924245901221346e-05	5.292335375292732e-05	0.0001839822776255022	0.0001970528065693823	0.00011321132635777392	0.00013757543091263394	0.6065782735950791	0.00018772267994400898	0.4765258117767111	0.6427040950760735	0.0001826754881026149	0.9038289641284655	0.5808692803668954	0.0001579554603663231	0.4480432739160633	0.13403121817928987	1.1064993842933388	-0.22692417082207927	0.42025932756503176	0.60946601660708	0.7633793559291853	0.000176117876137649
Y904A	missense	75	94	49	114	135	19	23	70	73	122	89	8	5	106	148	72	163	0.00023866348448687351	0.0002795786896293964	0.0001929980314200795	0.0003806295944474417	0.000351982359472337	0.00032530904359141186	0.0003100454733360893	0.00021749052690909202	0.000302406172355172	0.00040504761779311616	0.0003865813324169924	0.00011474030444427445	7.938503062939099e-05	0.00040175721848834155	0.000533833966887963	0.0003178625701583652	0.0003090735708174242	0.6669895428994251	0.0003012971687423137	1.0560367633019863	0.6831301881330041	0.00032788141236859313	1.2189732695343911	0.585478903999738	0.0003906318315880235	0.4857994281445013	-0.020870741806453322	0.7540346009260032	-0.159977381191466	0.5301001637385284	0.9202698203269595	0.6420673823322658	0.00033993680423297676
Y904L	missense	67	55	48	53	43	11	2	43	30	30	56	10	6	36	57	47	95	0.00021354101243562366	0.00016480428020259155	0.00018913807079167793	0.00017873041826227696	0.00011387664571163845	0.0001951854261548471	3.875568416701116e-05	0.00013478286174647955	0.0001266836667974369	0.00010208517196411871	0.00024483484386409517	0.00014023814987633546	9.261586906762282e-05	0.00013892539330905267	0.00020780114147316678	0.0002090055255835826	0.0001809211146248337	0.5934497131572128	0.0001616373537420462	0.35058665110164117	0.6877802863052451	0.00015209663609303258	1.2552234200620844	0.6465826715298172	0.00018416329374765895	0.9862835141698999	-0.7021119791820405	-0.7960655086825613	-0.1801807672797531	0.49695209444770955	0.8640311951112084	-0.14955670711742589	0.00016596576119424591
Y904C	missense	66	116	42	69	135	14	26	126	79	66	86	18	35	68	41	29	130	0.00021040070342921743	0.0003443232282804145	0.00016597830702126838	0.00023168757922887754	0.000351982359472337	0.00024398178269355888	0.00034880115750310044	0.00038903235095006603	0.00032692559173532105	0.00022063569424503074	0.0003736952880030926	0.00024222953160457942	0.0004763101837763459	0.0002590770848195847	0.00015047668865298284	0.00013062845348973912	0.00024688193766513766	0.6351335669954524	0.0002734928685007243	0.7504499560645265	0.6104706580898809	0.00032757223123337765	0.6525510556856693	0.6160373132263464	0.0001967660411568611	0.7360949194109032	0.15522051724922792	1.1547136335325272	0.29366277767867344	1.2743959641362321	0.7130319770536996	1.2145547988343797	0.00026594371363032105
Y904K	missense	28	44	37	23	15	8	11	71	34	23	9	0	0	28	24	23	47	9.106896118578068e-05	0.0001324320108770825	0.00014667850387926044	7.943574144990087e-05	4.140968934968671e-05	0.00014638906961613534	0.00015502273666804465	0.00022055377376696656	0.00014302994638420297	7.903368152060803e-05	4.2953481379665825e-05	1.2748922716030496e-05	1.323083843823183e-05	0.00010888747043141967	8.95694575315374e-05	0.0001045027627917913	9.046055731241685e-05	0.5186414963970208	9.998898638898264e-05	-0.36703079636836444	0.471367141529605	0.00012139272076286083	-0.4318396877921841	0.6121805549234638	9.835506201679131e-05	0.7045052771963073	0.024886748754221824	0.8581514500568059	0.01611387786421517	0.8190163499252244	-0.031455068988080405	0.8385838999910151	0.00010657892305621158
Y904N	missense	52	62	73	65	208	15	26	50	22	58	113	20	23	43	49	33	91	0.0001664363773395302	0.0001854048152279155	0.00028563708650171767	0.0002184482889872274	0.0005409140671302826	0.0002602472348731295	0.00034880115750310044	0.0001562255897516013	9.39911076239048e-05	0.00019429113373816141	0.0004896696877281903	0.0002677273770366404	0.00031754012251756396	0.00016520857582698158	0.0001791389150630748	0.00014804558062170436	0.00017338273484879895	0.7265254693548007	0.0003076010644617858	1.6271507588758451	0.7722729082327584	0.00023354437971046449	1.9138912911267785	0.6237663156814309	0.00016644395159013992	0.7994010441554514	0.12719179364898436	1.0909369195856409	0.07410582484190192	0.914164810105388	1.4468143647193583	1.0025508648455144	0.0002358631319207967
Y904Q	missense	9	18	69	87	9	6	6	14	25	19	10	18	5	18	23	15	28	3.1403090064062305e-05	5.591573792587927e-05	0.0002701972439881113	0.0002912643853163032	2.5881055843554195e-05	0.00011385816525699414	9.042992972302605e-05	4.594870286811803e-05	0.00010625081731397933	6.586140126717336e-05	4.7248829517632405e-05	0.00024222953160457942	7.938503062939099e-05	7.134006683437841e-05	8.59866792302759e-05	6.966850852786088e-05	5.4653253376251844e-05	0.6115845314957387	0.000160814605768462	0.5245496542319372	0.6078082854261476	6.632743774172579e-05	0.6317963519683855	0.595540137263857	7.041212699219176e-05	0.5682082114000043	-0.10005198785407812	0.5738651522146996	-0.48448847270497014	-0.002331187131176757	0.5748514058667756	0.2857669825417614	9.918472350079319e-05
Y904D	missense	50	3	11	22	20	2	2	15	11	11	14	1	4	22	19	14	30	0.00016015575932671776	1.1771734300185111e-05	4.631952754081908e-05	7.612591888948834e-05	5.435021727146381e-05	4.8796356538711774e-05	3.875568416701116e-05	4.901194972599257e-05	4.9038838760298155e-05	3.9516840760304014e-05	6.443022206949873e-05	2.549784543206099e-05	6.615419219115915e-05	8.63590282731949e-05	7.165556602522992e-05	6.531422674486956e-05	5.8422443264269213e-05	0.7294333762966219	4.7141849500489086e-05	1.655045619192586	0.6477309466358158	5.049946282902336e-05	0.9430161208230963	0.5850041305366037	7.04378160768909e-05	0.48191068981672286	-0.10005198785407812	0.5738651522146996	0.41405388653625275	1.471923883514221	1.0266574766108016	1.0228945178644602	5.602637613546778e-05
Y904H	missense	34	29	24	39	125	4	33	6	7	9	41	2	45	17	11	13	87	0.00010991081522421806	8.828800725138832e-05	9.649901571003975e-05	0.00013239290241650144	0.00032610130362878284	8.132726089785297e-05	0.0004392310872261265	2.1442728005121748e-05	3.26925591735321e-05	3.293070063358668e-05	0.00018040462179459645	3.824676814809149e-05	0.0006086185681586642	6.758532647467428e-05	4.299333961513795e-05	6.095994496187826e-05	0.00016584435507276422	0.7706077338436581	0.0001608203072516781	2.050021447300344	0.8479795563005115	6.686765240170924e-05	2.504067516821501	0.7408711770238144	8.434574153111367e-05	1.7585746248879766	0.7324569248521582	2.4681605736243855	1.2017504548261269	2.7643122144460657	2.1042211963366073	2.6162363940352256	0.000104011233728167
Y904R	missense	114	74	53	76	234	25	66	67	64	106	126	24	107	55	51	85	167	0.0003611355357367165	0.00022072001812847083	0.00020843787393368587	0.0002548563371517653	0.0006082048123235235	0.0004229017566688354	0.0008655436130632492	0.0002083007863354684	0.0002656270432849483	0.0003523584967793775	0.000545509213521756	0.0003187230679007624	0.0014289305513290377	0.00021026546014343107	0.0001863044716655978	0.00037446823333725217	0.00031661195059345894	0.7419376869308623	0.0003230547603843614	1.7749964998355616	0.7250838593552456	0.0003429488849803875	1.5460259124386306	0.6832911758204494	0.000271912528934935	1.2869527357561565	0.31104946687593027	1.5092876942970919	0.6515976246791272	1.8616662889283886	1.5359917160101162	1.6854769916127403	0.0003126387247665613
Y904S	missense	100	14	12	28	102	7	19	26	13	65	83	1	7	20	42	57	69	0.00031717120964702927	4.414400362569416e-05	5.017948816922067e-05	9.598485425196355e-05	0.0002665748751886082	0.00013012361743656474	0.0002583712277800744	8.270766516261246e-05	5.721197855368118e-05	0.0002173426241816721	0.0003608092435891929	2.549784543206099e-05	0.00010584670750585465	7.884954755378666e-05	0.00015405946695424435	0.0002525483434134957	0.0001319216460806079	0.8200985360228245	0.00011422080530887164	2.5247749526125487	0.7981086954780122	0.00017951787787178966	2.115295894202191	0.6771772627448356	0.00015434475100053365	1.2368753621117077	0.2978880208179594	1.4793400665585499	0.6181738691921775	1.806827315005937	1.9589820696421494	1.6430836907822435	0.00014936114472706498
Y904G	missense	122	65	51	61	78	6	13	70	53	70	44	10	14	66	81	62	154	0.00038625800778796634	0.00019423361595305433	0.0002007179526768827	0.00020520899874557725	0.00020446034116407814	0.00011385816525699414	0.0001808598594460521	0.00021749052690909202	0.0002206747744213417	0.00023380797449846542	0.0001932906662084962	0.00014023814987633546	0.00019846257657347746	0.00025156760410017647	0.0002937878207034427	0.00027431975232845217	0.00029211221632134606	0.6304639429153045	0.0002011552271348981	0.7056553618586209	0.6164092135451986	0.00021631598550934884	0.698845460921543	0.636486657531164	0.00027794684836335434	0.9035898515225316	0.20097800780990308	1.2588304826633299	0.15081245176167135	1.0400187918632098	0.7693635581008985	1.14942463726327	0.0002318060203358671
Y904V	missense	119	27	33	32	117	7	7	44	46	89	85	5	5	38	56	70	185	0.00037683708076874763	8.240214010129577e-05	0.00013123866136565408	0.0001092241444936137	0.0003053964589539395	0.00013012361743656474	0.00010334849111202976	0.0001378461086043541	0.0001920687851445011	0.0002963763057022801	0.00036939993986512607	7.649353629618297e-05	7.938503062939099e-05	0.00014643487402846094	0.0002042183631719053	0.00030915400659238263	0.00035053465958561524	0.7537219847154891	0.00015706535122862576	1.8880404683014753	0.7253033198237488	0.00024892278482906534	1.5477367311619026	0.7137366689550416	0.00025258547584459105	1.5363233624946482	-0.10005198785407819	0.5738651522146992	0.01611387786421517	0.8190163499252244	1.6573668539860087	0.6964407510699618	0.00021952453730076068
Y904Y	silent	59	38	32	40	76	6	6	60	28	56	46	5	6	29	47	38	88	0.00018841854038437382	0.00011477440942680483	0.00012737870073725247	0.000135702724976914	0.0001992841299953673	0.00011385816525699414	9.042992972302605e-05	0.00018685805833034666	0.00011851052700405388	0.0001877049936114441	0.00020188136248442935	7.649353629618297e-05	9.261586906762282e-05	0.0001126422107911238	0.0001719733584605518	0.00016981698953666088	0.0001677289500167729	0.6817135360924734	0.00014428499128408466	1.197280531291169	0.6455524797828031	0.0001737387353575685	0.9260337371365078	0.6577695956847092	0.00015554037720127734	1.0779125206520361	-0.10005198785407812	0.5738651522146996	0.08306066749482832	0.9288571860987209	1.0670755963599043	0.7513611691567103	0.00015785470128097684
Y904T	missense	25	13	7	28	46	4	6	25	13	39	10	0	1	21	17	25	48	8.164803416656198e-05	4.120107005064789e-05	3.087968502721272e-05	9.598485425196355e-05	0.0001216409624647047	8.132726089785297e-05	9.042992972302605e-05	7.964441830473792e-05	5.721197855368118e-05	0.00013172280253434673	4.7248829517632405e-05	1.2748922716030496e-05	2.646167687646366e-05	8.260428791349079e-05	6.449000942270693e-05	0.00011321132635777392	9.234515225642552e-05	0.7572134516007155	7.242664294863222e-05	1.9215332804899286	0.6160252018880011	7.895700722759956e-05	0.6958518724289608	0.6526278670285822	8.81626939875993e-05	1.0357980411187484	0.0460760478241599	0.9063656992959943	0.31714387352819634	1.3129218324655807	1.2177277313458792	1.1096437658807874	7.984878138794369e-05
Y904W	missense	39	8	9	11	32	1	2	13	6	22	31	0	0	7	14	21	53	0.00012561236025624922	2.6486402175416498e-05	3.8599606284015906e-05	3.9717870724950433e-05	8.540748428372885e-05	3.2530904359141185e-05	3.875568416701116e-05	4.2885456010243496e-05	2.860598927684059e-05	7.574061145724937e-05	0.00013745114041493063	1.2748922716030496e-05	1.323083843823183e-05	3.003792287763301e-05	5.3741674518922446e-05	9.57941992258087e-05	0.00010176812697646895	0.741897268598054	4.7552840867027925e-05	1.774608776373127	0.7702630848499765	7.117079928981601e-05	1.898223578863231	0.7392929276735691	7.033548089970828e-05	1.745647620293884	0.07603927120160313	0.9745441848212235	0.01611387786421517	0.8190163499252244	1.806159991843414	0.8967802673732239	6.301970701885073e-05
Y904P	missense	48	9	10	19	8	15	5	24	12	24	11	20	2	29	22	22	40	0.00015387514131390528	2.9429335750462777e-05	4.245956691241749e-05	6.619645120825072e-05	2.3292950259198775e-05	0.0002602472348731295	7.751136833402232e-05	7.658117144686338e-05	5.312540865698967e-05	8.23267515839667e-05	5.1544177655598985e-05	0.0002677273770366404	3.9692515314695496e-05	0.0001126422107911238	8.240390092901442e-05	0.0001001484810088	7.726839270435605e-05	0.6291267379859025	4.0344576032582445e-05	0.6928278727171816	0.603227638541136	6.589437733585469e-05	0.5960876135836527	0.5953403835962024	9.311574635832357e-05	0.5665720842702475	-0.5260207201263593	-0.3953864760760374	-0.8289841621500417	-0.5675516375156809	0.6184958568570272	-0.48146905679585916	6.64515665755869e-05
Y904M	missense	39	9	6	32	39	4	9	14	12	33	52	4	4	18	20	29	106	0.00012561236025624922	2.9429335750462777e-05	2.7019724398811132e-05	0.0001092241444936137	0.00010352422337421678	8.132726089785297e-05	0.0001291856138900372	4.594870286811803e-05	5.312540865698967e-05	0.00011196438215419471	0.00022765345131222885	6.374461358015247e-05	6.615419219115915e-05	7.134006683437841e-05	7.523834432649142e-05	0.00013062845348973912	0.0002016516590089292	0.7663874406271806	6.72993570042761e-05	2.0095371772997366	0.7970892148023132	0.00010967298624788282	2.1073484645812903	0.7415075026429495	0.00011971463091488453	1.7637865923129081	0.200978007809903	1.2588304826633299	0.01611387786421517	0.8190163499252244	1.9602240780646447	1.038923416294277	9.889565805568116e-05
Y904E	missense	18	2	2	3	4	0	2	2	2	12	14	0	1	3	2	10	38	5.966587112171838e-05	8.828800725138832e-06	1.157988188520477e-05	1.3239290241650144e-05	1.2940527921777098e-05	1.6265452179570593e-05	3.875568416701116e-05	9.189740573623606e-06	1.2259709690074539e-05	4.2809910823662684e-05	6.443022206949873e-05	1.2748922716030496e-05	2.646167687646366e-05	1.5018961438816506e-05	1.0748334903784488e-05	4.789709961290435e-05	7.349920281633868e-05	0.6625484017352172	1.164712519344271e-05	1.0134339514166375	0.8156444570012111	3.217239578921489e-05	2.2519970930345887	0.8055724127908117	3.6790899692961006e-05	2.2885245798006424	0.37706926686558434	1.659509515269854	0.31714387352819634	1.3129218324655807	1.8513185414172895	1.4862156738677172	2.6870140225206204e-05
R905L	missense	320	257	138	171	144	31	14	223	116	143	117	22	33	144	175	112	230	0.0010080391910564	0.0007592768623619396	0.0005365345273478211	0.0005692894803909562	0.00037527530973153583	0.000520494469746259	0.0001937784208350558	0.0006861672961638959	0.00047812867791290704	0.0004742020891236482	0.0005068510802800567	0.0002932252224687014	0.00044984850689988224	0.0005444373521570983	0.0006305689810220234	0.0004920338414780174	0.0004353414320660061	0.5625523564455657	0.0005600940449580632	0.05419564998929783	0.5934273281293466	0.0005363372858701271	0.5196886399520332	0.5973038565924688	0.0005255954016807862	0.5826543493693374	-0.4291107071183029	-0.17487689218081734	0.18586495888887744	1.0975300887315687	0.38551287977022275	0.46132659827537564	0.0005406755775029922
R905H	missense	55	13	4	52	178	11	28	17	12	101	129	10	67	15	20	39	110	0.0001758573043587489	4.120107005064789e-05	1.9299803142007953e-05	0.00017542059570186443	0.00046327089959962006	0.0001951854261548471	0.0003746382802811079	5.513844344174164e-05	5.312540865698967e-05	0.0003358931464625841	0.0005583952579356556	0.00014023814987633546	0.0008996970137997645	6.007584575526602e-05	7.523834432649142e-05	0.00017417127131965217	0.00020919003878496395	0.8792809292008693	0.00017479809212353508	3.0924975874634666	0.8484968513699555	0.0002506380641242428	2.5081001250461012	0.7566515590879952	0.0001296688750465934	1.8878273766210885	0.28316476399725315	1.4458386859030083	0.8072301054122264	2.117015379061042	2.4961416963768857	1.7814270324820252	0.00018503501043145708
R905G	missense	220	323	368	285	195	43	56	275	188	184	136	56	27	139	157	119	295	0.0006940082904157769	0.0009535104783149939	0.0014243254718801868	0.0009466092522779853	0.0005072686945336622	0.000715679895901106	0.000736357999173212	0.0008454561327733718	0.000772361710474696	0.0006092179617213536	0.0005884626949014218	0.0007266885948137383	0.0003704634762704913	0.0005256636503585778	0.0005660789715993164	0.0005225138139589565	0.0005578401034265706	0.5657431759073556	0.0009579284742517072	0.08480442288449343	0.5835275901224932	0.0007038746249677108	0.44251457186989385	0.6280479884643864	0.0005430241348358553	0.8344710435361344	0.012370191332225795	0.8296712055159706	-0.29260294646605706	0.31249894539597983	0.45393001276350725	0.5710850754559752	0.0007349424113517578
R905_	nonsense	140	161	136	148	32	27	10	165	118	106	31	33	7	121	144	83	49	0.00044278356990327846	0.00047675523915749696	0.0005288146060910178	0.000493163561501468	8.540748428372885e-05	0.0004554326610279766	0.00014210417527904092	0.0005084989784071729	0.00048630181770629007	0.0003523584967793775	0.00013745114041493063	0.00043346337234503684	0.00010584670750585465	0.0004580783238839034	0.0005195028536829169	0.0003657596697712696	9.422974720043421e-05	0.5295465024561764	0.0003960352227584279	-0.26242166448780824	0.5199988152678983	0.0003711526083269428	-0.052728230758752874	0.516719325063667	0.0003593926486346311	-0.07739129495404465	-0.5058173340380724	-0.34941557873200074	-0.6122750521860963	-0.21199299196758764	-0.1308470634002019	-0.2807042853497942	0.00037552682657333397
R905F	missense	208	220	148	160	136	34	27	147	88	169	125	20	26	96	93	90	136	0.0006563245823389022	0.0006503883200852273	0.000575134133631837	0.0005328814322264183	0.00035457046505669244	0.0005692908262849707	0.0003617197188921042	0.00045336053496543126	0.00036370472080554466	0.0005598219107709736	0.0005412138653837894	0.0002677273770366404	0.0003572326378322594	0.00036420981489130027	0.00033678116031858065	0.0003962396422522087	0.00025818950732918976	0.5700001448165386	0.0005282435877500438	0.12564051409035554	0.6549565281995988	0.0004795252579814347	0.9993436239499881	0.6011510807587679	0.0003388550311978198	0.6141659001040315	-0.1969620008621345	0.35335556831947934	0.1252583472892832	0.9980916999384241	0.5797166793814584	0.6757236341289516	0.0004488746256430994
R905Y	missense	199	69	54	83	98	15	12	65	59	70	67	5	24	32	40	41	113	0.0006280618012812461	0.00020600535025323943	0.00021229783456208748	0.00027802509507465306	0.0002562224528511865	0.0002602472348731295	0.00016794129805704837	0.00020217429261971934	0.00024519419380149076	0.00023380797449846542	0.0002920836733817276	7.649353629618297e-05	0.00033077096095579576	0.00012390643187023618	0.00014689391035172135	0.0001828798348856348	0.00021484382361699	0.6533946251980369	0.00023813768318529162	0.9256239482136512	0.6581799682682516	0.0002433150335753508	1.0244721660532936	0.6827387833943663	0.0001671310001811456	1.2824282419373516	-0.19022861820316614	0.3686767447619278	0.6359026361526091	1.8359152309165216	1.0775081187347655	1.1022959878392247	0.00021619457231392936
R905A	missense	126	125	73	81	71	16	14	119	64	85	63	15	1	88	69	53	124	0.00039881924381359124	0.000370809630455831	0.00028563708650171767	0.000271405449953828	0.0001863436020735902	0.0002765126870527001	0.0001937784208350558	0.00036758962294494425	0.0002656270432849483	0.00028320402544884546	0.00027490228082986126	0.00020398276345648793	2.646167687646366e-05	0.00033417189201366727	0.00025079448108830476	0.00023513121628153044	0.00023557436800108553	0.5613184485286051	0.00027854894224624174	0.04235906454279851	0.5976685111644366	0.0002978307431271498	0.5527510652477593	0.588121138784421	0.00026391798934614696	0.5074412436123543	-0.15440965017667085	0.45017942430879826	-0.8869761091277284	-0.6627000976958445	0.3675171244676374	-0.10626033669352311	0.00028009922490651286
R905V	missense	261	289	208	211	184	56	43	218	155	213	118	43	26	204	196	114	281	0.0008227609596784324	0.0008534507367634205	0.0008067317713359324	0.0007016823828074577	0.0004787995331057526	0.0009271307742355238	0.0005684167011161637	0.0006708510618745233	0.0006375049038838761	0.000704716993558755	0.0005111464284180233	0.0005609525995053418	0.0003572326378322594	0.0007697217737393459	0.0007058073253485148	0.0005007424050440001	0.0005314557742104489	0.5709192104357464	0.0007101661060031409	0.13445689218726453	0.6046025153015625	0.0006310548469337944	0.60680555709289	0.57914857673941	0.0006269318195855774	0.43394946567586423	-0.21247416704038208	0.3180590989134282	-0.195975034462985	0.471038148107249	0.3917373049853396	0.3945486235103386	0.0006560509241741709
R905E	missense	93	63	65	82	124	14	11	64	39	66	59	8	6	26	70	62	160	0.00029518904660218566	0.00018834774880296178	0.00025475740147450494	0.00027471527251424053	0.0003235131980444274	0.00024398178269355888	0.00015502273666804465	0.0001991110457618448	0.00016346279586766053	0.00022063569424503074	0.0002577208882779949	0.00011474030444427445	9.261586906762282e-05	0.00010137798971201142	0.0002543772593895662	0.00027431975232845217	0.00030341978598539816	0.6760708348231514	0.0002603334052090337	1.1431514388318849	0.6596346170910385	0.00021023260603813274	1.0358119779965635	0.7088338748913161	0.000233373696853857	1.4961659302259012	-0.19696200086213458	0.3533555683194792	-0.09303059156085286	0.6399409999120249	1.2250431156847832	0.496648284115752	0.0002346465693670078
R905R	silent	265	237	132	299	368	37	54	153	124	249	221	33	41	118	157	147	404	0.0008353221957040572	0.0007004181908610141	0.0005133747635774115	0.000992946768123761	0.0009550109606271497	0.0006180871828236825	0.0007105208763952046	0.00047174001611267847	0.0005108212370864391	0.000823267515839667	0.0009535672866285812	0.00043346337234503684	0.0005556952144057369	0.00044681410280479107	0.0005660789715993164	0.0006444337038827131	0.0007632609523235171	0.6741559280929197	0.0007904376707973341	1.1247821935884494	0.7046337339238793	0.0006898490139168415	1.386605595331655	0.6780705450087345	0.0006051469326525845	1.244191990455289	0.060527105023355496	0.9392477154151722	0.10788425121986048	0.9695856991196575	1.2518599264584644	0.9544167072674148	0.0006951445391222533
R905W	missense	91	45	60	120	111	24	11	74	31	66	66	7	0	58	83	42	87	0.0002889084285893732	0.00013537494445212876	0.000235457598332497	0.00040048852980991686	0.00028986782544780697	0.0004066363044892648	0.00015502273666804465	0.00022974351434059016	0.0001307702366941284	0.00022063569424503074	0.000287788325243761	0.00010199138172824396	1.323083843823183e-05	0.00022152968122254345	0.0003009533773059657	0.00018723411666862608	0.00016584435507276422	0.6990336588075778	0.00026529722451058737	1.363428352893762	0.6629773873365756	0.0002172344426308776	1.0618707664547467	0.584914976078248	0.00021889038256747484	0.48118045026834705	-0.41881075047849087	-0.1514403134178473	-0.8869761091277284	-0.6627000976958445	0.9688265232056187	-0.4070702055568459	0.00023380734990297993
R905M	missense	115	230	118	109	61	19	21	154	106	94	54	17	11	93	121	48	68	0.00036427584474312273	0.0006798176558356901	0.00045933531477978926	0.000364080481645379	0.000160462546230036	0.00032530904359141186	0.00028420835055808184	0.000474803262970553	0.00043726297894599187	0.00031284165601907344	0.00023624414758816203	0.0002294806088885489	0.00015877006125878198	0.00035294559381218786	0.00043709895275390254	0.00021335980736657392	0.00013003705113659922	0.5007795772596777	0.0004159239996227235	-0.5383759423079577	0.5531304543521222	0.0003652880113809451	0.20555167206177297	0.5265757707651905	0.0002833603512673159	0.0033401299283506007	-0.05865930269585313	0.6680502987979247	-0.159977381191466	0.5301001637385284	-0.10982804677261139	0.5990752312682266	0.00035485745409032815
R905Q	missense	67	76	55	98	49	17	11	43	50	41	15	3	2	44	45	40	50	0.00021354101243562366	0.00022660588527856338	0.00021615779519048906	0.0003276724334808411	0.00012940527921777097	0.00029277813923227067	0.00015502273666804465	0.00013478286174647955	0.00020841506473126716	0.00013830894266106405	6.872557020746531e-05	5.099569086412198e-05	3.9692515314695496e-05	0.0001689633161866857	0.00016480780185802884	0.00017852555310264348	9.61143421444429e-05	0.5999834830255372	0.00022496034829191613	0.4132635528956481	0.5640534850585183	0.000137558109836569	0.29070288665100114	0.5829171878863008	0.00015210275332295023	0.46481711887758004	-0.2761432469097594	0.17318611960817545	-0.10882485874408475	0.6140270535715644	0.38959451947474305	0.3936065865898699	0.00017154040381714514
R905S	missense	295	256	203	207	159	37	25	200	173	190	129	36	30	145	219	120	250	0.0009295314658962442	0.0007563339287868933	0.0007874319681939245	0.0006884430925658075	0.0004140968934968671	0.0006180871828236825	0.00033588259611409674	0.0006157126184327817	0.0007110631620243233	0.0006289763821015056	0.0005583952579356556	0.00047171014049312833	0.00041015599158518673	0.0005481920925168025	0.0007882112262775292	0.0005268680957419479	0.00047303333094617973	0.5718268205165148	0.0006615764707608731	0.14316338002598558	0.6123695323440772	0.0006285368551235665	0.6673538566154837	0.5989535576325832	0.0005840761863706148	0.5961665950237544	-0.26486223650007035	0.19885499358873493	-0.06072615236850718	0.6929434908840572	0.4688946105550746	0.44589924223639604	0.0006247298374183514
R905I	missense	163	106	107	132	201	20	35	112	45	130	103	16	25	53	82	67	99	0.0005150106770506218	0.0003148938925299517	0.00041687574786737175	0.0004402064005348673	0.0005227973280397947	0.00034157449577098246	0.00046506821000413394	0.00034614689493982253	0.0001879822152478096	0.0004313921782999855	0.00044671620634852453	0.00021673168617251842	0.0003440017993940276	0.00020275597942402283	0.00029737059900470416	0.0002960911612434087	0.00018845949440086842	0.6727232657654328	0.00042369334224299636	1.1110390043097467	0.6732494887785792	0.0003530593737090356	1.1419476185374	0.6193929732375273	0.00024616930851825106	0.7635802038965306	0.13403121817928978	1.1064993842933386	0.20063830445675926	1.1217689900920325	1.0055222755812256	1.1141341871926855	0.000340974008156761
R905T	missense	165	282	224	182	41	26	15	241	99	108	42	36	6	138	138	60	104	0.0005212912950634342	0.0008328502017380966	0.0008684911413903579	0.0006056975285554942	0.00010870043454292761	0.000439167208848406	0.00020669698222405952	0.0007413057396056376	0.0004086569896691513	0.0003589446369060948	0.00018469996993256303	0.00047171014049312833	9.261586906762282e-05	0.0005219089099988735	0.000498006183875348	0.0002656111887624696	0.00019788246912091185	0.4989908054160056	0.000603934826556719	-0.5555352055567679	0.49808675208266384	0.00042340183402836173	-0.2235451811575152	0.5235045156704402	0.00037085218793940077	-0.021815672425248404	-0.32729576935714066	0.056793384843757996	-0.706989806188523	-0.36739324095632	-0.26696535304651053	-0.15529992805628098	0.00046606294950816046
R905D	missense	117	21	25	31	88	4	5	53	25	48	44	3	3	38	45	44	88	0.0003705564627559352	6.47445386510181e-05	0.00010035897633844135	0.00010591432193320116	0.00023034139700763232	8.132726089785297e-05	7.751136833402232e-05	0.0001654153303252249	0.00010625081731397933	0.00016136043310457473	0.0001932906662084962	5.099569086412198e-05	5.292335375292732e-05	0.00014643487402846094	0.00016480780185802884	0.00019594268023460871	0.0001677289500167729	0.7502460029325118	0.00012533980848257323	1.8546962010193306	0.6526887679757166	0.0001565793117380688	0.9816651478336813	0.6425979945671255	0.00016872857653446783	0.9536461255375625	-0.020870741806453322	0.7540346009260032	0.01611387786421517	0.8190163499252244	1.2633358247968582	0.7865254754256138	0.00015021589891836995
R905C	missense	155	90	71	125	104	29	26	73	45	120	65	19	8	62	101	70	113	0.0004898882049993719	0.0002678069553292113	0.0002779171652449145	0.00041703764261197956	0.000271751086357319	0.00048796356538711777	0.00034880115750310044	0.00022668026748271563	0.0001879822152478096	0.0003984614776663988	0.00028349297710579443	0.0002549784543206099	0.00011907754594408647	0.00023654864266135997	0.0003654433867286726	0.00030915400659238263	0.00021484382361699	0.640284659704759	0.0003086282123858561	0.7998631644234909	0.6684196046792868	0.00027415423437567965	1.1042959348211658	0.6115225432278102	0.00028149746489985133	0.6991156851072253	-0.14580947841475328	0.4697483030838967	-0.33067360836044113	0.2500357061692639	0.8677582614506273	0.35989200462658033	0.00028809330388712906
R905N	missense	120	123	68	66	26	17	14	76	43	52	26	12	6	34	58	37	41	0.00037997738977515387	0.0003649237633057384	0.00026633728335970973	0.00022175811154763993	6.987885077759632e-05	0.00029277813923227067	0.0001937784208350558	0.00023587000805633924	0.00017980907545442657	0.0001745327133580094	0.00011597439972509772	0.00016573599530839644	9.261586906762282e-05	0.00013141591258964444	0.00021138391977442827	0.00016546270775366956	7.915298764836473e-05	0.49907683455546925	0.0002307245022476711	-0.5547099484641166	0.5603989095137979	0.0001765465491484682	0.2622133991813002	0.5818640133638687	0.00014685388194152677	0.45619085719862285	-0.17923323390170298	0.39369570350339567	-0.25273143442836477	0.3779168727661536	0.05456476930526882	0.38580628813477463	0.00018470831111255535
R905P	missense	92	55	40	44	43	5	5	74	45	45	51	11	4	46	54	47	104	0.0002920487375957794	0.00016480428020259155	0.0001582583857644652	0.00014894201521856415	0.00011387664571163845	9.759271307742355e-05	7.751136833402232e-05	0.00022974351434059016	0.0001879822152478096	0.00015148122291449873	0.00022335810317426226	0.00015298707259236595	6.615419219115915e-05	0.00017647279690609393	0.0001970528065693823	0.0002090055255835826	0.00019788246912091185	0.5904155059700371	0.00014647033172431482	0.32148022254264813	0.6162219783357814	0.00019814126391929016	0.6973858563553479	0.6372021412486149	0.00019510339954499268	0.9094501810712486	-0.10005198785407812	0.5738651522146996	-0.3640973638473909	0.19519673224681222	0.6427720866564148	0.3845309422307559	0.0001799049983961992
R905K	missense	101	59	56	137	91	5	32	30	14	69	51	5	34	38	33	49	88	0.0003203115186534355	0.00017657601450277665	0.00022001775581889066	0.00045675551333693	0.0002381057137606986	9.759271307742355e-05	0.0004263125258371228	9.49606525941106e-05	6.129854845037269e-05	0.00023051490443510677	0.00022335810317426226	7.649353629618297e-05	0.0004630793453381141	0.00014643487402846094	0.00012181446224289088	0.00021771408914956524	0.0001677289500167729	0.6732528890664317	0.000272863749354824	1.1161195547872664	0.7385837241219392	0.00015253305216346308	1.651265008855449	0.6555537170225951	0.0001634230938594225	1.0597628704458455	0.6403107016401658	2.258490543590406	0.7820306718308472	2.075670202228074	1.2757158113628535	2.16708037290924	0.00019627329845923653
F906L	missense	84	101	53	63	75	15	10	57	52	51	44	10	8	72	80	50	133	0.0002669262655445296	0.0003001792246547203	0.00020843787393368587	0.0002118286438664023	0.00019669602441101187	0.0002602472348731295	0.00014210417527904092	0.00017766831775672305	0.00021658820452465018	0.00017123964329465073	0.0001932906662084962	0.00014023814987633546	0.00011907754594408647	0.00027409604625840123	0.0002902050424021812	0.00022206837093255652	0.0002525357224971637	0.583150031721959	0.00022928544171645508	0.2517842545010823	0.6252501499864179	0.00018969670794613004	0.7677655707620445	0.6090195182097724	0.00025972629552257565	0.6786140983951674	-0.2627792853517779	0.2035945522445144	-0.07103629785468504	0.6760274444609092	0.5660546412194314	0.4398109983527118	0.0002262361483950536
F906I	missense	35	153	73	63	49	17	12	126	68	49	24	27	4	105	110	30	53	0.0001130511242306243	0.00045321177055712675	0.00028563708650171767	0.0002118286438664023	0.00012940527921777097	0.00029277813923227067	0.00016794129805704837	0.00038903235095006603	0.0002819733228717144	0.0001646535031679334	0.00010738370344916456	0.00035696983604885385	6.615419219115915e-05	0.0003980024781286374	0.0003976883914400261	0.00013498273527273044	0.00010176812697646895	0.504033818533453	0.0002700206950357544	-0.5071587790406622	0.49745201382589027	0.00023576072010971958	-0.22849332558403135	0.4855964053297627	0.0002581104329544657	-0.3323105358960565	-0.24138114065054747	0.2522840099975102	-0.7320741491419852	-0.40854958646704054	-0.35598754684025	-0.07813278823476516	0.0002546306160333132
F906S	missense	76	71	68	43	66	11	21	45	34	32	45	8	19	40	41	23	125	0.00024180379349327975	0.00021189121740333198	0.00026633728335970973	0.0001456321926581516	0.0001734030741518131	0.0001951854261548471	0.00028420835055808184	0.00014090935546222862	0.00014302994638420297	0.00010867131209083605	0.00019758601434646277	0.00011474030444427445	0.0002646167687646366	0.0001539443547478692	0.00015047668865298284	0.0001045027627917913	0.0002374589629450942	0.5879718654506507	0.0001993159418932516	0.29803895969744837	0.6537343522178919	0.00014754915707093262	0.989816069548517	0.664560518259826	0.0001615956922844344	1.1335350921506513	0.16318944692050327	1.1728461805352515	0.36290136408887147	1.3879969936811851	0.8071300404655389	1.2804215871082183	0.00016948693041620618
F906G	missense	47	54	32	47	29	14	11	45	27	25	37	25	8	26	41	24	73	0.00015073483230749907	0.00016186134662754526	0.00012737870073725247	0.00015887148289980173	7.764316753066258e-05	0.00024398178269355888	0.00015502273666804465	0.00014090935546222862	0.00011442395710736236	8.561982164732537e-05	0.00016322322924273012	0.00033147199061679287	0.00011907754594408647	0.00010137798971201142	0.00015047668865298284	0.00010885704457478262	0.00013946002585664264	0.5724180268727188	0.0001314386744488155	0.14883468211873827	0.6344553931534417	0.0001260440908649116	0.8395256579878619	0.643150381476577	0.00012504293719910488	0.9581705741711614	-0.19696200086213458	0.3533555683194792	-0.4446169606672779	0.0630867402389969	0.6488436380925872	0.20822115427923804	0.00012750856750427732
F906T	missense	41	34	25	46	13	3	8	31	28	68	25	2	3	20	36	30	43	0.00013189297826906167	0.00010300267512661972	0.00010035897633844135	0.0001555616603393892	3.623347818097587e-05	6.506180871828237e-05	0.00011626705250103349	9.802389945198513e-05	0.00011851052700405388	0.0002272218343717481	0.00011167905158713113	3.824676814809149e-05	5.292335375292732e-05	7.884954755378666e-05	0.00013256279714667535	0.00013498273527273044	8.292217753638211e-05	0.5790989454966295	9.878919749635653e-05	0.21292314695963363	0.6586845624566001	0.00013885882810372955	1.028405763711989	0.6292619495890853	0.00010732931437739364	0.8444142638730185	0.2521305302572843	1.3752232174277472	0.14105261447251513	1.0240056462788847	0.6952477248482136	1.199614431853316	0.00011499244665915992
F906_	nonsense	45	6	19	33	17	3	1	25	19	17	13	8	2	20	32	15	32	0.0001444542142946866	2.0600535025323943e-05	7.719921256803181e-05	0.00011253396705402623	4.658590051839755e-05	6.506180871828237e-05	2.583712277800744e-05	7.964441830473792e-05	8.173139793383026e-05	5.9275261140456025e-05	6.013487393153215e-05	0.00011474030444427445	3.9692515314695496e-05	7.884954755378666e-05	0.00011823168394162938	6.966850852786088e-05	6.219163315228658e-05	0.6801197944209678	6.422990379144488e-05	1.1819921461409293	0.5889472837160306	7.019648782763909e-05	0.4847641548469818	0.5875552884747347	8.223534329389087e-05	0.502806519985352	-0.4010819835180594	-0.11110017823393115	-0.4610073768554472	0.036194681198172096	0.7231876069910878	-0.037452748517879525	7.222057830432494e-05
F906A	missense	41	10	4	11	19	0	13	10	8	14	29	0	7	6	14	20	69	0.00013189297826906167	3.237226932550905e-05	1.9299803142007953e-05	3.9717870724950433e-05	5.176211168710839e-05	1.6265452179570593e-05	0.0001808598594460521	3.369571543661989e-05	3.677912907022362e-05	4.939605095038002e-05	0.00012886044413899745	1.2748922716030496e-05	0.00010584670750585465	2.6283182517928884e-05	5.3741674518922446e-05	9.14399174428174e-05	0.0001319216460806079	0.6936224821692666	3.578801371989396e-05	1.3115202212049366	0.7748158155659179	6.218283489905524e-05	1.9337146948895818	0.7711064213738753	7.584660514006915e-05	2.0062231618926014	1.04607604782416	3.181771274537106	0.9192038648561588	2.3007327975462935	1.7504860259957067	2.7412520360416996	5.793915125300612e-05
F906N	missense	46	52	17	31	6	5	3	12	20	18	21	6	2	19	17	11	24	0.00014759452330109283	0.0001559754794774527	6.947929131122863e-05	0.00010591432193320116	1.8116739090487936e-05	9.759271307742355e-05	5.167424555601488e-05	3.982220915236896e-05	8.581796783052178e-05	6.256833120381469e-05	9.449765903526481e-05	8.924245901221346e-05	3.9692515314695496e-05	7.509480719408253e-05	6.449000942270693e-05	5.225138139589565e-05	4.7114873600217106e-05	0.4901085551225583	8.737145795309262e-05	-0.6407405220236244	0.687245154750837	7.067654180549256e-05	1.2510517663290057	0.574687174366278	5.973776790322555e-05	0.39740735085439527	-0.2761432469097594	0.17318611960817545	-0.3518629074303792	0.21527003121137167	0.33590619838659225	0.19422807540977355	7.259525588727024e-05
F906H	missense	23	26	20	24	7	4	2	64	40	30	4	3	0	33	48	14	25	7.536741615374953e-05	7.94592065262495e-05	8.10591731964334e-05	8.274556401031341e-05	2.0704844674843356e-05	8.132726089785297e-05	3.875568416701116e-05	0.0001991110457618448	0.00016754936576435204	0.00010208517196411871	2.1476740689832912e-05	5.099569086412198e-05	1.323083843823183e-05	0.0001276611722299403	0.00017555613676181332	6.531422674486956e-05	4.899946854422579e-05	0.5423308065163125	6.59921971019599e-05	-0.1397848734421859	0.47242455629265184	0.0001225555810450371	-0.42359654046263445	0.5213469127069901	0.00010438275107021225	-0.03948800247652491	-0.3219007374704345	0.06906927047737274	-0.5859461134637473	-0.16879461515548824	-0.2009564721271151	-0.04986267233905775	9.764350973906976e-05
F906V	missense	91	106	98	81	46	28	13	113	58	60	41	17	10	55	60	34	94	0.0002889084285893732	0.0003148938925299517	0.00038213610221175744	0.000271405449953828	0.0001216409624647047	0.0004716981132075472	0.0001808598594460521	0.00034921014179769704	0.00024110762390479928	0.00020087727386487874	0.00018040462179459645	0.0002294806088885489	0.00014553922282055013	0.00021026546014343107	0.00021854947637695127	0.00015239986240469565	0.000179036519680825	0.5458209812268499	0.00027251910179006047	-0.10630445677847822	0.5546717913009893	0.0002428999153404929	0.2175672670752009	0.5987198030032407	0.00019006282965147573	0.5942519754061817	-0.41632195007479617	-0.14577728310361807	-0.1977659420808659	0.4680997728491833	0.23517159523430145	0.1611612448727826	0.00023516061559400968
F906D	missense	31	41	31	27	8	7	3	45	35	29	6	5	4	18	57	24	10	0.00010048988820499937	0.00012360321015194366	0.0001235187401088509	9.267503169155101e-05	2.3292950259198775e-05	0.00013012361743656474	5.167424555601488e-05	0.00014090935546222862	0.00014711651628089448	9.879210190076005e-05	3.0067436965766077e-05	7.649353629618297e-05	6.615419219115915e-05	7.134006683437841e-05	0.00020780114147316678	0.00010885704457478262	2.0730544384095528e-05	0.5107808842031473	9.077248305288608e-05	-0.44243578130741024	0.5108048998067086	0.00010422135265241232	-0.12440001209802538	0.5483071336279706	0.00010218219931660584	0.1813357220186555	-0.4010819835180594	-0.11110017823393115	-0.06306736818340972	0.6891022147871685	-0.1285000237955934	0.28900101827661867	9.905867834063475e-05
F906Y	missense	43	43	44	24	34	5	3	30	31	17	9	2	0	36	16	24	47	0.00013817359628187414	0.0001294890773020362	0.00017369822827807157	8.274556401031341e-05	9.058369545243968e-05	9.759271307742355e-05	5.167424555601488e-05	9.49606525941106e-05	0.0001307702366941284	5.9275261140456025e-05	4.2953481379665825e-05	3.824676814809149e-05	1.323083843823183e-05	0.00013892539330905267	6.090723112144544e-05	0.00010885704457478262	9.046055731241685e-05	0.5705242416919262	0.00011912914126071522	0.13066805088017472	0.5382833483413466	8.198990795209021e-05	0.0898100666470531	0.5944837030923381	9.978755657942439e-05	0.559555250835529	-0.2761432469097594	0.17318611960817545	-0.4610073768554473	0.036194681198171916	0.2600111227875856	0.10469040040317368	0.00010030220193074327
F906P	missense	42	56	41	39	16	17	3	49	50	26	11	15	3	44	56	17	48	0.0001350332872754679	0.00016774721377763784	0.0001621183463928668	0.00013239290241650144	4.399779493404213e-05	0.00029277813923227067	5.167424555601488e-05	0.00015316234289372677	0.00020841506473126716	8.891289171068403e-05	5.1544177655598985e-05	0.00020398276345648793	5.292335375292732e-05	0.0001689633161866857	0.0002042183631719053	7.837707209384348e-05	9.234515225642552e-05	0.5259953717731377	0.00012656406438026204	-0.2964868173113776	0.5193407554202846	0.00012550861924781923	-0.05785818020253649	0.5432539920095797	0.000135975975927215	0.13994683444814165	-0.7532645016294218	-0.9124582434469789	-0.5859461134637473	-0.16879461515548824	-0.07146605435525748	-0.5406264293012336	0.00012934955318509876
F906K	missense	26	66	44	50	39	10	21	26	27	51	30	5	11	26	11	19	39	8.478834317296822e-05	0.0001971765495281006	0.00017369822827807157	0.00016880095058103935	0.00010352422337421678	0.0001789199739752765	0.00028420835055808184	8.270766516261246e-05	0.00011442395710736236	0.00017123964329465073	0.00013315579227696404	7.649353629618297e-05	0.00015877006125878198	0.00010137798971201142	4.299333961513795e-05	8.708563565982608e-05	7.538379776034737e-05	0.569446852146082	0.0001607999879403571	0.12033290897593732	0.6768815645825264	0.0001253817644603974	1.1702617077768591	0.6111938650576993	7.671019068683071e-05	0.6964235729803675	0.20097800780990308	1.2588304826633299	0.31714387352819634	1.3129218324655807	0.6623393965777212	1.2858761575644553	0.00012096398102919507
F906R	missense	77	45	19	17	26	2	4	26	22	38	18	7	2	19	17	23	81	0.00024494410249968596	0.00013537494445212876	7.719921256803181e-05	5.957680608742565e-05	6.987885077759632e-05	4.8796356538711774e-05	6.45928069450186e-05	8.270766516261246e-05	9.39911076239048e-05	0.00012842973247098805	8.161161462136506e-05	0.00010199138172824396	3.9692515314695496e-05	7.509480719408253e-05	6.449000942270693e-05	0.0001045027627917913	0.0001545367854087121	0.5467499912244204	8.550745347129564e-05	-0.09739268462291706	0.6350682834616103	9.66850299697176e-05	0.844303485273467	0.7122810070643034	9.965609120432322e-05	1.5244004379288352	0.1217967617622782	1.0786610339520262	-0.40985485440806596	0.12012157103120802	0.7571037461931284	0.5993913024916171	9.39495248817788e-05
F906Q	missense	18	12	6	17	13	5	2	17	6	9	5	0	0	9	9	16	21	5.966587112171838e-05	3.825813647560161e-05	2.7019724398811132e-05	5.957680608742565e-05	3.623347818097587e-05	9.759271307742355e-05	3.875568416701116e-05	5.513844344174164e-05	2.860598927684059e-05	3.293070063358668e-05	2.5772088827799493e-05	1.2748922716030496e-05	1.323083843823183e-05	3.754740359704126e-05	3.582778301261496e-05	7.402279031085218e-05	4.1461088768191055e-05	0.6455501674108751	4.0272036285703564e-05	0.8503739286595852	0.5514864986457585	3.56118055449921e-05	0.1927361056781878	0.6580511422827309	4.721476642217487e-05	1.0802185910873017	-0.40108198351805935	-0.11110017823393102	0.01611387786421517	0.8190163499252244	0.7077762084750249	0.3539580858456467	4.103286941762351e-05
F906F	silent	61	119	63	72	23	12	3	109	72	41	16	14	5	59	60	28	53	0.0001946991583971863	0.0003531520290055533	0.0002470374802177018	0.00024161704691011516	6.211453402453006e-05	0.0002114508783344177	5.167424555601488e-05	0.0003369571543661989	0.00029831960245848047	0.00013830894266106405	7.30209183454319e-05	0.00019123384074045744	7.938503062939099e-05	0.0002252844215822476	0.00021854947637695127	0.00012627417170674784	0.00010176812697646895	0.5035108390798262	0.00022598027253947507	-0.5121755966690517	0.48446551978620334	0.00021165165445779382	-0.32973040624952754	0.5388933275950943	0.00016796904916060394	0.10422983642714659	-0.6119353488329525	-0.5908771012297898	-0.38182613080782246	0.1661088163362278	-0.2458920554971442	-0.212384142446781	0.00020186699205262428
F906M	missense	39	19	13	24	29	1	3	13	7	25	23	5	0	11	5	6	39	0.00012561236025624922	5.8858671500925554e-05	5.4039448797622264e-05	8.274556401031341e-05	7.764316753066258e-05	3.2530904359141185e-05	5.167424555601488e-05	4.2885456010243496e-05	3.26925591735321e-05	8.561982164732537e-05	0.00010308835531119797	7.649353629618297e-05	1.323083843823183e-05	4.505688431644952e-05	2.1496669807568976e-05	3.047997248093913e-05	7.538379776034737e-05	0.6639058249277987	6.832171295988095e-05	1.0264553895524984	0.7354559977592938	6.607154803557474e-05	1.6268826093327555	0.6974724468473855	4.3104331091326243e-05	1.4031076105779219	0.200978007809903	1.2588304826633299	-0.7620373725194285	-0.45771080134218445	1.3521485364877253	0.4005598406605727	5.916586402892731e-05
F906E	missense	27	14	18	16	9	5	0	12	11	9	2	0	0	10	13	1	7	8.792865217937445e-05	4.414400362569416e-05	7.333925193963022e-05	5.6266983527013114e-05	2.5881055843554195e-05	9.759271307742355e-05	1.291856138900372e-05	3.982220915236896e-05	4.9038838760298155e-05	3.293070063358668e-05	1.2886044413899746e-05	1.2748922716030496e-05	1.323083843823183e-05	4.1302143956745394e-05	5.0158896217660946e-05	8.70856356598261e-06	1.5076759552069474e-05	0.5800038536154151	4.990782373397293e-05	0.22160371551909308	0.5350476865822329	3.366944824003838e-05	0.06458624954040364	0.49470685838382655	2.8811590823114607e-05	-0.2576893307830348	-0.8782032382377217	-1.1967445412890854	0.01611387786421517	0.8190163499252244	0.009500211425487312	-0.18886409568193047	3.746295426570864e-05
F906C	missense	6	0	0	2	6	2	0	0	1	0	0	1	0	2	11	2	4	2.198216304484361e-05	2.942933575046278e-06	3.85996062840159e-06	9.929467681237608e-06	1.8116739090487936e-05	4.8796356538711774e-05	1.291856138900372e-05	3.0632468578745355e-06	8.173139793383025e-06	3.293070063358668e-06	4.295348137966582e-06	2.549784543206099e-05	1.323083843823183e-05	1.126422107911238e-05	4.299333961513795e-05	1.3062845348973913e-05	9.422974720043421e-06	0.8100511281335296	8.712275243793353e-06	2.428392556193195	0.617139587242615	4.706201213145702e-06	0.7045391378057991	0.5672519685236151	1.9185845190816918e-05	0.3365076330302198	-0.5771732425737406	-0.511779210840455	-0.284916117799766	0.32511086738486816	1.1564797756764047	-0.0933341717277934	1.0868107215918657e-05
F906W	missense	7	2	0	0	1	0	0	0	0	1	2	0	0	2	0	0	2	2.5122472051249842e-05	8.828800725138832e-06	3.85996062840159e-06	3.309822560412536e-06	5.176211168710839e-06	1.6265452179570593e-05	1.291856138900372e-05	3.0632468578745355e-06	4.086569896691513e-06	6.586140126717336e-06	1.2886044413899746e-05	1.2748922716030496e-05	1.323083843823183e-05	1.126422107911238e-05	3.582778301261496e-06	4.354281782991305e-06	5.653784832026053e-06	0.5570660088306193	5.293698770665949e-06	0.0015664209837210755	0.7751012383687962	6.655500323795782e-06	1.9359397273910754	0.5442327367864006	6.213766498847809e-06	0.1479634626345823	-0.10005198785407819	0.5738651522146992	0.01611387786421517	0.8190163499252244	0.6951565370031263	0.6964407510699618	6.054321864436514e-06
N907R	missense	83	149	108	134	65	13	21	156	94	86	68	21	24	114	157	65	131	0.00026378595653812334	0.00044144003625694165	0.0004207357084957733	0.0004468260456556924	0.0001708149685674577	0.0002277163305139883	0.00028420835055808184	0.00048092975668630205	0.00038822414018569373	0.00028649709551220413	0.00029637902151969416	0.0002804762997526709	0.00033077096095579576	0.00043179514136597454	0.0005660789715993164	0.0002873825976774261	0.00024876653260914633	0.5586248169627815	0.00036995418974396623	0.016519696991939194	0.5685807762324351	0.0003630075034759735	0.3259956870303292	0.5575481048092188	0.00038350581081296584	0.25702596506884656	0.09624265728989004	1.0205150821652602	0.0716312057140465	0.9101046567251537	0.199847116363705	0.9653098694452069	0.0003721558346776352
N907V	missense	69	54	45	75	267	18	26	43	18	91	145	17	41	41	36	68	184	0.0002198216304484361	0.00016186134662754526	0.00017755818890647314	0.00025154651459135277	0.0006936122966072523	0.00030904359141184127	0.00034880115750310044	0.00013478286174647955	7.764482803713875e-05	0.00030296244582899746	0.000627120828143121	0.0002294806088885489	0.0005556952144057369	0.00015769909510757332	0.00013256279714667535	0.0003004454430264	0.00034865006464160657	0.7874308454861652	0.0003211445866831559	2.2114015597831624	0.811248925719908	0.0002856277409389342	2.2177314356883415	0.7235694521785758	0.00023483934998056382	1.61686097455423	0.0525581753520802	0.921115168412448	0.3840906631588096	1.4227626686390773	2.0153313233419112	1.1719389185257627	0.00028053722586755125
N907P	missense	48	42	60	66	57	13	10	59	20	33	31	14	3	30	45	31	74	0.00015387514131390528	0.00012654614372698995	0.000235457598332497	0.00022175811154763993	0.00015011012389261433	0.0002277163305139883	0.00014210417527904092	0.00018379481147247213	8.581796783052178e-05	0.00011196438215419471	0.00013745114041493063	0.00019123384074045744	5.292335375292732e-05	0.00011639695115082791	0.00016480780185802884	0.00013933701705572175	0.00014134462080065132	0.6347074924951805	0.0001834679943749353	0.7463627246271389	0.5978134770199958	0.0001297570754680298	0.5538811562460019	0.635983586929187	0.00014047159771630744	0.8994693391447515	-0.20478733837409116	0.33554975171662976	-0.5579173898635037	-0.12280736985046839	0.733237740005964	0.10637119093308069	0.00015123222251975753
N907K	missense	36	29	33	30	47	4	3	11	16	22	18	1	0	16	14	20	47	0.00011619143323703052	8.828800725138832e-05	0.00013123866136565408	0.00010260449937278863	0.00012422906804906013	8.132726089785297e-05	5.167424555601488e-05	3.6758962294494424e-05	6.947168824375573e-05	7.574061145724937e-05	8.161161462136506e-05	2.549784543206099e-05	1.323083843823183e-05	6.383058611497015e-05	5.3741674518922446e-05	9.14399174428174e-05	9.046055731241685e-05	0.6471763202696136	0.00011159005900972279	0.8659732266274112	0.691784915052926	6.589571915421615e-05	1.286441770628864	0.674081328039531	7.48681838472817e-05	1.2115174158833362	-0.19696200086213458	0.3533555683194792	-0.284916117799766	0.32511086738486816	1.1213108043798705	0.33923321785217364	8.411798733707356e-05
N907H	missense	25	65	31	24	31	5	3	41	23	12	11	9	3	24	34	6	26	8.164803416656198e-05	0.00019423361595305433	0.0001235187401088509	8.274556401031341e-05	8.281937869937342e-05	9.759271307742355e-05	5.167424555601488e-05	0.00012865636803073048	9.807767752059631e-05	4.2809910823662684e-05	5.1544177655598985e-05	0.00012748922716030494	5.292335375292732e-05	9.386850899260315e-05	0.00012539724054415238	3.047997248093913e-05	5.0884063488234475e-05	0.5280099148083652	0.00012082932469289802	-0.2771617846696726	0.51342458368649	8.027203350764712e-05	-0.10397809164397166	0.5319159912915947	7.515744637648228e-05	0.04708040155752368	-0.2761432469097594	0.17318611960817545	-0.38182613080782246	0.1661088163362278	-0.11135315825204019	0.16964746797220162	9.208626819234248e-05
N907L	missense	96	40	43	51	190	12	39	54	16	71	86	20	41	50	43	48	91	0.0003046099736214043	0.00012066027657689738	0.00016983826764966996	0.00017211077314145188	0.0004943281666118851	0.0002114508783344177	0.0005167424555601488	0.00016847857718309945	6.947168824375573e-05	0.0002371010445618241	0.0003736952880030926	0.0002677273770366404	0.0005556952144057369	0.00019149175834491045	0.00015764224525550584	0.00021335980736657392	0.00017338273484879895	0.7717279987461979	0.0002392343709949761	2.060767882313331	0.7403582663293399	0.00021218664949794295	1.6650985710197976	0.6252361964840841	0.0001839691364539473	0.8114404319022058	0.3880646511670474	1.6845284740113216	0.31714387352819634	1.3129218324655807	1.5124356284117784	1.4987251532384511	0.00021179671898228876
N907G	missense	51	56	39	45	40	22	8	73	43	48	58	23	18	54	55	53	132	0.00016329606833312397	0.00016774721377763784	0.00015439842513606362	0.00015225183777897667	0.00010611232895857219	0.0003741054001301236	0.00011626705250103349	0.00022668026748271563	0.00017980907545442657	0.00016136043310457473	0.00025342554014002835	0.0003059741451847319	0.0002513859303264048	0.00020651071978372695	0.00020063558487064378	0.00023513121628153044	0.000250651127553155	0.5847226351748618	0.0001451274514128126	0.26686986574312355	0.6344041508378314	0.00020531882904543632	0.8391261950979495	0.6483664883249091	0.00022323216212226404	1.0008942649372539	-0.5075373144323461	-0.35332923171043645	-0.0853437628945619	0.6525529219009131	0.7022967752594423	0.1496118450952383	0.00019122614752683763
N907T	missense	33	12	3	7	26	0	6	16	12	31	30	3	5	8	20	19	54	0.00010677050621781183	3.825813647560161e-05	1.543984251360636e-05	2.647858048330029e-05	6.987885077759632e-05	1.6265452179570593e-05	9.042992972302605e-05	5.20751965838671e-05	5.312540865698967e-05	0.00010537824202747737	0.00013315579227696404	5.099569086412198e-05	7.938503062939099e-05	3.379266323733714e-05	7.523834432649142e-05	8.708563565982608e-05	0.00010365272192047764	0.7132181461327919	3.751385256252614e-05	1.4994967692900658	0.7324573909835896	8.593365988632454e-05	1.6035067701641275	0.7173324283304814	7.494234128603307e-05	1.5657752345694484	0.7450460521601787	2.4968059440884756	0.19220513691989644	1.1079325361119206	1.556259591341214	1.802369240100198	6.612995124496126e-05
N907M	missense	26	4	19	9	7	1	2	9	5	20	19	2	2	10	21	20	13	8.478834317296822e-05	1.4714667875231389e-05	7.719921256803181e-05	3.309822560412536e-05	2.0704844674843356e-05	3.2530904359141185e-05	3.875568416701116e-05	3.063246857874535e-05	2.4519419380149078e-05	6.915447133053203e-05	8.590696275933165e-05	3.824676814809149e-05	3.9692515314695496e-05	4.1302143956745394e-05	7.882112262775292e-05	9.14399174428174e-05	2.6384329216121578e-05	0.602584577124043	3.642923768055798e-05	0.43821523051125905	0.7501458116694234	5.2553330512189526e-05	1.7413980336833268	0.6081188352376629	5.9486878310859324e-05	0.6712368528943399	0.07603927120160313	0.9745441848212235	0.01611387786421517	0.8190163499252244	0.9502833723629753	0.8967802673732239	4.948981550120227e-05
N907E	missense	40	20	17	26	184	10	14	24	12	41	71	21	12	24	16	35	106	0.00012875266926265546	6.180160507597183e-05	6.947929131122863e-05	8.936520913113848e-05	0.0004787995331057526	0.0001789199739752765	0.0001937784208350558	7.658117144686338e-05	5.312540865698967e-05	0.00013830894266106405	0.0003092650659335939	0.0002804762997526709	0.0001720008996970138	9.386850899260315e-05	6.090723112144544e-05	0.00015675414418768696	0.0002016516590089292	0.8521226725370059	0.0001748614096560229	2.831974884625457	0.7945958674165026	0.00014432014717462776	2.0879114086943806	0.7271072290545753	0.00012829538582766618	1.6458379279879893	0.03464658604337805	0.8803590382379981	-0.21236545065115434	0.44414608906642417	2.1885747404359424	0.6622525636522112	0.00014915898088610564
N907I	missense	46	123	49	77	105	6	16	38	19	37	44	18	17	38	30	21	86	0.00014759452330109283	0.0003649237633057384	0.0001929980314200795	0.00025816615971217783	0.00027433919194167443	0.00011385816525699414	0.00021961554361306325	0.00011946662745710689	8.173139793383026e-05	0.00012513666240762937	0.0001932906662084962	0.00024222953160457942	0.00023815509188817295	0.00014643487402846094	0.00011106612733910638	9.57941992258087e-05	0.00016395976012875552	0.601318272788102	0.00027260678659491756	0.42606787391550954	0.6887183546485415	0.00012990633850176568	1.2625361944144091	0.6340145897623456	0.0001293137401805329	0.8833418270899814	0.2852988935099389	1.45069469609446	-0.007367217985307764	0.7804904815958756	0.8573152984733	1.1155925888451679	0.00017727562175907206
N907D	missense	48	7	12	25	25	3	4	15	8	11	12	0	2	7	13	10	49	0.00015387514131390528	2.3543468600370222e-05	5.017948816922067e-05	8.605538657072594e-05	6.729074519324091e-05	6.506180871828237e-05	6.45928069450186e-05	4.901194972599257e-05	3.677912907022362e-05	3.9516840760304014e-05	5.5839525793565566e-05	1.2748922716030496e-05	3.9692515314695496e-05	3.003792287763301e-05	5.0158896217660946e-05	4.789709961290435e-05	9.422974720043421e-05	0.7169971809347684	5.676727213338944e-05	1.5357481521720835	0.6410231626838041	4.5286861337521435e-05	0.8907251435230447	0.7320025966341902	5.558091647715813e-05	1.6859345319762113	-0.0031419748460217757	0.7943747361099195	0.49323513258387763	1.6018380186522772	1.37080260922378	1.1981063773810983	5.254501664935633e-05
N907S	missense	46	25	20	68	150	8	18	15	25	55	59	4	12	45	19	45	98	0.00014759452330109283	7.651627295120322e-05	8.10591731964334e-05	0.000228377756668465	0.0003908039432376683	0.00014638906961613534	0.0002454526663910707	4.901194972599257e-05	0.00010625081731397933	0.0001844119235480854	0.0002577208882779949	6.374461358015247e-05	0.0001720008996970138	0.0001727180565463898	7.165556602522992e-05	0.0002002969620176	0.00018657489945685975	0.8004379730958987	0.0001941892865134425	2.336175844192795	0.7723663236734525	0.00014934889471651306	1.9146195174268135	0.6587055727576807	0.00015781137101151987	1.0855788503865536	0.22445910365942592	1.312259499072105	0.43108722583503317	1.499870798395848	1.7787914040020543	1.4060651487339766	0.00016711651741382514
N907W	missense	27	29	8	12	19	3	3	15	14	7	15	2	8	12	13	15	24	8.792865217937445e-05	8.828800725138832e-05	3.4739645655614314e-05	4.302769328536297e-05	5.176211168710839e-05	6.506180871828237e-05	5.167424555601488e-05	4.901194972599257e-05	6.129854845037269e-05	2.6344560506869343e-05	6.872557020746531e-05	3.824676814809149e-05	0.00011907754594408647	4.881162467615364e-05	5.0158896217660946e-05	6.966850852786088e-05	4.7114873600217106e-05	0.5668724054254078	5.4454364469868495e-05	0.0956368533239218	0.639720761173749	5.134515722267498e-05	0.8805721856631809	0.6333540545967129	5.393847575547314e-05	0.8779315659551573	-0.10005198785407819	0.5738651522146992	0.4932351325838776	1.6018380186522772	0.6180468683140866	1.0878515854334883	5.324599914933887e-05
N907N	silent	35	15	10	21	71	0	14	24	10	36	48	6	5	8	17	31	68	0.0001130511242306243	4.7086937200740445e-05	4.245956691241749e-05	7.28160963290758e-05	0.0001863436020735902	1.6265452179570593e-05	0.0001937784208350558	7.658117144686338e-05	4.4952268863606643e-05	0.00012184359234427071	0.00021047205876036253	8.924245901221346e-05	7.938503062939099e-05	3.379266323733714e-05	6.449000942270693e-05	0.00013933701705572175	0.00013003705113659922	0.785638999536749	8.717655062895598e-05	2.1942128073684177	0.7568070242051705	0.00011346227285377582	1.7933259604009295	0.7486140028630669	9.191418521309127e-05	1.8219939731549146	1.0760392712016031	3.249949760062335	-0.050832911766397974	0.709175513751728	1.9365109136414207	1.9795626369070314	9.751766956527437e-05
N907_	nonsense	11	13	13	9	0	1	0	28	17	7	3	2	0	21	31	5	0	3.768370807687477e-05	4.120107005064789e-05	5.4039448797622264e-05	3.309822560412536e-05	2.5881055843554194e-06	3.2530904359141185e-05	1.291856138900372e-05	8.883415887836153e-05	7.355825814044724e-05	2.6344560506869343e-05	1.718139255186633e-05	3.824676814809149e-05	1.323083843823183e-05	8.260428791349079e-05	0.00011464890564036788	2.6125690697947826e-05	1.8845949440086842e-06	0.49441170150165875	3.2731712509187734e-05	-0.5994614613215239	0.4658519863269513	5.1479592519386115e-05	-0.4748334481117511	0.4415024935292476	5.6315869798953794e-05	-0.6934715909145042	-0.4010819835180594	-0.11110017823393115	-0.4610073768554473	0.036194681198171916	-0.5892555001159264	-0.037452748517879615	4.6842391609175876e-05
N907Y	missense	15	3	2	3	16	0	6	12	9	10	28	2	0	11	6	7	34	5.0244944102499685e-05	1.1771734300185111e-05	1.157988188520477e-05	1.3239290241650144e-05	4.399779493404213e-05	1.6265452179570593e-05	9.042992972302605e-05	3.982220915236896e-05	4.086569896691513e-05	3.622377069694535e-05	0.0001245650960010309	3.824676814809149e-05	1.323083843823183e-05	4.505688431644952e-05	2.5079448108830473e-05	3.483425426393044e-05	6.596082304030395e-05	0.7775300516653839	2.0147175340270537e-05	2.11642559728466	0.7541981042819196	6.0369193704315084e-05	1.772987951088114	0.6779939336788189	4.2732852432378594e-05	1.2435644882081787	0.7450460521601787	2.4968059440884756	-0.4610073768554473	0.036194681198171916	1.7109926788603176	1.2665003126433236	4.1083073825654736e-05
N907Q	missense	23	71	28	46	18	5	6	71	14	26	16	13	14	41	36	15	39	7.536741615374953e-05	0.00021189121740333198	0.00011193885822364612	0.0001555616603393892	4.917400610275297e-05	9.759271307742355e-05	9.042992972302605e-05	0.00022055377376696656	6.129854845037269e-05	8.891289171068403e-05	7.30209183454319e-05	0.00017848491802442692	0.00019846257657347746	0.00015769909510757332	0.00013256279714667535	6.966850852786088e-05	7.538379776034737e-05	0.5198738074553781	0.00013214143551728007	-0.3552095292070008	0.5081125533152687	0.0001109465330683638	-0.1453883787888661	0.5360297281544237	0.00010882854963561423	0.08077488419197769	-0.0331051982234649	0.7261962505846906	0.04607710124165843	0.8681775648003683	-0.13994100793462974	0.7971869076925295	0.00011730550607375269
N907A	missense	17	0	0	2	12	2	3	10	7	5	4	0	0	1	8	6	18	5.652556211531215e-05	2.942933575046278e-06	3.85996062840159e-06	9.929467681237608e-06	3.3645372596620455e-05	4.8796356538711774e-05	5.167424555601488e-05	3.369571543661989e-05	3.26925591735321e-05	1.9758420380152007e-05	2.1476740689832912e-05	1.2748922716030496e-05	1.323083843823183e-05	7.509480719408253e-06	3.2245004711353466e-05	3.047997248093913e-05	3.5807303936165e-05	0.8686017248701156	1.2594433620326483e-05	2.9900545179085163	0.5674021093543132	2.6905858920034225e-05	0.31680731074851587	0.7229902115582504	2.6510440461966463e-05	1.6121165745905182	0.024886748754221824	0.8581514500568059	0.01611387786421517	0.8190163499252244	1.6396594677491834	0.8385838999910151	2.200357766744239e-05
N907C	missense	10	1	1	2	19	0	0	3	4	2	6	0	7	5	0	3	5	3.4543399070468536e-05	5.885867150092556e-06	7.71992125680318e-06	9.929467681237608e-06	5.176211168710839e-05	1.6265452179570593e-05	1.291856138900372e-05	1.2252987431498142e-05	2.0432849483457566e-05	9.879210190076004e-06	3.0067436965766077e-05	1.2748922716030496e-05	0.00010584670750585465	2.252844215822476e-05	3.582778301261496e-06	1.741712713196522e-05	1.1307569664052106e-05	0.857143373943846	1.8824341943810433e-05	2.88013728020341	0.6988128914667436	1.8158121017699447e-05	1.341228829626198	0.5798009095949238	1.3708979313875897e-05	0.43929254395357353	-0.10005198785407819	0.5738651522146992	0.9192038648561588	2.3007327975462935	1.553552884594394	1.4372989748804963	1.689714742512859e-05
N907F	missense	17	1	5	3	7	1	2	8	5	14	8	2	0	4	7	5	2	5.652556211531215e-05	5.885867150092556e-06	2.315976377040954e-05	1.3239290241650144e-05	2.0704844674843356e-05	3.2530904359141185e-05	3.875568416701116e-05	2.756922172087082e-05	2.4519419380149078e-05	4.939605095038002e-05	3.865813324169924e-05	3.824676814809149e-05	1.323083843823183e-05	1.877370179852063e-05	2.866222641009197e-05	2.6125690697947826e-05	5.653784832026053e-06	0.6935358537743778	1.57474414592489e-05	1.3106892155973866	0.6768608123633097	3.503570632327479e-05	1.1700999324674954	0.5588886683739456	1.980385093464662e-05	0.26800615103071806	0.07603927120160313	0.9745441848212235	-0.4610073768554473	0.036194681198171916	0.9162650996985332	0.5053694330096977	2.3528999572390102e-05
G908P	missense	63	119	84	123	52	13	8	143	86	60	39	14	7	110	163	41	63	0.00020097977640999874	0.0003531520290055533	0.0003280966534141352	0.0004104179974911545	0.00013716959597083722	0.0002277163305139883	0.00011626705250103349	0.0004411075475339331	0.00035553158101216164	0.00020087727386487874	0.0001718139255186633	0.00019123384074045744	0.00010584670750585465	0.000416776179927158	0.0005875756414068854	0.0001828798348856348	0.00012061407641655579	0.5674632509911363	0.00030720906897042005	0.10130469443937293	0.5221061523203933	0.0002923325819824092	-0.03630034417744368	0.5014015047051478	0.0003269614331590585	-0.2028553314925592	-0.29193751409299135	0.13724775600260172	-0.2568873941995225	0.37109811268988796	-0.04595032707687665	0.2541729343462448	0.00030883436137062924
G908R	missense	125	105	80	90	536	50	47	121	78	163	207	80	68	90	136	98	384	0.000395678934807185	0.0003119509589549054	0.0003126568109005288	0.0003011938529975408	0.0013898126987988602	0.0008295380611581002	0.0006200909466721786	0.0003737161166606933	0.00032283902183862954	0.0005400634903908215	0.0008934324126970491	0.0010326627399984702	0.0009129278522379963	0.0003416813727330755	0.000490840627272825	0.00043107389651613913	0.0007255690534433434	0.7989345274114121	0.0005789035804129588	2.321753646989918	0.7292447646781274	0.0005325127603967984	1.5784625274732018	0.6936152442632472	0.0004972912374913458	1.371514329378248	-0.12638092657642727	0.5139561382556846	-0.05352205027717932	0.704763394451604	1.757243501280456	0.6093597663536443	0.000536235859433701
G908N	missense	47	55	69	106	126	13	29	76	39	48	53	20	22	40	60	34	111	0.00015073483230749907	0.00016480428020259155	0.0002701972439881113	0.0003541510139641414	0.00032868940921313827	0.0002277163305139883	0.0003875568416701116	0.00023587000805633924	0.00016346279586766053	0.00016136043310457473	0.00023194879945019544	0.0002677273770366404	0.0003043092840793321	0.0001539443547478692	0.00021854947637695127	0.00015239986240469565	0.00021107463372897262	0.6893661161538727	0.00027946048684199563	1.270689913415934	0.6228133274631896	0.0001981605091196925	0.7487691582123871	0.6428746182194897	0.00018399208181462217	0.9559118734844189	0.23094123118734625	1.3270089681885588	0.05562241914788878	0.8838387444648037	0.99179031503758	1.1054238563266812	0.0002205376925921034
G908_	nonsense	54	411	387	200	40	67	18	244	115	102	12	99	11	189	166	32	48	0.00017271699535234268	0.0012124886329190664	0.0014976647238198171	0.0006652743346429198	0.00010611232895857219	0.0011060507482108003	0.0002454526663910707	0.0007504954801792612	0.00047404210801621553	0.0003391862165259428	5.5839525793565566e-05	0.0012748922716030496	0.00015877006125878198	0.0007134006683437841	0.0005983239763106699	0.00014369129883871304	9.234515225642552e-05	0.47594529731082547	0.0008703850050850938	-0.7766052887416548	0.4537483026411028	0.00040489083262874626	-0.5691885217682155	0.43781032065453346	0.00038694027393739816	-0.7237131593372602	-0.6538072996074855	-0.6861527714683835	-0.90470487608816	-0.6917880136064289	-0.6898356566157102	-0.6889703925374062	0.0005540720372170794
G908Q	missense	40	32	26	21	28	0	0	15	14	18	25	2	3	26	27	17	90	0.00012875266926265546	9.711680797652717e-05	0.00010421893696684294	7.28160963290758e-05	7.505506194630717e-05	1.6265452179570593e-05	1.291856138900372e-05	4.901194972599257e-05	6.129854845037269e-05	6.256833120381469e-05	0.00011167905158713113	3.824676814809149e-05	5.292335375292732e-05	0.00010137798971201142	0.00010031779243532189	7.837707209384348e-05	0.00017149813990479027	0.5900679590563194	8.730172580468827e-05	0.31814628758336805	0.7081426139444195	7.113947024182777e-05	1.4139593036226985	0.6771567296946317	0.00011289274853649176	1.2367071815676922	-0.10005198785407819	0.5738651522146992	0.14105261447251513	1.0240056462788847	0.9896042575912528	0.798935399246792	9.044464819433594e-05
G908V	missense	85	27	36	59	217	15	23	106	68	78	101	22	12	41	59	63	172	0.0002700665745509358	8.240214010129577e-05	0.00014281854325085884	0.00019858935362475217	0.0005642070173894814	0.0002602472348731295	0.0003100454733360893	0.0003277674137925753	0.0002819733228717144	0.0002601525350053348	0.0004381255100725914	0.0002932252224687014	0.0001720008996970138	0.00015769909510757332	0.00021496669807568978	0.0002786740341114435	0.00032603492531350236	0.8149240296010319	0.00024700426359159706	2.475137142073267	0.6545536181599929	0.00032700469543555397	0.9962027118565571	0.6977350007169559	0.0002443436881520522	1.4052581168192873	0.07603927120160313	0.9745441848212235	-0.2316706058465409	0.41247176381766376	1.6255326569163706	0.6935079743194437	0.0002727842157264011
G908Y	missense	94	20	10	32	79	3	27	33	34	98	98	4	12	45	52	41	110	0.0002983293556085919	6.180160507597183e-05	4.245956691241749e-05	0.0001092241444936137	0.00020704844674843356	6.506180871828237e-05	0.0003617197188921042	0.0001041503931677342	0.00014302994638420297	0.00032601393627250814	0.0004252394656586916	6.374461358015247e-05	0.0001720008996970138	0.0001727180565463898	0.0001898872499668593	0.0001828798348856348	0.00020919003878496395	0.7743652669938025	0.00010513344080760915	2.0860665699455536	0.7685061686790632	0.00024960843537078425	1.8845274216422205	0.6419623525331702	0.00018866879504596197	0.9484397571700665	0.7450460521601787	2.4968059440884756	0.43108722583503317	1.499870798395848	1.6396779162526134	1.9983383712421618	0.00018113689040811847
G908L	missense	199	199	103	116	248	32	36	204	160	211	119	11	31	188	187	160	255	0.0006280618012812461	0.0005885867150092556	0.0004014359053537654	0.00038724923956826675	0.0006444382905044995	0.0005367599219258296	0.00047798677139313764	0.0006279656058642798	0.0006579377533673336	0.0006981308534320376	0.0005154417765559898	0.00015298707259236595	0.0004233868300234186	0.00070964592798408	0.0006735623206371613	0.0007010393670616001	0.00048245630566622316	0.6344825697854841	0.0005054275376089469	0.7442050945191013	0.6101279633639825	0.0006248689973049102	0.649879556087441	0.5931453412346964	0.0006416759803372661	0.5485930984483899	-0.05036420366497066	0.6869250133799718	0.4420826101364963	1.5179111288192408	0.6475592496849774	1.1024180710996063	0.0005906575050837077
G908S	missense	160	234	249	214	112	35	25	181	160	144	101	38	12	167	171	113	242	0.0005055897500314031	0.0006915893901358753	0.0009649901571003976	0.0007116118504886953	0.0002924559310321624	0.0005855562784645413	0.00033588259611409674	0.0005575109281331655	0.0006579377533673336	0.0004774951591870069	0.0004381255100725914	0.0004972079859251893	0.0001720008996970138	0.0006307963804302933	0.0006162378678169774	0.0004963881232610087	0.0004579565713941103	0.5568408969387657	0.0006651618321892826	-0.0005930239037966968	0.5934079469205247	0.0005327673376900243	0.5195375524456665	0.5887517444621061	0.0005503447357255973	0.5126063605764319	-0.24138114065054747	0.2522840099975102	-0.4610073768554473	0.036194681198171916	0.34385029637276726	0.14423934559784107	0.0005827579685349681
G908K	missense	39	83	50	36	69	11	16	43	27	43	60	11	15	30	37	38	104	0.00012561236025624922	0.0002472064203038873	0.0001968579920484811	0.00012246343473526383	0.00018116739090487936	0.0001951854261548471	0.00021961554361306325	0.00013478286174647955	0.00011442395710736236	0.0001448950827877814	0.0002620162364159615	0.00015298707259236595	0.0002116934150117093	0.00011639695115082791	0.00013614557544793687	0.00016981698953666088	0.00019788246912091185	0.5794413900772747	0.0001869238094981279	0.21620813645016337	0.7035245876049631	0.00016402953451439623	1.3779591712071138	0.6810523099472275	0.0001550604963140844	1.268614803651703	0.05121568747657094	0.9180604640158208	0.14105261447251513	1.0240056462788847	0.95426070376966	0.9710330551473527	0.0001686712801088695
G908A	missense	86	212	180	222	399	21	62	144	132	183	230	13	62	138	111	143	353	0.00027320688355734205	0.0006268448514848571	0.0006986528737406879	0.0007380904309719956	0.0010352422337421678	0.000357839947950553	0.0008138693675072344	0.0004441707943918077	0.0005435137962599712	0.0006059248916579949	0.0009922254198702805	0.00017848491802442692	0.0008335428216086053	0.0005219089099988735	0.00040127116974128757	0.0006270165767507478	0.0006671466101790742	0.6760123798687415	0.0007747075974849271	1.1425906943442827	0.7074963230635235	0.0006464587255450135	1.4089210999441162	0.6622889099701421	0.0005543358166674958	1.1149289759547802	0.3568658807772974	1.613538617925817	0.6693263916395589	1.8907542048389732	1.2221469234143931	1.752146411382395	0.0006585007132324788
G908T	missense	69	21	24	91	670	13	71	44	21	137	268	10	148	22	21	82	487	0.0002198216304484361	6.47445386510181e-05	9.649901571003975e-05	0.00030450367555795335	0.0017366188471024863	0.0002277163305139883	0.0009301364200082679	0.0001378461086043541	8.990453772721329e-05	0.0004544436687434962	0.0011554486491130106	0.00014023814987633546	0.001971394927296543	8.63590282731949e-05	7.882112262775292e-05	0.00036140538798827825	0.0009196823326762379	0.9214781627191383	0.0005505915192553744	3.4972856217077175	0.8574544823953424	0.00045941074104701856	2.5779299353026275	0.8654943642595901	0.00036156696789136603	2.779328736826588	0.6111524728989522	2.192143747348493	1.1479074611182642	2.6759710186458188	2.951514764612311	2.434057382997156	0.000457189742731253
G908H	missense	73	162	120	141	74	17	19	194	137	128	48	20	12	126	194	80	115	0.00023238286647406104	0.00047969817273254325	0.0004670552360365924	0.00046999480357858014	0.00019410791882665645	0.00029277813923227067	0.0002583712277800744	0.0005973331372855344	0.0005639466457434288	0.00042480603817326816	0.00021047205876036253	0.0002677273770366404	0.0001720008996970138	0.00047685202568242406	0.0006986417687459917	0.0003526968244222957	0.00021861301350500738	0.5587439904120116	0.00040271403279359307	0.017662899572436847	0.5345684685669062	0.0004491394699906485	0.06085047353144191	0.5448062420914026	0.00043670090808892967	0.15266088621428786	-0.054294497293403056	0.677982001345502	-0.19216206456286733	0.47729415835724287	0.07705808643938887	0.5776380798513725	0.0004295181369577238
G908G	silent	137	181	83	108	218	20	35	114	63	147	107	19	40	87	118	83	247	0.0004333626428840598	0.0005356139106584226	0.0003242366927857336	0.00036077065908496646	0.0005667951229738369	0.00034157449577098246	0.00046506821000413394	0.0003522733886555716	0.0002615404733882568	0.00048737436937708285	0.0004638975989003909	0.0002549784543206099	0.0005424643759675051	0.00033041715165396315	0.00042635061785011805	0.0003657596697712696	0.0004673795461141537	0.6340967614136027	0.00044685409637573986	0.7405041264833359	0.6697824103206033	0.0003912714575803255	1.1149197771160697	0.6525406233289731	0.0003974767463473761	1.0350834520676093	0.13403121817928978	1.1064993842933386	0.3278677389199695	1.3305166767911067	0.963502451889005	1.2185080305422227	0.00041186743343448053
G908E	missense	26	27	26	14	19	12	4	17	34	12	19	6	0	13	61	20	52	8.478834317296822e-05	8.240214010129577e-05	0.00010421893696684294	4.964733840618804e-05	5.176211168710839e-05	0.0002114508783344177	6.45928069450186e-05	5.513844344174164e-05	0.00014302994638420297	4.2809910823662684e-05	8.590696275933165e-05	8.924245901221346e-05	1.323083843823183e-05	5.256636503585777e-05	0.00022213225467821276	9.14399174428174e-05	9.988353203246026e-05	0.5614252787513077	7.200763179035879e-05	0.043383861484211944	0.6219735261520993	8.172131585223473e-05	0.7422224310653974	0.6280200189268927	0.00011650551729733703	0.8342419527783157	-0.5150253358248962	-0.3703675173345697	-0.8289841621500417	-0.5675516375156809	0.5399494151093084	-0.4689595774251253	9.007815497997686e-05
G908M	missense	59	14	11	19	94	4	22	19	16	46	53	2	22	24	25	16	110	0.00018841854038437382	4.414400362569416e-05	4.631952754081908e-05	6.619645120825072e-05	0.00024587003051376483	8.132726089785297e-05	0.0002971269119470856	6.12649371574907e-05	6.947168824375573e-05	0.0001547742929778574	0.00023194879945019544	3.824676814809149e-05	0.0003043092840793321	9.386850899260315e-05	9.31522358327989e-05	7.402279031085218e-05	0.00020919003878496395	0.8191019875282995	0.0001006325032221322	2.515215299704185	0.7692996843595061	0.00012936492945732483	1.8907133260676057	0.7118810634706756	0.00011755839348030455	1.5211246103979057	0.5627058438274959	2.081908017457663	0.9007204591621456	2.2704067319057093	1.9756844120565658	2.1761573746816865	0.00011585194205325386
G908I	missense	85	69	41	48	10	7	3	71	33	39	39	11	2	25	43	25	57	0.0002700665745509358	0.00020600535025323943	0.0001621183463928668	0.0001621813054602143	2.8469161427909612e-05	0.00013012361743656474	5.167424555601488e-05	0.00022055377376696656	0.00013894337648751146	0.00013172280253434673	0.0001718139255186633	0.00015298707259236595	3.9692515314695496e-05	9.762324935230729e-05	0.00015764224525550584	0.00011321132635777392	0.00010930650675250369	0.5058674321929304	0.00013969354088355754	-0.48956935890813297	0.5960723456752773	0.000165758469576872	0.5403080506906605	0.6225456587345913	0.00011944583192952267	0.7894029801884654	-0.4010819835180594	-0.11110017823393115	-0.5859461134637473	-0.16879461515548824	0.28004722399033094	-0.13994739669470968	0.00014163261412998408
G908W	missense	50	82	61	28	10	15	3	61	52	35	11	32	9	64	60	22	45	0.00016015575932671776	0.00024426348672884103	0.0002393175589608986	9.598485425196355e-05	2.8469161427909612e-05	0.0002602472348731295	5.167424555601488e-05	0.0001899213051882212	0.00021658820452465018	0.00011855052228091205	5.1544177655598985e-05	0.0004207144496290064	0.0001323083843823183	0.0002440581233807682	0.00021854947637695127	0.0001001484810088	8.669136742439947e-05	0.4624444726035567	0.0001520087653424032	-0.9061154920957566	0.5137518820852763	0.0001441510524123456	-0.10142661514089413	0.5113454493350194	0.00016236186204772975	-0.12140722705090495	-0.7021119791820406	-0.7960655086825615	-0.5024000620136724	-0.031719063050539106	-0.3763164447625185	-0.4138922858665503	0.0001528405599341595
G908F	missense	126	14	20	86	371	9	59	41	16	133	145	10	126	28	43	101	246	0.00039881924381359124	4.414400362569416e-05	8.10591731964334e-05	0.00028795456275589065	0.000962775277380216	0.00016265452179570593	0.0007751136833402232	0.00012865636803073048	6.947168824375573e-05	0.0004412713884900615	0.000627120828143121	0.00014023814987633546	0.0016803164816554426	0.00010888747043141967	0.00015764224525550584	0.00044413674186511305	0.000465494951170145	0.894161831853999	0.00034398325423955857	3.235246550618422	0.8092837734741494	0.0003166300682269172	2.2024119602536425	0.7691465568381604	0.00029404035218054587	1.9901704526974109	0.6780992625295654	2.344474845718484	1.078524913661947	2.56213378954941	2.475942987856492	2.453304317633947	0.00031821789154900723
G908C	missense	82	70	54	49	132	12	22	45	56	73	97	11	10	71	52	67	183	0.0002606456475317171	0.00020894828382828572	0.00021229783456208748	0.00016549112802062682	0.00034421804271927075	0.0002114508783344177	0.0002971269119470856	0.00014090935546222862	0.00023293448411141625	0.00024368718468854142	0.00042094411752072506	0.00015298707259236595	0.00014553922282055013	0.0002703413058986971	0.0001898872499668593	0.0002960911612434087	0.0003467654696975979	0.6732035193208482	0.00023273882228256769	1.1156459625491115	0.727416629021545	0.00025961878544572786	1.564211174000332	0.6630156952842031	0.00027577129670164075	1.1208818737603934	0.147732495856678	1.1376753479083943	-0.021674683025184695	0.7570159590358794	1.2669130034366123	0.9473456534721368	0.0002560429681433121
G908D	missense	44	29	15	29	13	9	10	28	21	21	18	5	8	17	25	23	66	0.00014131390528828035	8.828800725138832e-05	6.175937005442545e-05	9.929467681237608e-05	3.623347818097587e-05	0.00016265452179570593	0.00014210417527904092	8.883415887836153e-05	8.990453772721329e-05	7.24475413938907e-05	8.161161462136506e-05	7.649353629618297e-05	0.00011907754594408647	6.758532647467428e-05	9.31522358327989e-05	0.0001045027627917913	0.00012626786124858184	0.573074910559471	7.139388307479143e-05	0.15513601123720816	0.6103046568674496	8.319946315520765e-05	0.6512569820816244	0.6848321241468933	9.787704658696158e-05	1.2995742179649747	-0.05865930269585313	0.6680502987979247	0.19220513691989638	1.1079325361119206	0.7019890704279357	0.8879914174549226	8.415679760565356e-05
I909P	missense	71	113	66	83	4	27	11	39	22	24	8	45	6	33	41	40	40	0.0002261022484612486	0.00033549442755527567	0.00025861736210290657	0.00027802509507465306	1.2940527921777098e-05	0.0004554326610279766	0.00015502273666804465	0.0001225298743149814	9.39911076239048e-05	8.23267515839667e-05	3.865813324169924e-05	0.0005864504449374028	9.261586906762282e-05	0.0001276611722299403	0.00015047668865298284	0.00017852555310264348	7.726839270435605e-05	0.49107753847702273	0.0002212693531636531	-0.6314452949538393	0.5274907397226625	8.437646669113804e-05	0.005675566143544228	0.5961738763770168	0.00013348295167248065	0.5733989934687562	-0.46802877314867253	-0.26343127660392207	-0.801545913803102	-0.5225331958817635	-0.017456911780512934	-0.3929822362428428	0.00014637625717575726
I909C	missense	134	28	51	58	90	11	21	51	38	76	54	11	18	36	79	35	128	0.0004239417158648411	8.534507367634205e-05	0.0002007179526768827	0.00019527953106433964	0.00023551760817634316	0.0001951854261548471	0.00028420835055808184	0.00015928883660947584	0.00015937622597096901	0.0002535663948786174	0.00023624414758816203	0.00015298707259236595	0.0002513859303264048	0.00013892539330905267	0.0002866222641009197	0.00015675414418768696	0.00024311274777712025	0.7026091355136742	0.0001792150413984769	1.3977270513314275	0.6752575618569098	0.00020211890126180606	1.157601686185828	0.652666998302452	0.00020635363734369488	1.0361185545769094	0.16318944692050327	1.1728461805352515	0.21568623276941928	1.1464584044412693	1.1971490973647216	1.1596522924882604	0.00019589586000132595
I909R	missense	162	72	87	76	85	17	22	90	67	62	46	34	14	109	103	49	108	0.0005118703680442155	0.00021483415097837827	0.0003396765352993399	0.0002548563371517653	0.00022257708025456607	0.00029277813923227067	0.0002971269119470856	0.00027875546406658274	0.0002778867529750229	0.0002074634139915961	0.00020188136248442935	0.00044621229506106735	0.00019846257657347746	0.0004130214395674539	0.0003726089433311956	0.00021771408914956524	0.00020542084889694657	0.6175393960172928	0.0002579860259210124	0.5816732545937273	0.5860442938478871	0.00024149674837940777	0.4621337036602166	0.5445773765265438	0.00030219133023629035	0.15078631157378547	0.006403343060208703	0.816094205691205	-0.35186290743037923	0.21527003121137156	0.39819775660924317	0.5156821184512883	0.00026722470151223685
I909D	missense	66	44	41	48	34	9	5	73	41	43	22	3	16	74	100	49	64	0.00021040070342921743	0.0001324320108770825	0.0001621183463928668	0.0001621813054602143	9.058369545243968e-05	0.00016265452179570593	7.751136833402232e-05	0.00022668026748271563	0.00017163593566104355	0.0001448950827877814	9.879300717323138e-05	5.099569086412198e-05	0.00022492425344994112	0.00028160552697780946	0.00036186060842741114	0.00021771408914956524	0.00012249867136056446	0.596341479521228	0.0001368288395456508	0.3783266786908086	0.5450934794732869	0.00016050107327619302	0.14289889821621354	0.54602769909086	0.0002459197239788376	0.16266550319133172	-0.3219007374704345	0.06906927047737274	0.6445028079145266	1.8500256918180364	0.227963693366118	0.9595474811477046	0.0001810832122668938
I909W	missense	89	124	108	116	62	30	4	84	82	108	62	59	1	80	96	62	88	0.0002826278105765607	0.0003678666968807847	0.0004207357084957733	0.00038724923956826675	0.00016305065181439142	0.0005042290175666884	6.45928069450186e-05	0.0002603759829193355	0.0003391853014253956	0.0003589446369060948	0.0002706069326918947	0.0007649353629618298	2.646167687646366e-05	0.0003041339691360342	0.00034752949522236514	0.00027431975232845217	0.0001677289500167729	0.5645087858823793	0.00033472557418980407	0.07296321269035758	0.6301309552898801	0.00030727821348568016	0.8058142141225346	0.5698638299295766	0.00027342804167590615	0.3579006685405778	-0.8924436773523321	-1.2291473158443513	-1.4610073768554472	-1.6045238174715373	0.41222603178448997	-1.4168355666579444	0.00030514394311713014
I909A	missense	106	92	67	100	77	12	21	70	56	75	51	19	11	91	91	62	122	0.00033601306368546665	0.0002736928224793038	0.00026247732273130815	0.00033429207860166617	0.00020187223557972272	0.0002114508783344177	0.00028420835055808184	0.00021749052690909202	0.00023293448411141625	0.00025027332481525875	0.00022335810317426226	0.0002549784543206099	0.00015877006125878198	0.0003454361130927796	0.0003296156037160577	0.00027431975232845217	0.00023180517811306815	0.6082553403033145	0.0002680836148480002	0.4926135142046247	0.6297266552161018	0.0002310141097525073	0.8026624659249788	0.5830726708776983	0.0002952941618125894	0.4660906371234688	0.12842734066129136	1.0937482901459166	-0.2057348717521411	0.45502500252292416	0.587122205751024	0.7743866463344203	0.00026479729547103234
I909N	missense	64	74	77	113	45	14	12	73	72	92	23	20	13	36	110	52	83	0.00020412008541640498	0.00022072001812847083	0.00030107692901532404	0.00037731977188702916	0.0001190528568803493	0.00024398178269355888	0.00016794129805704837	0.00022668026748271563	0.00029831960245848047	0.00030625551589235614	0.00010308835531119797	0.0002677273770366404	0.00018523173813524564	0.00013892539330905267	0.0003976883914400261	0.00023077693449853913	0.00015830597529672947	0.5969154541781583	0.00025454239397779333	0.3838326811870209	0.5764579315001178	0.00023358593528618755	0.38740257643496634	0.6103124528234386	0.00023142417363608683	0.6892041687716427	-0.16219989460292264	0.43245345870881396	-0.15997738119146607	0.5301001637385283	0.4868131421312099	0.48127681122367116	0.0002398508343000226
I909K	missense	60	19	17	65	92	3	14	14	16	62	51	9	21	26	17	40	62	0.00019155884939078005	5.8858671500925554e-05	6.947929131122863e-05	0.0002184482889872274	0.000240693819345054	6.506180871828237e-05	0.0001937784208350558	4.594870286811803e-05	6.947168824375573e-05	0.0002074634139915961	0.00022335810317426226	0.00012748922716030494	0.00029107844564110026	0.00010137798971201142	6.449000942270693e-05	0.00017852555310264348	0.0001187294814725471	0.7727655318280668	0.00014687001778610888	2.070720690629338	0.7783706761852628	0.00013656047706943304	1.9614268480061505	0.6698288054340163	0.00011578075842747724	1.1766861775562452	0.47397927987364064	1.8800190991650738	0.35853655868642137	1.380835576714292	1.7362779053972446	1.630427337939683	0.0001330704177610064
I909F	missense	123	126	98	102	29	15	14	97	84	79	31	14	8	76	92	47	81	0.0003893983167943726	0.00037375256403087727	0.00038213610221175744	0.0003409117237224912	7.764316753066258e-05	0.0002602472348731295	0.0001937784208350558	0.00030019819207170446	0.0003473584412187786	0.00026344560506869345	0.00013745114041493063	0.00019123384074045744	0.00011907754594408647	0.00028911500769721775	0.00033319838201731914	0.0002090055255835826	0.0001545367854087121	0.5260645762777276	0.00029361088937394713	-0.2958229549432043	0.5567859522054533	0.0002621133446935268	0.23404834944978026	0.5580622723334734	0.0002464639251767079	0.2612373692725862	-0.12808071145432173	0.510088438267813	-0.20573487175214128	0.4550250025229239	0.06648758792638737	0.48255672039536845	0.0002673960530813939
I909Q	missense	40	38	23	20	28	9	5	32	20	25	19	0	2	17	42	32	56	0.00012875266926265546	0.00011477440942680483	9.263905508163816e-05	6.950627376866327e-05	7.505506194630717e-05	0.00016265452179570593	7.751136833402232e-05	0.00010108714630985967	8.581796783052178e-05	8.561982164732537e-05	8.590696275933165e-05	1.2748922716030496e-05	3.9692515314695496e-05	6.758532647467428e-05	0.00015405946695424435	0.00014369129883871304	0.000107421911808495	0.5744669704819244	8.799370005585336e-05	0.16848971129235882	0.6090490282044547	8.960797463675962e-05	0.6414686450714158	0.6538576784911388	0.00011818950101903166	1.0458710871959518	-0.3219007374704345	0.06906927047737274	0.49323513258387763	1.6018380186522772	0.6186098145199087	0.835453644564825	9.859705857054821e-05
I909_	nonsense	93	80	74	95	47	8	2	98	60	65	12	11	8	63	131	41	60	0.00029518904660218566	0.00023837761957874848	0.00028949704713011925	0.00031774296579960347	0.00012422906804906013	0.00014638906961613534	3.875568416701116e-05	0.000303261438929579	0.0002492807636981823	0.0002173426241816721	5.5839525793565566e-05	0.00015298707259236595	0.00011907754594408647	0.0002403033830210641	0.0004729267357665175	0.0001828798348856348	0.00011496029158452974	0.5845039432857072	0.00024246167513938282	0.2647720064159779	0.5077992845790541	0.00020643108815074975	-0.1478304861213931	0.54265208966506	0.00025276756131443654	0.1350168185595925	-0.5771732425737406	-0.511779210840455	-0.10882485874408482	0.6140270535715643	0.08398611295139242	0.05112392136555466	0.0002338867748681897
I909L	missense	172	55	53	54	61	7	24	72	66	69	71	6	10	53	70	57	175	0.0005432734581082778	0.00016480428020259155	0.00020843787393368587	0.0001820402408226895	0.000160462546230036	0.00013012361743656474	0.000322964034725093	0.0002236170206248411	0.00027380018307833135	0.00023051490443510677	0.0003092650659335939	8.924245901221346e-05	0.00014553922282055013	0.00020275597942402283	0.0002543772593895662	0.0002525483434134957	0.00033168871014552844	0.6181150692167007	0.00017893623529725071	0.5871955508043195	0.6507495467862975	0.0002592992935179683	0.9665478196786377	0.6712094606270347	0.0002603425730931533	1.1879947429741442	0.39479803382601586	1.6998496504537701	0.2124085230081834	1.1410806054027394	0.9139127044857004	1.4204651279282547	0.00023285936730279072
I909V	missense	120	48	56	104	309	22	35	76	68	164	166	24	44	85	112	95	342	0.00037997738977515387	0.0001442037451772676	0.00022001775581889066	0.0003475313688433163	0.00080231273115018	0.0003741054001301236	0.00046506821000413394	0.00023587000805633924	0.0002819733228717144	0.0005433565604541802	0.0007173231390404192	0.0003187230679007624	0.0005953877297204324	0.00032290767093455487	0.0004048539480425491	0.0004180110511671652	0.0006464160657949786	0.7985262139210906	0.00037851640024741363	2.317836792700617	0.7448847724598587	0.0004446307576056632	1.7003852515409439	0.6936090050101755	0.0004480471839848119	1.3714632253793089	0.09452267689561628	1.0166014291868242	0.2713863829675212	1.2378466712499765	1.7965617565402898	1.1272240502184003	0.00042373144727929623
I909S	missense	143	305	155	180	102	38	32	143	130	75	49	43	12	124	185	75	110	0.0004522044969224972	0.0009005376739641609	0.0006021538580306481	0.0005990778834346691	0.0002665748751886082	0.0006343526350032531	0.0004263125258371228	0.0004411075475339331	0.0005353406564665882	0.00025027332481525875	0.00021476740689832912	0.0005609525995053418	0.0001720008996970138	0.00046934254496301583	0.0006663967640346383	0.00033092541550733913	0.00020919003878496395	0.5244569550936425	0.0005920860726545215	-0.3112444829595725	0.5413982697272199	0.0003603722339285273	0.114092644119051	0.54176420210255	0.0004189636908224893	0.1277443767253416	-0.17260265500268984	0.40878295969728623	-0.5133954463151356	-0.049759393473932274	-0.023135820705059967	0.17951178311167698	0.0004571406658018461
I909G	missense	150	95	47	74	49	20	9	110	78	102	97	29	9	83	99	86	188	0.0004741866599673408	0.00028252162320444263	0.00018527811016327633	0.00024823669203094024	0.00012940527921777097	0.00034157449577098246	0.0001291856138900372	0.00034002040122407346	0.00032283902183862954	0.0003391862165259428	0.00042094411752072506	0.0003824676814809149	0.0001323083843823183	0.00031539819021514663	0.0003582778301261496	0.0003788225151202435	0.0003561884444176413	0.5663929949386354	0.00021136042615410754	0.09103798244171833	0.6477617892436236	0.0003557474392773427	0.9432565564298916	0.6376816185606611	0.00035217174496979524	0.9133774473264962	-0.42227128258799745	-0.1593144274731195	-0.46100737685544735	0.036194681198171826	0.6492239953993687	-0.06155987313747384	0.00030642653680041515
I909E	missense	66	17	23	59	67	9	5	34	22	22	15	6	4	28	37	20	65	0.00021040070342921743	5.2972804350832996e-05	9.263905508163816e-05	0.00019858935362475217	0.0001759911797361685	0.00016265452179570593	7.751136833402232e-05	0.00010721364002560874	9.39911076239048e-05	7.574061145724937e-05	6.872557020746531e-05	8.924245901221346e-05	6.615419219115915e-05	0.00010888747043141967	0.00013614557544793687	9.14399174428174e-05	0.00012438326630457317	0.7391417654505622	0.00013004809819834796	1.7481758894412345	0.5766466766939441	8.641773232855704e-05	0.38887395218535914	0.6254832661196161	0.00011521405740668678	0.813464111058536	-0.3219007374704345	0.06906927047737274	-0.13001415781402287	0.579261378613672	0.9835046508950431	0.3241653245455224	0.00011055996264453059
I909H	missense	53	31	26	32	32	20	10	80	54	26	13	72	5	52	30	17	33	0.00016957668634593644	9.417387440148089e-05	0.00010421893696684294	0.0001092241444936137	8.540748428372885e-05	0.00034157449577098246	0.00014210417527904092	0.0002481229954878374	0.0002247613443180332	8.891289171068403e-05	6.013487393153215e-05	0.0009306713582702262	7.938503062939099e-05	0.0001990012390643187	0.00011106612733910638	7.837707209384348e-05	6.407622809629526e-05	0.618227532231013	9.82561100364166e-05	0.5882743817771833	0.48434702294150206	0.00015548302636202168	-0.33065415630777795	0.5041590858594293	0.00011313016664839096	-0.1802687457642398	-0.3808785974297724	-0.06512928088989425	-1.0690577318725971	-0.9614447844011499	0.025783826568388513	-0.5132870326455221	0.00012228976768227643
I909I	silent	71	70	49	78	24	7	3	62	71	70	25	11	1	70	75	33	53	0.0002261022484612486	0.00020894828382828572	0.0001929980314200795	0.00026147598227259036	6.470263960888549e-05	0.00013012361743656474	5.167424555601488e-05	0.00019298455204609573	0.00029423303256178896	0.00023380797449846542	0.00011167905158713113	0.00015298707259236595	2.646167687646366e-05	0.000266586565538993	0.00027229115089587373	0.00014804558062170436	0.00010176812697646895	0.5624662638184141	0.00018203123428246027	0.05336978387434256	0.5793142977215594	0.0002081761526733703	0.4096695698734242	0.52694186422144	0.00019717285600826	0.006338700331733877	-0.4010819835180594	-0.11110017823393115	-0.7620373725194285	-0.45771080134218445	0.15645935135983355	-0.2844054897880578	0.00019579341432136355
I909Y	missense	131	109	58	66	25	11	13	128	74	82	25	7	9	67	108	37	48	0.00041452078884562243	0.0003237226932550905	0.00022773767707569382	0.00022175811154763993	6.729074519324091e-05	0.0001951854261548471	0.0001808598594460521	0.0003951588446658151	0.0003064927422518635	0.00027332481525876943	0.00011167905158713113	0.00010199138172824396	0.0001323083843823183	0.0002553223444598806	0.0003905228348375031	0.00016546270775366956	9.234515225642552e-05	0.5097015320083601	0.00021012730676791627	-0.452789750436594	0.5233570064493748	0.0002716638634408948	-0.026549227365663793	0.5262353645928404	0.0002259132598268697	0.000551956973840469	-0.0331051982234649	0.7261962505846906	0.11302389087227156	0.9780184009738648	-0.15959567360947244	0.8521073257792777	0.0002359014766785603
I909M	missense	44	47	36	48	42	3	10	30	18	32	40	2	5	22	24	18	76	0.00014131390528828035	0.00014126081160222131	0.00014281854325085884	0.0001621813054602143	0.00011128854012728304	6.506180871828237e-05	0.00014210417527904092	9.49606525941106e-05	7.764482803713875e-05	0.00010867131209083605	0.00017610927365662986	3.824676814809149e-05	7.938503062939099e-05	8.63590282731949e-05	8.95694575315374e-05	8.273135387683478e-05	0.0001451138106886687	0.609182101741042	0.00013938730011014438	0.5015037164599143	0.7000111250147901	0.00011434651659467882	1.350569739188777	0.6774508729817946	0.00010094341259255895	1.239116428005136	0.3392807059761845	1.5735252131417752	0.31714387352819634	1.3129218324655807	1.030396627884609	1.4432235228036778	0.00011822574309912738
I909T	missense	76	40	23	33	22	7	7	38	27	40	36	3	4	26	40	46	41	0.00024180379349327975	0.00012066027657689738	9.263905508163816e-05	0.00011253396705402623	5.952642844017465e-05	0.00013012361743656474	0.00010334849111202976	0.00011946662745710689	0.00011442395710736236	0.00013501587259770538	0.00015892788110476354	5.099569086412198e-05	6.615419219115915e-05	0.00010137798971201142	0.00014689391035172135	0.00020465124380059132	7.915298764836473e-05	0.571962986491264	9.63399317881841e-05	0.14446958786602834	0.657911764723762	0.00013195858456673454	1.0223813674293314	0.6229049819626571	0.0001330190328781722	0.7923460975223952	-0.10005198785407819	0.5738651522146992	0.11302389087227156	0.9780184009738648	0.6530656842725849	0.775941776594282	0.00012043918307769695
G910L	missense	242	873	556	657	262	121	69	615	403	375	176	218	101	346	352	228	366	0.000763095088556714	0.0025721239445904466	0.002149998070019686	0.002177863244751449	0.0006806717686854753	0.0019843851659076123	0.0009042992972302605	0.0018869600644507139	0.0016509742382633712	0.0012381943438228593	0.000760276620420085	0.0027920140748106787	0.0013495455206996468	0.001302894904817332	0.0012647207403453083	0.0009971305283050088	0.000691646344451187	0.531893107482436	0.0018951642570117643	-0.23991124007062306	0.5393661355236858	0.0013841013167392574	0.09825100636388867	0.5632888242715987	0.001064098129479709	0.3040466128847617	-0.34131377851456957	0.024896728653163322	-0.3157300652139856	0.27455385384532244	0.054128793059342435	0.1497252912492429	0.00144778790107691
G910S	missense	196	442	333	351	114	88	46	336	212	214	69	97	21	190	266	104	211	0.0006186408742620274	0.001303719573745501	0.0012892268498861312	0.0011650575412652127	0.00029763214220087324	0.0014476252439817826	0.0006071723852831748	0.0010323141911037185	0.0008704393879952922	0.0007080100636221137	0.0003006743696576608	0.0012493944261709885	0.00029107844564110026	0.0007171554087034882	0.0009566018064368195	0.00045719958721408696	0.00039953412812984105	0.5281461551199308	0.0010139090267744296	-0.2758548637342143	0.5237893277012755	0.0007278595030946962	-0.023179038204653085	0.5532616446354065	0.0006326227326210589	0.22191675349169368	-0.3773441365632734	-0.0570869489287909	-0.6326895170060735	-0.24548738203816606	-0.025705716149057894	-0.15128716548347848	0.000791463754163395
G910H	missense	55	11	10	19	71	1	4	15	17	26	49	0	5	16	35	29	68	0.0001758573043587489	3.531520290055533e-05	4.245956691241749e-05	6.619645120825072e-05	0.0001863436020735902	3.2530904359141185e-05	6.45928069450186e-05	4.901194972599257e-05	7.355825814044724e-05	8.891289171068403e-05	0.00021476740689832912	1.2748922716030496e-05	7.938503062939099e-05	6.383058611497015e-05	0.00012898001884541387	0.00013062845348973912	0.00013003705113659922	0.8054422813013112	8.257870577370343e-05	2.3841809836848022	0.7753285618725615	0.00010656262661886323	1.937711842930306	0.6802035227092028	0.00011336902739668059	1.2616626217777505	0.2978880208179594	1.4793400665585499	0.7942651282478589	2.0957435011926333	1.8611851494642861	1.7875417838755916	0.00010083678659641575
G910F	missense	164	31	16	51	171	21	22	34	25	112	122	5	56	52	36	41	143	0.000518150986057028	9.417387440148089e-05	6.561933068282704e-05	0.00017211077314145188	0.00044515416050913215	0.000357839947950553	0.0002971269119470856	0.00010721364002560874	0.00010625081731397933	0.0003721169171595295	0.0005283278209698896	7.649353629618297e-05	0.0007541577909792144	0.0001990012390643187	0.00013256279714667535	0.0001828798348856348	0.00027138167193725053	0.811509902378286	0.00019426453468372298	2.442386230889557	0.7966038265168605	0.0002784772988672518	2.1035645878199185	0.667544165611677	0.00019645638575846986	1.157973323675052	-0.08074683265869141	0.6177922099771773	0.993837483153063	2.4231855557086783	1.9013080474615094	1.520488882842928	0.00022306607310314825
G910W	missense	47	140	75	35	15	11	2	150	52	45	35	24	4	65	58	48	64	0.00015073483230749907	0.00041495363408152516	0.0002933570077585209	0.0001191536121748513	4.140968934968671e-05	0.0001951854261548471	3.875568416701116e-05	0.0004625502755390549	0.00021658820452465018	0.00015148122291449873	0.00015463253296679695	0.0003187230679007624	6.615419219115915e-05	0.00024781286374047235	0.00021138391977442827	0.00021335980736657392	0.00012249867136056446	0.43871934909724514	0.000217218485841146	-1.1337049643336488	0.4995422525762573	0.0002463130589862502	-0.21219872995765457	0.5662042930681007	0.00019876381556050975	0.3279264126898166	-0.7021119791820405	-0.7960655086825613	-0.6828561264718037	-0.3277966662041287	-0.3393257605338289	-0.561931087443345	0.00022076512012930198
G910D	missense	104	82	45	102	95	10	12	55	42	84	43	4	20	46	70	51	80	0.00032973244567265417	0.00024426348672884103	0.00017755818890647314	0.0003409117237224912	0.00024845813609812025	0.0001789199739752765	0.00016794129805704837	0.00017154182404097398	0.00017572250555773506	0.0002799109553854868	0.00018899531807052962	6.374461358015247e-05	0.00027784760720286846	0.00017647279690609393	0.0002543772593895662	0.00022642265271554784	0.00015265219046470342	0.6467487830884248	0.0002527978838639814	0.8618719640395491	0.6489761349113922	0.00020404265076368134	0.9527230690966657	0.6096565363556361	0.00020248122486897786	0.6838317381152917	-0.027501320705466386	0.7389473447321128	0.6393631682621157	1.8415929899638293	0.8328089237505022	1.290270167347971	0.0002197739198322135
G910P	missense	50	111	98	104	77	19	6	133	87	74	31	7	4	69	95	56	90	0.00016015575932671776	0.0003296085604051831	0.00038213610221175744	0.0003475313688433163	0.00020187223557972272	0.00032530904359141186	9.042992972302605e-05	0.00041047507895518775	0.00035961815090885315	0.00024698025475190013	0.00013745114041493063	0.00010199138172824396	6.615419219115915e-05	0.0002628318251792889	0.0003439467169211036	0.00024819406163050433	0.00017149813990479027	0.5835879671363438	0.00031528706675999486	0.2559852648691672	0.5241240970983175	0.0002886311562577179	-0.020569321036254046	0.5799726924261314	0.00025661768590892173	0.44069956968614304	-0.5559839435038025	-0.46356496160126665	-0.18800610479170962	0.4841129184335084	0.2253718378396854	0.010273978416120877	0.0002868453029755448
G910_	nonsense	80	368	292	336	78	54	23	304	179	136	28	81	20	199	198	75	70	0.0002543650295189047	0.0010859424891920765	0.001130968464121666	0.0011154102028590248	0.00020446034116407814	0.0008945998698763826	0.0003100454733360893	0.0009342902916517333	0.0007355825814044723	0.0004511505986801375	0.0001245650960010309	0.0010454116627145007	0.00027784760720286846	0.0007509480719408252	0.0007129728819510378	0.00033092541550733913	0.0001338062410246166	0.5309878060268359	0.0008841953743342114	-0.24859558181668	0.47394786556945756	0.0005613971419343436	-0.411721481369457	0.4802439571594542	0.00048216315260595475	-0.37615096077978377	-0.46020343563671595	-0.2456254600010727	-0.5754806797855823	-0.15162378452312197	-0.34548934132197356	-0.19862462226209732	0.0006425852229581699
G910Y	missense	104	120	90	79	34	20	20	110	50	69	41	22	4	51	80	76	122	0.00032973244567265417	0.0003560949625805996	0.0003512564171845447	0.0002647858048330029	9.058369545243968e-05	0.00034157449577098246	0.00027128978916907815	0.00034002040122407346	0.00020841506473126716	0.00023051490443510677	0.00018040462179459645	0.0002932252224687014	6.615419219115915e-05	0.00019524649870461457	0.0002902050424021812	0.00033527969729033047	0.00023180517811306815	0.5211387192168947	0.00026568022001264674	-0.3430755312468018	0.5654876841334436	0.00023983874804626098	0.301883281220535	0.6433783062854257	0.0002631341041275486	0.960037443338975	-0.10005198785407812	0.5738651522146996	-0.646643953817359	-0.2683826846529597	0.30628173110423607	0.15274123378086993	0.00025621769072881875
G910A	missense	138	54	67	113	151	13	6	126	90	89	48	14	19	102	118	69	125	0.00043650295189046604	0.00016186134662754526	0.00026247732273130815	0.00037731977188702916	0.00039339204882202374	0.0002277163305139883	9.042992972302605e-05	0.00038903235095006603	0.0003718778605989277	0.0002963763057022801	0.00021047205876036253	0.00019123384074045744	0.0002646167687646366	0.000386738257049525	0.00042635061785011805	0.0003047997248093913	0.0002374589629450942	0.7096653093808992	0.00029876262251697655	1.465415250553376	0.5647378922305799	0.0003169396440029091	0.2960382284202504	0.5724868300350386	0.00033883689066353215	0.3793849380625913	-0.40108198351805935	-0.11110017823393102	0.14105261447251505	1.0240056462788845	0.7136128056787392	0.4564527340224767	0.0003181797190611393
G910R	missense	160	133	157	154	98	31	18	167	151	144	102	63	6	91	132	87	207	0.0005055897500314031	0.0003943530990562012	0.0006098737792874512	0.0005130224968639431	0.0002562224528511865	0.000520494469746259	0.0002454526663910707	0.0005146254721229219	0.00062115862429711	0.0004774951591870069	0.00044242085821055797	0.0008159310538259517	9.261586906762282e-05	0.0003454361130927796	0.000476509514067779	0.0003831767969032348	0.0003919957483538063	0.5889659330254098	0.00044336795701469553	0.30757481373201345	0.6030927854927893	0.0005139250284543992	0.5950363576486989	0.6286273293218795	0.00039927954310439994	0.8392162645148061	-0.32644836522115517	0.05872157293926177	-0.9449680561054151	-0.757848557876008	0.5806091452985062	-0.34956349246837315	0.0004521908428578316
G910G	silent	131	108	55	64	136	15	10	80	48	101	89	11	12	79	89	82	174	0.00041452078884562243	0.0003207797596800443	0.00021615779519048906	0.00021513846642681487	0.00035457046505669244	0.0002602472348731295	0.00014210417527904092	0.0002481229954878374	0.00020024192493788413	0.0003358931464625841	0.0003865813324169924	0.00015298707259236595	0.0001720008996970138	0.0003003792287763301	0.00032245004711353465	0.00036140538798827825	0.0003298041152015197	0.636335235394016	0.00027666162158851014	0.7619772754717907	0.6838281185958456	0.0002927098498263245	1.2244140330191058	0.6371029533313528	0.0003285096947699157	0.9086377602317117	-0.2627792853517779	0.2035945522445144	0.050875984123427136	0.8760511807174356	0.9650096895742027	0.539822866480975	0.00029929372206158344
G910V	missense	207	274	170	204	118	27	22	223	130	168	71	23	10	183	183	106	153	0.0006531842733324959	0.0008093067331377264	0.0006600532674566719	0.0006785136248845699	0.0003079845645382949	0.0004554326610279766	0.0002971269119470856	0.0006861672961638959	0.0005353406564665882	0.0005565288407076149	0.0003092650659335939	0.0003059741451847319	0.00014553922282055013	0.0006908722261855593	0.0006592312074321154	0.0004659081507800696	0.0002902276213773374	0.54938966170722	0.0006139645475043158	-0.07207095291928653	0.5585554593169255	0.0005218254648179233	0.24784266018790735	0.5421950135547836	0.0005265598014437704	0.13127303436194723	-0.1854821831787044	0.37947680947910767	-0.3227046786891659	0.26311047649552305	0.10234824721018936	0.32129364298731533	0.0005541166045886698
G910I	missense	96	35	30	83	84	10	18	36	35	91	85	9	22	43	73	49	131	0.0003046099736214043	0.00010594560870166599	0.0001196587794804493	0.00027802509507465306	0.00021998897467021065	0.0001789199739752765	0.0002454526663910707	0.00011334013374135781	0.00014711651628089448	0.00030296244582899746	0.00036939993986512607	0.00012748922716030494	0.0003043092840793321	0.00016520857582698158	0.0002651255942933507	0.00021771408914956524	0.00024876653260914633	0.7114572358570114	0.00018090461448174474	1.4826047754415805	0.7488216246318592	0.00023320475892909398	1.7310752452903693	0.6533311514042973	0.00022420369796976098	1.0415584492281573	0.1373089279405258	1.1139575033580773	0.3778417138818081	1.4125099019630523	1.4184128233200355	1.263233702660565	0.00021277102379353325
G910T	missense	85	58	47	64	67	15	12	109	53	51	38	10	7	47	75	49	149	0.0002700665745509358	0.0001736330809277304	0.00018527811016327633	0.00021513846642681487	0.0001759911797361685	0.0002602472348731295	0.00016794129805704837	0.0003369571543661989	0.0002206747744213417	0.00017123964329465073	0.0001675185773806967	0.00014023814987633546	0.00010584670750585465	0.00018022753726579807	0.00027229115089587373	0.00021771408914956524	0.00028268924160130263	0.6311554402864377	0.00018751020931349752	0.7122887318264619	0.5472226417791685	0.00022409753736572202	0.15949692501634455	0.6581622166141026	0.0002382305047281349	1.081128370262376	-0.19022861820316614	0.3686767447619278	-0.1221888203020663	0.5921005546278733	0.6509713423683942	0.4803886496949005	0.00021661275046911817
G910K	missense	66	11	14	39	21	1	6	17	16	23	14	6	16	16	9	22	37	0.00021040070342921743	3.531520290055533e-05	5.7899409426023855e-05	0.00013239290241650144	5.6938322855819224e-05	3.2530904359141185e-05	9.042992972302605e-05	5.513844344174164e-05	6.947168824375573e-05	7.903368152060803e-05	6.443022206949873e-05	8.924245901221346e-05	0.00022492425344994112	6.383058611497015e-05	3.582778301261496e-05	0.0001001484810088	7.161460787233e-05	0.6866549751894186	7.063645939972496e-05	1.244682582364592	0.6424566184308165	6.701850881890104e-05	0.9018997434302425	0.6653766728280606	6.785536450217877e-05	1.1402199888378688	0.4440160564961975	1.8118406136398448	0.4014647592282323	1.451268669457844	1.0956007715442342	1.6315546415488444	6.850344424026826e-05
G910C	missense	64	7	23	25	47	4	12	34	41	62	41	1	13	38	47	55	61	0.00020412008541640498	2.3543468600370222e-05	9.263905508163816e-05	8.605538657072594e-05	0.00012422906804906013	8.132726089785297e-05	0.00016794129805704837	0.00010721364002560874	0.00017163593566104355	0.0002074634139915961	0.00018040462179459645	2.549784543206099e-05	0.00018523173813524564	0.00014643487402846094	0.0001719733584605518	0.00024383977984751304	0.00011684488652853843	0.7381328547270463	8.161674457544862e-05	1.7384976486076702	0.6728839202764778	0.0001666794028682112	1.1390978048907838	0.621888580866282	0.00016977322471626606	0.7840210368212835	0.3149213601167398	1.5180978217639682	0.8612119178784721	2.20558433736613	1.2205388301065792	1.8618410795650493	0.00013935645738664197
G910E	missense	59	92	90	67	68	15	13	61	59	44	36	16	10	36	61	50	39	0.00018841854038437382	0.0002736928224793038	0.0003512564171845447	0.00022506793410805246	0.00017857928532052393	0.0002602472348731295	0.0001808598594460521	0.0001899213051882212	0.00024519419380149076	0.00014818815285114005	0.00015892788110476354	0.00021673168617251842	0.00014553922282055013	0.00013892539330905267	0.00022213225467821276	0.00022206837093255652	7.538379776034737e-05	0.5749890006772018	0.0002571491147731062	0.1734974229109653	0.5930042034109719	0.00018555788323640387	0.516390142981661	0.5888029939794375	0.00016462745417004235	0.5130261312203322	-0.15804393483176488	0.4419099527425841	-0.1729423583558338	0.5088282858701197	0.4009712323709862	0.47536911930635195	0.00020244481739318415
G910Q	missense	59	31	35	42	117	13	18	39	51	50	37	3	16	32	42	28	54	0.00018841854038437382	9.417387440148089e-05	0.00013895858262245726	0.00014232237009773906	0.0003053964589539395	0.0002277163305139883	0.0002454526663910707	0.0001225298743149814	0.00021250163462795867	0.00016794657323129206	0.00016322322924273012	5.099569086412198e-05	0.00022492425344994112	0.00012390643187023618	0.00015405946695424435	0.00012627417170674784	0.00010365272192047764	0.7419549713279654	0.0001702128215189042	1.7751623049498577	0.6395460917852461	0.00016655032785424056	0.8792105387922381	0.6032074026219835	0.00012697319811292651	0.631008664632076	0.032573577420512784	0.8756421028600077	0.6445028079145266	1.8500256918180364	1.0951271694580573	1.362833897339022	0.00015457878249535708
G910N	missense	69	35	29	39	23	2	2	41	22	28	10	4	0	33	45	32	33	0.0002198216304484361	0.00010594560870166599	0.00011579881885204771	0.00013239290241650144	6.211453402453006e-05	4.8796356538711774e-05	3.875568416701116e-05	0.00012865636803073048	9.39911076239048e-05	9.549903183740137e-05	4.7248829517632405e-05	6.374461358015247e-05	1.323083843823183e-05	0.0001276611722299403	0.00016480780185802884	0.00014369129883871304	6.407622809629526e-05	0.5904959081251091	0.0001040629659986863	0.32225150131111296	0.5419684630788766	9.134883425241725e-05	0.11853762443168855	0.5720572081937801	0.00012505912525574437	0.3758660242009712	-0.10005198785407812	0.5738651522146996	-0.6828561264718036	-0.32779666620412845	0.27221838331459086	0.12303424300528557	0.00010682364183561598
G910M	missense	64	3	20	48	117	3	14	34	22	61	48	3	3	11	32	42	84	0.00020412008541640498	1.1771734300185111e-05	8.10591731964334e-05	0.0001621813054602143	0.0003053964589539395	6.506180871828237e-05	0.0001937784208350558	0.00010721364002560874	9.39911076239048e-05	0.00020417034392823742	0.00021047205876036253	5.099569086412198e-05	5.292335375292732e-05	4.505688431644952e-05	0.00011823168394162938	0.00018723411666862608	0.00016019057024073817	0.8395747278822918	0.00014010216797769308	2.7116054331923825	0.7102391888713843	0.00015396178758452837	1.4303032933364541	0.7264276324108712	0.0001276783137918608	1.6402715395501122	0.47397927987364064	1.8800190991650738	0.01611387786421517	0.8190163499252244	1.9273934220263162	1.349517724545149	0.00014058075645136074
V911W	missense	79	27	14	22	30	1	12	21	16	31	23	0	15	33	26	24	67	0.00025122472051249844	8.240214010129577e-05	5.7899409426023855e-05	7.612591888948834e-05	8.0231273115018e-05	3.2530904359141185e-05	0.00016794129805704837	6.739143087323978e-05	6.947168824375573e-05	0.00010537824202747737	0.00010308835531119797	1.2748922716030496e-05	0.0002116934150117093	0.0001276611722299403	9.673501413406039e-05	0.00010885704457478262	0.00012815245619259051	0.6299357674596683	7.416468538295649e-05	0.7005887002176276	0.6767611576283041	8.633242911391771e-05	1.1693230673324073	0.628683277728218	0.00011535142178284346	0.839674522460965	0.7128613687887775	2.423572736107819	1.22023386052014	2.79463828008665	0.9031954300036666	2.6091055080972345	9.194951209323922e-05
V911G	missense	132	78	80	163	76	10	15	90	54	127	91	25	32	92	79	89	188	0.0004176610978520286	0.00023249175242865593	0.0003126568109005288	0.000542810899907656	0.0001992841299953673	0.0001789199739752765	0.00020669698222405952	0.00027875546406658274	0.0002247613443180332	0.0004215129681099095	0.00039517202869292553	0.00033147199061679287	0.00043661766846165044	0.00034919085345248374	0.0002866222641009197	0.00039188536046921743	0.0003561884444176413	0.6376754584751423	0.000321810898308052	0.7748337170255478	0.6766967666917957	0.00033005045129686275	1.168821103491088	0.6364040991370468	0.00034597173061006554	0.9029136385148291	0.06267530964362161	0.9441357521848844	0.1196544697712847	0.9888973144303647	0.9488561530104883	0.9665165333076245	0.0003326110267383268
V911V	silent	129	263	199	149	107	30	28	190	136	125	46	68	21	113	127	74	127	0.00040824017083280996	0.0007769344638122173	0.000771992125680318	0.0004964733840618805	0.0002795154031103853	0.0005042290175666884	0.0003746382802811079	0.0005850801498540363	0.0005598600758467373	0.0004149268279831922	0.00020188136248442935	0.0008796756674061041	0.00029107844564110026	0.00042804040100627043	0.0004585956225614715	0.00032657113372434784	0.00024122815283311158	0.5299548242988155	0.0005812288441662003	-0.25850473007671	0.5331502218128978	0.0004404371040420988	0.04979443634385742	0.5654871061868514	0.00036360882753130034	0.3220521329967554	-0.12901568378939476	0.5079609970038916	-0.4803125320508339	0.004520355949411449	0.0377806130879676	0.25624067647665155	0.0004617582585798665
V911T	missense	89	17	10	15	47	1	10	12	23	68	35	4	12	23	36	43	97	0.0002826278105765607	5.2972804350832996e-05	4.245956691241749e-05	5.295716096660058e-05	0.00012422906804906013	3.2530904359141185e-05	0.00014210417527904092	3.982220915236896e-05	9.807767752059631e-05	0.0002272218343717481	0.00015463253296679695	6.374461358015247e-05	0.0001720008996970138	9.011376863289904e-05	0.00013256279714667535	0.0001915883984516174	0.00018469030451285105	0.7278297339760667	6.81546500697278e-05	1.6396622594686032	0.7388940000585229	0.00012993856350287757	1.6536837856187923	0.6965318878619112	0.0001497388171860107	1.3954037516633901	0.6403107016401657	2.2584905435904057	0.43108722583503317	1.499870798395848	1.5629165989169287	1.8791806709931267	0.00011594401025287204
V911K	missense	30	83	37	67	31	19	10	106	38	31	15	25	9	33	46	27	53	9.734957919859315e-05	0.0002472064203038873	0.00014667850387926044	0.00022506793410805246	8.281937869937342e-05	0.00032530904359141186	0.00014210417527904092	0.0003277674137925753	0.00015937622597096901	0.00010537824202747737	6.872557020746531e-05	0.00033147199061679287	0.0001323083843823183	0.0001276611722299403	0.00016839058015929032	0.00012191988992375652	0.00010176812697646895	0.5511206712231477	0.00017544305924764342	-0.055465789955058506	0.467887199000367	0.00016531186299962173	-0.45896781193924996	0.595141349255014	0.00012993494232236403	0.5649418489449329	-0.3596892983598343	-0.016915031650705785	-0.39885947010660283	0.13816190145460108	0.01683608235020817	0.060623434901947645	0.00015689662152320973
V911F	missense	106	114	51	72	101	14	17	83	31	60	51	8	10	43	47	47	130	0.00033601306368546665	0.0003384373611303219	0.0002007179526768827	0.00024161704691011516	0.0002639867696042528	0.00024398178269355888	0.00023253410500206697	0.00025731273606146096	0.0001307702366941284	0.00020087727386487874	0.00022335810317426226	0.00011474030444427445	0.00014553922282055013	0.00016520857582698158	0.0001719733584605518	0.0002090055255835826	0.00024688193766513766	0.6031704850608943	0.0002611897825803931	0.44383570612617035	0.6201132364702104	0.00020307958744868258	0.7277204187431313	0.6694557962887172	0.00019826734938406342	1.1736309626536245	-0.020870741806453322	0.7540346009260032	0.10326405358311529	0.9620052553895396	0.7817290291743086	0.8580199281577714	0.00022084557313771305
V911L	missense	178	161	122	171	124	24	23	163	135	150	106	11	1	129	180	97	234	0.0005621153121467152	0.00047675523915749696	0.00047477515729339563	0.0005692894803909562	0.0003235131980444274	0.0004066363044892648	0.0003100454733360893	0.0005023724846914238	0.0005557735059500458	0.0004972535795671588	0.0004596022507624243	0.00015298707259236595	2.646167687646366e-05	0.0004881162467615364	0.0006484828725283309	0.00042671961473314784	0.0004428798118420408	0.6002477057144243	0.000461083268721569	0.41579817836561056	0.6134100211333898	0.0005037504552427632	0.6754650563875915	0.6027269949620359	0.000501549636466264	0.6270737781540839	-0.11778075481450968	0.5335250170307831	-0.7620373725194285	-0.45771080134218445	0.5727790043024287	0.03790710784429935	0.0004887944534768654
V911P	missense	93	21	10	21	92	2	8	14	16	31	41	9	9	21	37	32	137	0.00029518904660218566	6.47445386510181e-05	4.245956691241749e-05	7.28160963290758e-05	0.000240693819345054	4.8796356538711774e-05	0.00011626705250103349	4.594870286811803e-05	6.947168824375573e-05	0.00010537824202747737	0.00018040462179459645	0.00012748922716030494	0.0001323083843823183	8.260428791349079e-05	0.00013614557544793687	0.00014369129883871304	0.00026007410227319843	0.7908502995267311	0.00010517850530939135	2.2442035698644633	0.7618615237915621	0.0001003008137334869	1.8327286491318118	0.7334220735789331	0.0001556288161183348	1.6975610756418542	0.37706926686558434	1.659509515269854	0.01611387786421517	0.8190163499252244	1.9248310982127095	1.2392629325975393	0.00012036937838707101
V911E	missense	31	56	40	34	40	6	2	67	64	48	24	4	1	66	78	19	60	0.00010048988820499937	0.00016774721377763784	0.0001582583857644652	0.00011584378961443877	0.00010611232895857219	0.00011385816525699414	3.875568416701116e-05	0.0002083007863354684	0.0002656270432849483	0.00016136043310457473	0.00010738370344916456	6.374461358015247e-05	2.646167687646366e-05	0.00025156760410017647	0.0002830394857996582	8.708563565982608e-05	0.00011496029158452974	0.5731443586540227	0.00013699042952877849	0.1558022103060028	0.5564943411463307	0.000185667991543539	0.2317750759838907	0.522208086170066	0.00018416325428604761	-0.032434368453635835	-0.46802877314867253	-0.26343127660392207	-0.38182613080782246	0.1661088163362278	0.1183809726120859	-0.04866123013384714	0.00016894055845278837
V911R	missense	136	69	51	57	150	11	18	80	51	103	95	9	17	94	129	55	186	0.00043022233387765357	0.00020600535025323943	0.0002007179526768827	0.0001919697085039271	0.0003908039432376683	0.0001951854261548471	0.0002454526663910707	0.0002481229954878374	0.00021250163462795867	0.00034247928658930147	0.0004123534212447919	0.00012748922716030494	0.00023815509188817295	0.00035670033417189203	0.0004657611791639945	0.00024383977984751304	0.00035241925452962397	0.6939299158784878	0.00024737423866792935	1.314469359725172	0.6890364854642348	0.0003038643344874724	1.2650162044118805	0.6043154615066966	0.0003546801369282559	0.6400844689661536	0.09952036705112599	1.0279732012299987	0.27138638296752127	1.2378466712499765	1.0731900110344021	1.1329099362399875	0.0003019729033612192
V911M	missense	60	21	32	35	24	9	9	46	17	24	7	6	3	71	41	21	54	0.00019155884939078005	6.47445386510181e-05	0.00012737870073725247	0.0001191536121748513	6.470263960888549e-05	0.00016265452179570593	0.0001291856138900372	0.00014397260232010316	7.355825814044724e-05	8.23267515839667e-05	3.436278510373266e-05	8.924245901221346e-05	5.292335375292732e-05	0.0002703413058986971	0.00015047668865298284	9.57941992258087e-05	0.00010365272192047764	0.6222236565142265	9.399487279300183e-05	0.626608252467957	0.5052956967406365	8.355509928706244e-05	-0.16734737213978088	0.5132033653439857	0.00015506622892449154	-0.1061895500852131	-0.10005198785407819	0.5738651522146992	-0.22692417082207927	0.42025932756503176	0.11769044341432101	0.49706223988986553	0.00011087206700151861
V911N	missense	62	29	34	45	74	11	7	29	41	39	41	9	8	14	40	33	68	0.0001978394674035925	8.828800725138832e-05	0.00013509862199405565	0.00015225183777897667	0.00019410791882665645	0.0001951854261548471	0.00010334849111202976	9.189740573623606e-05	0.00017163593566104355	0.00013172280253434673	0.00018040462179459645	0.00012748922716030494	0.00011907754594408647	5.63211053955619e-05	0.00014689391035172135	0.00014804558062170436	0.00013003705113659922	0.6984126970395096	0.00014243659646276927	1.3574716142054697	0.6739890332294421	0.0001439151914315557	1.1477127866419659	0.6827344156586893	0.0001203244118763967	1.282392467020572	-0.2761432469097594	0.17318611960817545	-0.029643612696459955	0.7439411887096202	1.262525622622669	0.4585636541588978	0.00013555873325690724
V911Y	missense	70	21	25	45	48	14	6	35	25	61	24	12	7	38	95	32	80	0.00022296193945484235	6.47445386510181e-05	0.00010035897633844135	0.00015225183777897667	0.00012681717363341555	0.00024398178269355888	9.042992972302605e-05	0.00011027688688348328	0.00010625081731397933	0.00020417034392823742	0.00010738370344916456	0.00016573599530839644	0.00010584670750585465	0.00014643487402846094	0.0003439467169211036	0.00014369129883871304	0.00015265219046470342	0.6920096505958544	0.00011104313160046291	1.2960487111618448	0.6461236177081408	0.00013202043789371613	0.9304860809362923	0.5961456591807034	0.00019668127006324527	0.5731678742059356	-0.4310452068955026	-0.17927866375916016	-0.19473948745067798	0.4730653329463172	0.9332342221013578	0.1468933345935785	0.0001465816131858081
V911S	missense	137	102	98	92	271	19	14	95	75	140	118	60	25	84	111	107	272	0.0004333626428840598	0.0003031221582297666	0.00038213610221175744	0.0003078134981183659	0.000703964718944674	0.00032530904359141186	0.0001937784208350558	0.0002940716983559554	0.000310579312148555	0.00046432287893357217	0.0005111464284180233	0.0007776842856778602	0.0003440017993940276	0.00031915293057485075	0.00040127116974128757	0.0004702624325630609	0.0005144944197143708	0.7081011216469488	0.000424259119376141	1.4504103693035038	0.6886793087743622	0.0003950300794640265	1.262231809697344	0.6730165850759166	0.0004262952381483925	1.2027964002972802	-0.22499072446237814	0.28957885437259284	-0.35424260917573386	0.21136561053645164	1.305146193099376	0.2504722324545222	0.00041519481232952
V911A	missense	76	68	47	62	136	16	14	52	31	75	36	26	7	36	46	62	132	0.00024180379349327975	0.00020306241667819314	0.00018527811016327633	0.00020851882130598978	0.00035457046505669244	0.0002765126870527001	0.0001937784208350558	0.00016235208346735037	0.0001307702366941284	0.00025027332481525875	0.00015892788110476354	0.0003442209133328234	0.00010584670750585465	0.00013892539330905267	0.00016839058015929032	0.00027431975232845217	0.000250651127553155	0.6877693248686984	0.00023785745330103794	1.2553722740464188	0.644440912374601	0.00017558088152037525	0.9173684392489186	0.6912491503269002	0.00020807171333748754	1.352134307342783	-0.15440965017667085	0.45017942430879826	-0.5121598993028286	-0.047732208634864104	1.1749583402127068	0.20122360783696708	0.0002071700160529669
V911H	missense	46	91	67	42	21	8	6	72	55	49	21	13	2	63	57	32	66	0.00014759452330109283	0.0002707498889042575	0.00026247732273130815	0.00014232237009773906	5.6938322855819224e-05	0.00014638906961613534	9.042992972302605e-05	0.0002236170206248411	0.00022884791421472472	0.0001646535031679334	9.449765903526481e-05	0.00017848491802442692	3.9692515314695496e-05	0.0002403033830210641	0.00020780114147316678	0.00014369129883871304	0.00012626786124858184	0.49503374970299263	0.000183121976147281	-0.5934943007370723	0.5456818645453603	0.000177904024260691	0.14748569329899955	0.554286145387537	0.00017951592114538143	0.2303081562363761	-0.20919645727914618	0.3255172179781666	-0.6528929030943603	-0.2786354513289846	-0.07190015040056556	0.02344088332459099	0.00018018064051778448
V911C	missense	93	34	22	53	58	11	13	25	29	65	48	11	12	32	66	68	171	0.00029518904660218566	0.00010300267512661972	8.877909445323657e-05	0.00017873041826227696	0.00015269822947696976	0.0001951854261548471	0.0001808598594460521	7.964441830473792e-05	0.00012259709690074538	0.0002173426241816721	0.00021047205876036253	0.00015298707259236595	0.0001720008996970138	0.00012390643187023618	0.00024004614618452024	0.0003004454430264	0.0003241503303694937	0.6821084737009123	0.00013080260432977574	1.2010690739239436	0.7216636885091249	0.00015751404953687946	1.5193637424349054	0.7085987171706715	0.00024713708786266254	1.4942398182749366	-0.0331051982234649	0.7261962505846906	0.050875984123427136	0.8760511807174356	1.404890878211262	0.8011237156510631	0.00017848458057643924
V911D	missense	61	2	6	17	38	1	5	19	9	27	10	1	0	16	17	13	42	0.0001946991583971863	8.828800725138832e-06	2.7019724398811132e-05	5.957680608742565e-05	0.00010093611778986136	3.2530904359141185e-05	7.751136833402232e-05	6.12649371574907e-05	4.086569896691513e-05	9.22059617740427e-05	4.7248829517632405e-05	2.549784543206099e-05	1.323083843823183e-05	6.383058611497015e-05	6.449000942270693e-05	6.095994496187826e-05	8.103758259237342e-05	0.8216265746496123	4.9090362250309243e-05	2.5394330640671523	0.629807792002883	6.039635685402024e-05	0.8032949731592791	0.6472381154199502	6.757953077298219e-05	0.9916520740730629	0.37706926686558434	1.659509515269854	-0.284916117799766	0.32511086738486816	1.4447933704331648	0.9923101913273611	5.902208329243723e-05
V911I	missense	85	2	4	22	64	1	10	2	3	41	32	1	2	12	23	23	100	0.0002700665745509358	8.828800725138832e-06	1.9299803142007953e-05	7.612591888948834e-05	0.00016822686298310227	3.2530904359141185e-05	0.00014210417527904092	9.189740573623606e-06	1.634627958676605e-05	0.00013830894266106405	0.00014174648855289722	2.549784543206099e-05	3.9692515314695496e-05	4.881162467615364e-05	8.59866792302759e-05	0.0001045027627917913	0.0001903440893448771	0.8704389228593028	6.812034643493435e-05	3.0076783216642444	0.8375521282889089	7.639786284358772e-05	2.4227798061031036	0.7539184433174538	0.00010741128901077449	1.8654411800948654	0.6403107016401657	2.2584905435904057	0.19220513691989644	1.1079325361119206	2.4319664359540716	1.6832115398511631	8.397649942976553e-05
V911_	nonsense	45	53	63	42	7	10	4	110	74	57	21	11	7	90	100	34	39	0.0001444542142946866	0.000158918413052499	0.0002470374802177018	0.00014232237009773906	2.0704844674843356e-05	0.0001789199739752765	6.45928069450186e-05	0.00034002040122407346	0.0003064927422518635	0.00019099806367480274	9.449765903526481e-05	0.00015298707259236595	0.00010584670750585465	0.0003416813727330755	0.00036186060842741114	0.00015239986240469565	7.538379776034737e-05	0.5109026287618106	0.00014224577701069582	-0.4412679146850659	0.5107222640179481	0.0002330022165465011	-0.12504420490226054	0.48966153375932253	0.00023283141033138242	-0.2990141915152853	-0.4424746686762843	-0.20528532481715614	-0.15997738119146607	0.5301001637385283	-0.2884421037008706	0.1624074194606861	0.00020269313462952646
V911Q	missense	11	2	0	0	1	0	0	4	4	1	0	0	0	1	5	1	0	3.768370807687477e-05	8.828800725138832e-06	3.85996062840159e-06	3.309822560412536e-06	5.176211168710839e-06	1.6265452179570593e-05	1.291856138900372e-05	1.5316234289372676e-05	2.0432849483457566e-05	6.586140126717336e-06	4.295348137966582e-06	1.2748922716030496e-05	1.323083843823183e-05	7.509480719408253e-06	2.1496669807568976e-05	8.70856356598261e-06	1.8845949440086842e-06	0.5570660088306193	5.293698770665949e-06	0.0015664209837210755	0.4992526475623652	1.165764300937854e-05	-0.21445636516411798	0.531365905462855	9.89982725924213e-06	0.04257480044059094	-0.10005198785407819	0.5738651522146992	0.01611387786421517	0.8190163499252244	-0.05677171457993532	0.6964407510699618	8.950389679762207e-06
T912P	missense	46	127	113	133	43	14	12	220	139	88	46	8	7	116	166	68	119	0.00014759452330109283	0.00037669549760592356	0.0004400355116377813	0.00044351622309527985	0.00011387664571163845	0.00024398178269355888	0.00016794129805704837	0.0006769775555902724	0.0005721197855368119	0.00029308323563892143	0.00020188136248442935	0.00011474030444427445	0.00010584670750585465	0.0004393046220853828	0.0005983239763106699	0.0003004454430264	0.0002261513932810421	0.5535930605708064	0.0003435309695126558	-0.03174874643153215	0.5028480073686555	0.0004360154848126088	-0.18642849793385885	0.5500956576573178	0.00039105635867587365	0.1959850284418918	-0.16219989460292264	0.43245345870881396	-0.035038644583166134	0.7350894600921885	-0.00739740530783306	0.5837714594005012	0.00039020093766704606
T912N	missense	67	52	29	44	158	9	23	32	60	68	66	5	12	53	68	55	96	0.00021354101243562366	0.0001559754794774527	0.00011579881885204771	0.00014894201521856415	0.0004115087879125117	0.00016265452179570593	0.0003100454733360893	0.00010108714630985967	0.0002492807636981823	0.0002272218343717481	0.000287788325243761	7.649353629618297e-05	0.0001720008996970138	0.00020275597942402283	0.00024721170278704324	0.00024383977984751304	0.00018280570956884237	0.7451212148414119	0.00020805627536514407	1.8055353266123264	0.7027181422723892	0.00021634451740588776	1.3716724728159546	0.615984801713095	0.00021915329290685538	0.7356648121069227	0.2801592538575279	1.4389999313746338	0.35190597978740834	1.369956663257792	1.3042908705117346	1.4044782973162129	0.00021451802855929577
T912L	missense	149	102	46	75	117	11	15	132	85	115	82	12	4	141	176	140	203	0.00047104635096093455	0.0003031221582297666	0.00018141814953487475	0.00025154651459135277	0.0003053964589539395	0.0001951854261548471	0.00020669698222405952	0.00040741183209731325	0.0003514450111154701	0.0003819961273496055	0.00035651389545122633	0.00016573599530839644	6.615419219115915e-05	0.000533173131077986	0.0006341517593232848	0.000613953731401774	0.0003844573685777716	0.6342357780256697	0.0002603708203274834	0.7418376798098	0.6148035430998533	0.0003743417165034038	0.6863283498443837	0.5980839009525258	0.0005414339975952042	0.5890434773132118	0.024886748754221824	0.8581514500568059	-0.39885947010660283	0.13816190145460108	0.6724031689891318	0.4981566757557035	0.0003920488448086971
T912W	missense	69	33	34	46	51	6	10	62	40	48	39	5	8	69	65	44	135	0.0002198216304484361	0.00010005974155157344	0.00013509862199405565	0.0001555616603393892	0.00013458149038648182	0.00011385816525699414	0.00014210417527904092	0.00019298455204609573	0.00016754936576435204	0.00016136043310457473	0.0001718139255186633	7.649353629618297e-05	0.00011907754594408647	0.0002628318251792889	0.00023646336788325876	0.00019594268023460871	0.00025630491238518103	0.6545135939742301	0.00013132537856787503	0.9363579497945808	0.612440539739485	0.00017342706910842144	0.6679073995035624	0.6171047394117077	0.00023788569642058433	0.7448379125253162	0.09624265728989004	1.0205150821652602	0.19220513691989638	1.1079325361119206	0.7830344206078198	1.0642238091385905	0.00018087938136562693
T912R	missense	193	174	80	139	249	32	28	239	155	189	152	21	42	198	216	151	442	0.0006092199472428086	0.0005150133756330986	0.0003126568109005288	0.0004633751584577551	0.0006470263960888548	0.0005367599219258296	0.0003746382802811079	0.0007351792458898885	0.0006375049038838761	0.0006256833120381469	0.0006571882651088871	0.0002804762997526709	0.0005689260528439688	0.0007471933315811211	0.0007774628913737447	0.0006618508310146783	0.0008348755601958471	0.660264265334919	0.0004845179352700593	0.99152277368452	0.6134301743465134	0.0006638889317301996	0.6756221621049946	0.6310996340216017	0.0007553456535413477	0.8594662295829616	-0.15616792983300953	0.4461786249759322	0.3071596526215954	1.2965405365293157	0.8422037217908255	0.871359580752624	0.0006345841735138688
T912G	missense	162	69	57	327	1158	26	271	79	42	261	386	36	406	85	83	163	749	0.0005118703680442155	0.00020600535025323943	0.00022387771644729224	0.001085621799815312	0.002999614372267931	0.000439167208848406	0.003513848697809012	0.0002450597486299628	0.00017572250555773506	0.000862784356599971	0.0016622997293930673	0.00047171014049312833	0.0053849512443603555	0.00032290767093455487	0.0003009533773059657	0.0007141022124105739	0.0014134462080065131	0.8808783794130136	0.0011287798096959437	3.107821547762831	0.8345640646508653	0.000736466585045184	2.399486156667482	0.79240349302308	0.0006878523671644019	2.1806615945820864	0.9031531520211332	2.8565637205972947	1.0575065630224403	2.5276485928436445	2.562656433004133	2.6921061567204694	0.0008510329206351765
T912_	nonsense	64	365	380	116	20	56	10	232	132	80	39	80	9	71	118	55	50	0.00020412008541640498	0.0010771136884669375	0.001470644999421006	0.00038724923956826675	5.435021727146381e-05	0.0009271307742355238	0.00014210417527904092	0.0007137365178847667	0.0005435137962599712	0.00026673867513205213	0.0001718139255186633	0.0010326627399984702	0.0001323083843823183	0.0002703413058986971	0.00042635061785011805	0.00024383977984751304	9.61143421444429e-05	0.45139725768717764	0.0007473395361819185	-1.0120887997520231	0.4847609072355179	0.0004239507286988633	-0.3274276936819595	0.539967151497519	0.0002591615114351928	0.11302523147529396	-0.8145341583683445	-1.0518715619838328	-0.8923711410144347	-0.6715518263132765	-0.40883042065289626	-0.8617116941485546	0.0004768172587719915
T912S	missense	172	248	174	189	697	40	123	151	59	216	236	41	212	126	141	126	503	0.0005432734581082778	0.0007327904601865231	0.0006754931099702783	0.0006288662864783819	0.0018064976978800827	0.0006668835393623943	0.0016019016122364614	0.0004656135223969294	0.00024519419380149076	0.0007145962037488309	0.00101799750869808	0.0005354547540732808	0.00281816858734338	0.00047685202568242406	0.0005087545187791324	0.0005529937864398956	0.0009498358517803768	0.7282383577241491	0.0009609118886288164	1.6435820899868816	0.7337906567418699	0.0006108503571613329	1.6139003323301038	0.698499511266234	0.0006221090456704572	1.4115200116087347	0.38058584058842143	1.667511146724544	0.7212441909050524	1.9759366985040894	1.5563341446419068	1.8217239226143167	0.0007312904304868688
T912A	missense	112	34	29	93	125	10	33	69	54	112	87	9	38	53	61	71	208	0.000354854917723904	0.00010300267512661972	0.00011579881885204771	0.0003111233206787784	0.00032610130362878284	0.0001789199739752765	0.0004392310872261265	0.00021442728005121748	0.0002247613443180332	0.0003721169171595295	0.00037799063614105924	0.00012748922716030494	0.0005160026990910413	0.00020275597942402283	0.00022213225467821276	0.0003135082883753739	0.000393880343297815	0.7512549659501332	0.00021400652957155716	1.8643749434978227	0.6920612641630962	0.00029732404441745985	1.2885960685535107	0.6983863272989435	0.0002830692164438561	1.4105929529884254	0.39003424402995196	1.6890100965925299	0.6071784848907144	1.788786984582544	1.5211879883465862	1.7388985405875368	0.00026479993014429104
T912T	silent	82	112	80	102	82	19	11	191	112	120	49	33	7	123	187	81	180	0.0002606456475317171	0.0003325514939802294	0.0003126568109005288	0.0003409117237224912	0.0002148127635014998	0.00032530904359141186	0.00015502273666804465	0.0005881433967119108	0.000461782398326141	0.0003984614776663988	0.00021476740689832912	0.00043346337234503684	0.00010584670750585465	0.00046558780460331166	0.0006735623206371613	0.00035705110620528696	0.00034111168486557187	0.5911761589875587	0.0003002331980261873	0.3287769861935453	0.5360539067250846	0.0004157886699006949	0.07243030579283141	0.5780605560217903	0.00045932822907783293	0.42503778843490614	-0.3219007374704345	0.06906927047737274	-0.6122750521860963	-0.21199299196758764	0.2754150268070943	-0.07146186074510745	0.0003917833656682384
T912E	missense	38	104	69	83	29	23	15	75	49	27	19	45	5	75	85	33	52	0.00012247205124984298	0.0003090080253798592	0.0002701972439881113	0.00027802509507465306	7.764316753066258e-05	0.0003903708523096942	0.00020669698222405952	0.0002328067611984647	0.00020432849483457564	9.22059617740427e-05	8.590696275933165e-05	0.0005864504449374028	7.938503062939099e-05	0.00028536026733751364	0.0003081189339084887	0.00014804558062170436	9.988353203246026e-05	0.5332407006148054	0.00023371838299332152	-0.2269840993665599	0.5126831444123515	0.00015381204514160367	-0.10975803096979264	0.5185559068995964	0.00021035207847504173	-0.0623483603082638	-0.2761432469097594	0.17318611960817545	-0.8684927034337152	-0.63237403205526	-0.13303016354820543	-0.22959395622354228	0.00019929416886998896
T912H	missense	44	12	8	32	87	6	19	3	18	61	33	3	14	27	36	42	107	0.00014131390528828035	3.825813647560161e-05	3.4739645655614314e-05	0.0001092241444936137	0.0002277532914232769	0.00011385816525699414	0.0002583712277800744	1.2252987431498142e-05	7.764482803713875e-05	0.00020417034392823742	0.0001460418366908638	5.099569086412198e-05	0.00019846257657347746	0.00010513273007171553	0.00013256279714667535	0.00018723411666862608	0.0002035362539529379	0.821039277307482	0.00010249380451202663	2.5337992602175503	0.7749318546391178	0.00011002749902193453	1.934619285226126	0.6945904687048586	0.00015711647445998872	1.379502123471129	0.35587996779564623	1.6112952660306654	0.590145145591934	1.7608400697009174	1.9493068896382681	1.6860676678657915	0.00012321259266464995
T912C	missense	110	135	123	119	114	20	21	173	88	128	68	36	10	116	92	79	158	0.0003485742997110916	0.00040023896620629376	0.0004786351179217972	0.00039717870724950433	0.00029763214220087324	0.00034157449577098246	0.00028420835055808184	0.0005330049532701692	0.00036370472080554466	0.00042480603817326816	0.00029637902151969416	0.00047171014049312833	0.00014553922282055013	0.0004393046220853828	0.00033319838201731914	0.00034834254263930433	0.0002996505960973808	0.5940791915854337	0.00039342123339461714	0.3566250880870503	0.574874946717604	0.0004044736834421691	0.375062312955858	0.5894650638988324	0.0003551240357098468	0.5184489630994	-0.07984860176579121	0.6198360495587362	-0.5106951610445548	-0.045328985478805095	0.4167121213807694	0.2872535320399655	0.0003843396508488777
T912F	missense	97	76	44	80	45	12	12	88	73	67	40	11	11	50	65	59	103	0.00030775028262781056	0.00022660588527856338	0.00017369822827807157	0.0002680956273934154	0.0001190528568803493	0.0002114508783344177	0.00016794129805704837	0.00027262897035083367	0.000302406172355172	0.00022392876430838942	0.00017610927365662986	0.00015298707259236595	0.00015877006125878198	0.00019149175834491045	0.00023646336788325876	0.00026125690697947825	0.00019599787417690315	0.5887658052833581	0.0001968631494575999	0.3056550358568176	0.5778193748139859	0.00024376829516775623	0.3980157986153609	0.6304100002542609	0.00022130247684613765	0.8538176298371285	-0.10005198785407812	0.5738651522146996	0.01611387786421517	0.8190163499252244	0.5191628214364357	0.696440751069962	0.0002206446404904979
T912D	missense	75	79	72	86	201	9	17	81	61	94	53	43	28	48	56	59	112	0.00023866348448687351	0.00023543468600370222	0.0002817771258733161	0.00028795456275589065	0.0005227973280397947	0.00016265452179570593	0.00023253410500206697	0.0002511862423457119	0.0002533673335948738	0.00031284165601907344	0.00023194879945019544	0.0005609525995053418	0.0003836943147087231	0.0001839822776255022	0.0002042183631719053	0.00026125690697947825	0.00021295922867298133	0.7067290187641567	0.00033199092566817595	1.4372481123876368	0.6252098922856696	0.00026233600785246364	0.7674517391701144	0.6458671434858125	0.00021560419411246676	0.9804228215546218	0.15522051724922792	1.1547136335325272	-0.16494080072301623	0.5219565894964554	1.0617075577041242	0.8383351115144912	0.00026997704254436876
T912Y	missense	110	93	76	117	51	16	9	137	115	88	44	29	10	137	111	59	126	0.0003485742997110916	0.0002766357560543501	0.00029721696838692246	0.0003905590621286793	0.00013458149038648182	0.0002765126870527001	0.0001291856138900372	0.0004227280663866859	0.00047404210801621553	0.00029308323563892143	0.0001932906662084962	0.0003824676814809149	0.00014553922282055013	0.0005181541696391694	0.00040127116974128757	0.00026125690697947825	0.0002393435578891029	0.5871448203732913	0.0002747483192391084	0.2901053127925922	0.5464406611865372	0.00034578601906257975	0.15340094313754568	0.5390467997931568	0.00035500645106225953	0.10548688482010873	-0.3305009092323521	0.04950039170227432	-0.41961469169722226	0.10410842544688284	0.18299771358341554	0.07680440857457858	0.0003251802631213159
T912Q	missense	2	9	2	1	2	4	0	23	5	8	0	2	0	19	4	2	8	9.420927019218692e-06	2.9429335750462777e-05	1.157988188520477e-05	6.619645120825072e-06	7.764316753066258e-06	8.132726089785297e-05	1.291856138900372e-05	7.351792458898885e-05	2.4519419380149078e-05	2.9637630570228012e-05	4.295348137966582e-06	3.824676814809149e-05	1.323083843823183e-05	7.509480719408253e-05	1.791389150630748e-05	1.3062845348973913e-05	1.696135449607816e-05	0.4671391984177008	1.3848294877389718e-05	-0.8610801029202938	0.4331486105608934	3.299258066933313e-05	-0.7297747956644159	0.44288264930503496	3.075822463636052e-05	-0.6821671160852297	-0.799021992190097	-1.0165750925777817	-0.4610073768554473	0.036194681198171916	-0.7576740048899798	-0.49019020568980487	2.586636672769446e-05
T912K	missense	65	36	41	44	35	0	5	95	27	46	16	2	6	26	69	36	49	0.00020726039442281122	0.00010888854227671227	0.0001621183463928668	0.00014894201521856415	9.31718010367951e-05	1.6265452179570593e-05	7.751136833402232e-05	0.0002940716983559554	0.00011442395710736236	0.0001547742929778574	7.30209183454319e-05	3.824676814809149e-05	9.261586906762282e-05	0.00010137798971201142	0.00025079448108830476	0.00016110842597067828	9.422974720043421e-05	0.6103040049068769	0.0001282801762312346	0.5122658669434067	0.502649901037723	0.00015907271669665174	-0.187972849053081	0.6021339844504879	0.00015187766099285715	0.622216592813926	0.6780992625295655	2.344474845718484	0.3840906631588095	1.4227626686390773	0.3155032035680839	1.8836187571787808	0.0001464101846402478
T912M	missense	52	5	10	32	51	0	2	58	14	35	48	1	1	13	54	42	112	0.0001664363773395302	1.7657601450277664e-05	4.245956691241749e-05	0.0001092241444936137	0.00013458149038648182	1.6265452179570593e-05	3.875568416701116e-05	0.0001807315646145976	6.129854845037269e-05	0.00011855052228091205	0.00021047205876036253	2.549784543206099e-05	2.646167687646366e-05	5.256636503585777e-05	0.0001970528065693823	0.00018723411666862608	0.00021295922867298133	0.7967279190368356	7.598070081069767e-05	2.3005861771863576	0.6570621585756372	0.00014276317352656122	1.0157582060211208	0.7156722879133863	0.00016245312923671187	1.5521774828610184	0.37706926686558434	1.659509515269854	0.01611387786421517	0.8190163499252244	1.6228406220228322	1.2392629325975393	0.00012706566785799026
T912I	missense	86	119	47	55	61	16	18	85	85	96	39	11	14	106	143	65	95	0.00027320688355734205	0.0003531520290055533	0.00018527811016327633	0.00018535006338310202	0.000160462546230036	0.0002765126870527001	0.0002454526663910707	0.00026343922977721003	0.0003514450111154701	0.0003194277961457908	0.0001718139255186633	0.00015298707259236595	0.00019846257657347746	0.00040175721848834155	0.0005159200753816555	0.0002873825976774261	0.0001809211146248337	0.5432921635627054	0.00022106068719549192	-0.13056280373356963	0.5903189218346518	0.00027653149063928354	0.49545685130796446	0.5446376262258812	0.0003464952515430642	0.1512798002230955	-0.051747308279523126	0.6837778894288774	0.11302389087227156	0.9780184009738648	0.1720579492658301	0.8308981452013711	0.0002813624764592799
T912V	missense	144	75	73	86	116	23	28	102	82	116	62	21	20	78	119	101	150	0.0004553448059289034	0.0002236629517035171	0.00028563708650171767	0.00028795456275589065	0.0003028083533695841	0.0003903708523096942	0.0003746382802811079	0.00031551442636107717	0.0003391853014253956	0.00038528919741296415	0.0002706069326918947	0.0002804762997526709	0.00027784760720286846	0.000296624488416626	0.00042993339615137957	0.00044413674186511305	0.0002845738365453113	0.6522431773459552	0.00027501573858267737	0.9145783825753931	0.6165478726254179	0.0003276489644728329	0.6999263870318744	0.6231147284454229	0.0003638171157446075	0.7940640730412112	-0.01786523166672806	0.7608733554543777	-0.0040895082240718335	0.7858682806344057	0.8028562808828262	0.7733708180443917	0.0003221606062667059
Q913R	missense	356	786	518	568	384	89	85	401	223	313	247	218	97	253	370	226	413	0.0011210903152870243	0.0023160887235614204	0.0020033195661404253	0.001883289036874733	0.0009964206499768365	0.0014638906961613532	0.0011109962794543199	0.0012314252368655634	0.0009153916568588989	0.0010340239998946218	0.0010652463382157123	0.0027920140748106787	0.0012966221669467193	0.0009537040513648481	0.0013292107497680152	0.000988421964739026	0.0007802223068195952	0.5541747481548377	0.001799779494138354	-0.026168755658383832	0.613816046039236	0.001061521807958699	0.6786302506286032	0.5984289318256002	0.0010128897681728711	0.5918695299142427	-0.11979604604983533	0.5289394121181885	-0.33310416128340836	0.24604785302655582	0.4147770082948206	0.3874936325723722	0.0012913970234233081
Q913S	missense	367	256	191	606	2336	79	585	304	197	715	830	133	1219	175	244	297	1100	0.0011556337143574927	0.0007563339287868933	0.0007411124406531053	0.0020090622941704096	0.006048402750638615	0.0013012361743656475	0.00757027697395618	0.0009342902916517333	0.0008091408395449196	0.002357838165364806	0.0035694343026502298	0.0017083556439480864	0.016141622894642833	0.0006608343033079263	0.0008777806838090665	0.0012975759713314088	0.0020749390333535613	0.8492846057879953	0.002388727853562256	2.8047499846829376	0.7790622909707229	0.001917675899802922	1.966818377206495	0.7436618325477434	0.001227782497950491	1.7814321136445872	0.764755641172069	2.541653252811842	0.9753689101741557	2.3928838263781538	2.1843334918446735	2.467268539594998	0.0018447287504385563
Q913T	missense	190	415	352	391	187	68	48	275	188	242	79	75	23	218	298	140	232	0.00059979902022359	0.0012242603672192516	0.0013625661018257613	0.0012974504436817143	0.0004865638498588188	0.001122316200390371	0.0006330095080611823	0.0008454561327733718	0.000772361710474696	0.0008002160253961563	0.0003436278510373266	0.0009689181264183177	0.00031754012251756396	0.0008222881387752037	0.0010712507120771873	0.000613953731401774	0.00043911062195402343	0.5598464822338413	0.0010927101906463865	0.02823884164540645	0.5581185948773143	0.0006904154299203877	0.244437054304006	0.5568355144983483	0.0007366508010520471	0.2511893346144152	-0.24870499856281983	0.23561926287165194	-0.48448847270497014	-0.002331187131176757	0.17462174352127588	0.1166440378702376	0.0008399254738729404
Q913V	missense	388	327	200	316	404	59	114	311	174	360	366	76	178	228	283	236	546	0.0012215802034920237	0.0009652822126151791	0.0007758520863087197	0.001049213751650774	0.0010481827616639447	0.0009759271307742355	0.001485634559735428	0.0009557330196568551	0.0007151497319210148	0.0011887982928724791	0.0015763927666337357	0.0009816670491343482	0.0023683200804434975	0.000859835542372245	0.0010175090375582649	0.0010319647825689391	0.0010308734343727503	0.6420007529581314	0.0009596327030596543	0.8163252392254253	0.6908134845515377	0.0011090184527710212	1.2788689193474145	0.6417368320268981	0.0009850456992180497	0.9465925809807092	0.18249460211588994	1.2167732382977292	0.3824761836716264	1.4201137622787332	1.0139289131845164	1.318443500288231	0.0010178989516829084
Q913Y	missense	163	145	97	106	92	15	21	83	38	69	84	16	21	44	61	44	120	0.0005150106770506218	0.00042966830195675655	0.00037827614158335586	0.0003541510139641414	0.000240693819345054	0.0002602472348731295	0.00028420835055808184	0.00025731273606146096	0.00015937622597096901	0.00023051490443510677	0.0003651045917271595	0.00021673168617251842	0.00029107844564110026	0.0001689633161866857	0.00022213225467821276	0.00019594268023460871	0.0002280359882250508	0.5723327368899421	0.00035069731921232695	0.1480165155805468	0.6737146781037462	0.0002530771145486741	1.1455740329563142	0.6481617615894483	0.0002037685598311395	0.9992174047824095	0.038250710312203264	0.8885598826931448	0.1280876373081474	1.0027337684104762	0.7642693177730902	0.9456468255518105	0.0002691809978640468
Q913P	missense	228	528	351	411	336	136	59	406	204	351	278	342	78	196	221	131	374	0.0007191307624670268	0.0015568118611994808	0.0013587061411973597	0.001363646894889965	0.0008721915819277763	0.002228366948601171	0.0007751136833402232	0.001246741471154936	0.0008377468288217601	0.0011591606623022512	0.0011984021304926764	0.00437288049159846	0.0010452362366203147	0.0007396838508617129	0.0007953767828800522	0.0005747651953548522	0.0007067231040032566	0.5752820254143307	0.0012878391198036453	0.176308339585775	0.6299638052278583	0.001110512773192906	0.8045111846628188	0.6108206871383495	0.0007041372332749684	0.6933669756961045	-0.45862130462684125	-0.24202547028044194	-0.6215531508881139	-0.22721574014047127	0.5580621666482327	-0.2346206052104566	0.0010341630420905067
Q913L	missense	396	304	173	253	224	52	48	188	200	245	150	86	36	210	246	169	309	0.0012467026755432734	0.0008975947403891146	0.0006716331493418767	0.0008406949303447842	0.0005823237564799693	0.0008620689655172414	0.0006330095080611823	0.0005789536561382873	0.0008214005492349941	0.0008100952355862323	0.0006485975688329539	0.0011091562762946532	0.0004895410222145777	0.0007922502158975706	0.0008849462404115896	0.0007402279031085218	0.0005842244326426921	0.5925515055806908	0.0007480616441389363	0.3419703592519341	0.6336403976464166	0.0007147617524481168	0.8331723061413532	0.5929844420381044	0.0007504121980150935	0.547275217561439	-0.13413177742635346	0.49631980901890027	-0.35520365068740845	0.20978881195025764	0.5741392943182421	0.35305431048457897	0.0007377451982007154
Q913W	missense	137	56	55	124	177	12	43	75	44	116	141	0	21	70	79	93	245	0.0004333626428840598	0.00016774721377763784	0.00021615779519048906	0.00041372782005156703	0.00046068279401526464	0.0002114508783344177	0.0005684167011161637	0.0002328067611984647	0.00018389564535111809	0.00038528919741296415	0.0006099394355912547	1.2748922716030496e-05	0.00029107844564110026	0.000266586565538993	0.0002866222641009197	0.00040930248760118263	0.0004636103562261363	0.7319263491875176	0.00031457890575873964	1.678960115755329	0.7429936854123382	0.0003529827598884504	1.6856431563002854	0.6875605452221336	0.00035653041836680786	1.3219219615384274	0.42945733632527255	1.7787136205945469	1.3585365586864213	3.0215540753840013	1.5621750778646806	2.400133847989274	0.00034136402800466595
Q913K	missense	108	11	1	60	113	2	38	16	10	52	55	3	33	28	26	44	72	0.0003422936816982791	3.531520290055533e-05	7.71992125680318e-06	0.00020189917618516472	0.0002950440366165178	4.8796356538711774e-05	0.0005038238941711451	5.20751965838671e-05	4.4952268863606643e-05	0.0001745327133580094	0.0002405394957261286	5.099569086412198e-05	0.00044984850689988224	0.00010888747043141967	9.673501413406039e-05	0.00019594268023460871	0.00013757543091263394	0.8503251865523638	0.00013499458423976026	2.814732028692973	0.7946382014294482	0.00012802491863290295	2.0882414263165634	0.6679552951997775	0.00013478514892818066	1.1613407725976932	1.0138913644527587	3.1085380665564495	0.9455328035785079	2.343931174358393	2.0214380758690766	2.7262346204574213	0.00013260155060028128
Q913G	missense	384	365	214	378	509	64	125	370	203	341	334	55	102	283	293	255	657	0.0012090189674663987	0.0010771136884669375	0.000829891535106342	0.0012544227503963512	0.0013199338480212638	0.0010572543916720885	0.0016277387350144689	0.0011364645842714526	0.0008336602589250686	0.0011262299616686645	0.0014389416262188051	0.0007139396720977077	0.0013627763591378785	0.001066346262155972	0.00105333682057088	0.001114696136445774	0.0012400634731577142	0.6571607510103022	0.0011203404554977236	0.9617514982248007	0.658073935927349	0.0011338241077709977	1.0236455838659602	0.641273282197764	0.001118610673082585	0.9427957723396183	0.18740520062062918	1.2279468415131833	0.28076307556318697	1.2532311842480246	0.9760642848101263	1.240589012880604	0.001124258412117102
Q913_	nonsense	114	200	142	128	114	31	18	120	85	86	45	47	6	144	151	57	80	0.0003611355357367165	0.0005915296485843018	0.0005519743698614274	0.0004269671102932172	0.00029763214220087324	0.000520494469746259	0.0002454526663910707	0.0003706528698028188	0.0003514450111154701	0.00028649709551220413	0.00019758601434646277	0.0006119482903694638	9.261586906762282e-05	0.0005444373521570983	0.0005445823017917475	0.0002525483434134957	0.00015265219046470342	0.5576389101195114	0.00046702581773495487	0.007062126915396111	0.5644630152482281	0.000301545247694239	0.29389540656622265	0.5022445440596868	0.00037355504695676115	-0.19595022894495945	-0.32644836522115517	0.05872157293926177	-0.8200293194971152	-0.552859261522348	0.0350024348455531	-0.2470688442915431	0.00038070870412865165
Q913A	missense	211	210	123	194	428	54	126	195	92	322	357	50	164	141	162	180	508	0.0006657455093581208	0.0006209589843347645	0.0004786351179217972	0.0006454153992804445	0.001110297295688475	0.0008945998698763826	0.0016406572964034725	0.0006003963841434089	0.0003800510003923107	0.0010636616304648498	0.0015377346333920363	0.0006501950585175553	0.002183088342308252	0.000533173131077986	0.0005839928631056238	0.0007881250027214261	0.0009592588265004202	0.6965682819534629	0.0007138266993063703	1.3397785785544938	0.7469911350467211	0.0008954609120981514	1.7168055416104036	0.6896868320185473	0.0007161374558513641	1.339337789513472	0.26338904360763493	1.4008409014740615	0.5260276459801851	1.6556413019994731	1.4653073032261232	1.5282411017367674	0.0007751416890852953
Q913H	missense	102	101	68	70	73	10	6	68	30	70	66	14	22	59	64	49	110	0.00032345182765984175	0.0003001792246547203	0.00026633728335970973	0.00023499740178929007	0.00019151981324230102	0.0001789199739752765	9.042992972302605e-05	0.00021136403319334295	0.0001266836667974369	0.00023380797449846542	0.000287788325243761	0.00019123384074045744	0.0003043092840793321	0.0002252844215822476	0.00023288058958199724	0.00021771408914956524	0.00020919003878496395	0.5800219056620198	0.00024825843076150525	0.2217768845126496	0.6739151881413649	0.00021491099993325156	1.1471371223313687	0.6160388852659451	0.0002212672847746935	0.7361077955531374	-0.2963466329980463	0.12721522226413867	0.20175045482612675	1.123593715776356	0.7016739341323852	0.6254044690202474	0.00022814557182315007
Q913Q	silent	157	168	136	195	77	24	18	156	92	115	74	20	8	142	162	69	142	0.0004961688230121844	0.0004973557741828209	0.0005288146060910178	0.0006487252218408572	0.00020187223557972272	0.0004066363044892648	0.0002454526663910707	0.00048092975668630205	0.0003800510003923107	0.0003819961273496055	0.0003221511103474937	0.0002677273770366404	0.00011907754594408647	0.0005369278714376901	0.0005839928631056238	0.0003047997248093913	0.00026949707699324186	0.57394546992816	0.0004691919594236046	0.1634870803989331	0.587112458722017	0.000391281998693928	0.47046065419789546	0.5452546650767366	0.00042380438408648675	0.15633379505509187	-0.21923839557328678	0.30266773559745186	-0.35186290743037923	0.21527003121137156	0.26342717655064013	0.2589688834044117	0.00042809278073467307
Q913N	missense	156	192	120	139	257	37	26	77	54	111	129	57	22	53	58	60	177	0.0004930285140057782	0.0005679861799839315	0.0004670552360365924	0.0004633751584577551	0.0006677312407636982	0.0006180871828236825	0.00034880115750310044	0.00023893325491421377	0.0002247613443180332	0.0003688238470961708	0.0005583952579356556	0.0007394375175297687	0.0003043092840793321	0.00020275597942402283	0.00021138391977442827	0.0002656111887624696	0.0003354579000335458	0.6420553402843059	0.0005415369538104944	0.8168488824743897	0.7240759265350832	0.00034772842606601835	1.5381685048959683	0.6806945707935206	0.0002538022469986166	1.265684661033404	-0.248471820311901	0.23614983796381764	-0.38558627968112924	0.1599394705220413	1.206900682801254	0.19804465424292947	0.00038102254229170976
Q913E	missense	89	88	39	85	95	13	21	57	41	71	60	13	8	45	55	70	122	0.0002826278105765607	0.0002619210881791187	0.00015439842513606362	0.0002846447401954781	0.00024845813609812025	0.0002277163305139883	0.00028420835055808184	0.00017766831775672305	0.00017163593566104355	0.0002371010445618241	0.0002620162364159615	0.00017848491802442692	0.00011907754594408647	0.0001727180565463898	0.00020063558487064378	0.00030915400659238263	0.00023180517811306815	0.6368305429437795	0.00023735559740219517	0.7667286431018104	0.671926682663915	0.0002121053835988881	1.1316355952210364	0.6640702966010192	0.00022857820653062112	1.129519821918141	0.09624265728989004	1.0205150821652602	-0.17577164837469797	0.5041862173980678	1.0092946867469959	0.762350649781664	0.00022601306251056815
Q913C	missense	256	383	259	255	143	71	31	327	192	184	83	89	24	181	252	109	240	0.0008070594146464013	0.0011300864928177705	0.0010035897633844135	0.0008473145754656092	0.0003726872041471804	0.0011711125569290827	0.00041339396444811904	0.0010047449693828476	0.000788707990061462	0.0006092179617213536	0.0003608092435891929	0.0011474030444427446	0.00033077096095579576	0.000683362745466151	0.0009064429102191585	0.0004789709961290435	0.0004541873815060929	0.5344847124561395	0.0008384195089537434	-0.2150505893744376	0.5295000741886833	0.000690870041188714	0.021339467023863263	0.569757535618589	0.0006307410083301114	0.3570300411924661	-0.4522345059654407	-0.22749291299834862	-0.5401886229030721	-0.09371945393988396	0.054439639613963926	-0.1606061834691163	0.000720010186157523
Q913I	missense	128	274	166	173	44	36	25	176	116	83	24	32	14	88	119	51	69	0.0004050998618264037	0.0008093067331377264	0.0006446134249430656	0.0005759091255117813	0.00011646475129599387	0.0006018217306441119	0.00033588259611409674	0.0005421946938437928	0.00047812867791290704	0.0002766178853221281	0.00010738370344916456	0.0004207144496290064	0.00019846257657347746	0.00033417189201366727	0.00042993339615137957	0.00022642265271554784	0.0001319216460806079	0.4999454751974393	0.0005365735087221418	-0.5463772851918787	0.49095483540999074	0.00035108124013199816	-0.27914251337701307	0.5347663838706752	0.0002806123967403007	0.07042718003648447	-0.2532803639502552	0.22520845096031625	-0.3263088029579911	0.25719712313615717	-0.2516975395108024	0.24120278704823672	0.0003894223818648136
Q913M	missense	90	17	13	40	59	4	8	17	16	57	35	0	10	22	42	39	82	0.00028576811958296695	5.2972804350832996e-05	5.4039448797622264e-05	0.000135702724976914	0.00015528633506132515	8.132726089785297e-05	0.00011626705250103349	5.513844344174164e-05	6.947168824375573e-05	0.00019099806367480274	0.00015463253296679695	1.2748922716030496e-05	0.00014553922282055013	8.63590282731949e-05	0.00015405946695424435	0.00017417127131965217	0.0001564213803527208	0.7470485509203841	9.95003282966736e-05	1.8240238036447702	0.7366472422275111	0.00011756018208177425	1.6361690350572573	0.6754147033412452	0.00014275278672495304	1.2224387247679112	0.15522051724922792	1.1547136335325272	1.0575065630224403	2.5276485928436445	1.560877187823313	1.8411811131880857	0.00011993776570113362
Q913F	missense	219	122	93	107	114	25	22	157	88	125	58	24	6	81	107	79	145	0.0006908679814093707	0.00036198082973069217	0.0003628362990697495	0.00035746083652455393	0.00029763214220087324	0.0004229017566688354	0.0002971269119470856	0.0004839930035441766	0.00036370472080554466	0.0004149268279831922	0.00025342554014002835	0.0003187230679007624	9.261586906762282e-05	0.0003078887094957384	0.00038694005653624157	0.00034834254263930433	0.0002751508618252679	0.6070258649410851	0.0003449775268814672	0.48081944920239866	0.5721916951973811	0.00037901252311823544	0.3541448467199003	0.6120279188985328	0.00032958054262413806	0.703255077666556	-0.1532974998073032	0.45271001745976386	-0.5367280907935656	-0.08804169489257617	0.512739791196285	0.18233416128359384	0.0003511901975412802
Q913D	missense	27	13	6	12	44	0	0	16	9	12	16	0	3	24	11	15	18	8.792865217937445e-05	4.120107005064789e-05	2.7019724398811132e-05	4.302769328536297e-05	0.00011646475129599387	1.6265452179570593e-05	1.291856138900372e-05	5.20751965838671e-05	4.086569896691513e-05	4.2809910823662684e-05	7.30209183454319e-05	1.2748922716030496e-05	5.292335375292732e-05	9.386850899260315e-05	4.299333961513795e-05	6.966850852786088e-05	3.5807303936165e-05	0.7577321885476034	5.6928309757703965e-05	1.926509400759275	0.6637872071926667	5.21929311799692e-05	1.0681837711691113	0.548913783352834	6.0584415267941746e-05	0.1863046223886104	-0.10005198785407819	0.5738651522146992	0.6181738691921775	1.806827315005937	1.0603325981056655	1.190346233610318	5.65685520685383e-05
N914N	silent	84	658	847	961	245	117	91	590	554	386	141	239	95	308	473	181	282	0.0002669262655445296	0.001939393225955497	0.0032732466128845487	0.0031840493031168597	0.0006366739737514331	0.0019193233571893299	0.0011885076477883424	0.0018103788930038504	0.0022680462926637896	0.0012744181145198045	0.0006099394355912547	0.003059741451847319	0.0012701604900702559	0.001160214771148575	0.0016982369147979493	0.0007924792845044174	0.0005333403691544576	0.5696862284957198	0.0022583407789270845	0.12262918941746176	0.5286744513008468	0.0014906956839446748	0.014903268721245916	0.5417602728729032	0.0010460678349013498	0.1277121934903614	-0.20814616781464823	0.3279070524813022	-0.38182613080782246	0.1661088163362278	0.08841488387635636	0.247007934408765	0.001598368099257703
N914E	missense	48	116	64	40	1	31	8	65	26	32	5	37	3	32	38	8	2	0.00015387514131390528	0.0003443232282804145	0.00025089744084610336	0.000135702724976914	5.176211168710839e-06	0.000520494469746259	0.00011626705250103349	0.00020217429261971934	0.00011033738721067085	0.00010867131209083605	2.5772088827799493e-05	0.00048445906320915885	5.292335375292732e-05	0.00012390643187023618	0.00013972835374919835	3.918853604692174e-05	5.653784832026053e-06	0.43266261809338374	0.0001840249013180357	-1.1918057456547233	0.4765307495761275	0.00011173877018725643	-0.39158643678130506	0.4405058555296328	7.711927662459559e-05	-0.7016347775476337	-0.6509594567346593	-0.679672773918144	-0.9616097274246326	-0.7851528558582292	-0.7616756533278873	-0.7324128148881865	0.0001242943160432959
N914G	missense	100	81	30	80	113	22	19	90	50	74	55	8	32	82	101	82	203	0.00031717120964702927	0.00024132055315379477	0.0001196587794804493	0.0002680956273934154	0.0002950440366165178	0.0003741054001301236	0.0002583712277800744	0.00027875546406658274	0.00020841506473126716	0.00024698025475190013	0.0002405394957261286	0.00011474030444427445	0.00043661766846165044	0.0003116434498554425	0.0003654433867286726	0.00036140538798827825	0.0003844573685777716	0.6668787108891597	0.00023102974916104432	1.054973578163386	0.615242706244945	0.00024367256981896969	0.689751875440214	0.6438344476904432	0.0003557373982875412	0.9637735716239639	-0.1607498282076898	0.43575294786899654	0.5803853083027778	1.7448269241165923	0.9028330084091879	1.0902899359927944	0.000276813239089185
N914C	missense	40	70	62	73	85	8	11	90	67	82	60	9	28	83	72	57	168	0.00012875266926265546	0.00020894828382828572	0.00024317751958930018	0.00024492686947052766	0.00022257708025456607	0.00014638906961613534	0.00015502273666804465	0.00027875546406658274	0.0002778867529750229	0.00027332481525876943	0.0002620162364159615	0.00012748922716030494	0.0003836943147087231	0.00031539819021514663	0.00026154281599208924	0.0002525483434134957	0.0003184965455374676	0.6307952315883605	0.00022990743828566992	0.7088333353785119	0.6187293429490324	0.00027299581717908416	0.716932184473912	0.6250327305184712	0.0002869964737895498	0.8097738983650236	0.024886748754221824	0.8581514500568059	0.4785118757631712	1.577681298825879	0.7451798060724825	1.2179163744413426	0.0002632999097514346
N914V	missense	64	119	85	101	23	16	8	140	111	92	25	21	11	92	132	62	80	0.00020412008541640498	0.0003531520290055533	0.00033195661404253677	0.0003376019011620787	6.211453402453006e-05	0.0002765126870527001	0.00011626705250103349	0.00043191780696030953	0.00045769582842944943	0.00030625551589235614	0.00011167905158713113	0.0002804762997526709	0.00015877006125878198	0.00034919085345248374	0.000476509514067779	0.00027431975232845217	0.00015265219046470342	0.5250452682155992	0.0002712062695586747	-0.30560093497546553	0.5186791989564759	0.0003268870507173116	-0.06301538775114122	0.5459883398691316	0.00031316807757835456	0.1623431226752089	-0.3762583997930272	-0.0546164574285284	-0.24712755691036625	0.38711125827421305	-0.06875773335046596	0.16624740042284233	0.00030375379928478027
N914Y	missense	39	105	86	93	55	14	9	201	105	92	17	22	6	101	177	49	89	0.00012561236025624922	0.0003119509589549054	0.00033581657467093834	0.0003111233206787784	0.00014493391272390349	0.00024398178269355888	0.0001291856138900372	0.0006187758652906562	0.00043317640904930036	0.00030625551589235614	7.731626648339847e-05	0.0002932252224687014	9.261586906762282e-05	0.0003829835166898209	0.0006377345376245464	0.00021771408914956524	0.00016961354496078157	0.5654633316368164	0.0002759561917571314	0.08211994329373953	0.47250345340907596	0.00035888101417892786	-0.42298149272801927	0.530886366793951	0.0003520114221061785	0.03864703162826471	-0.2761432469097594	0.17318611960817545	-0.5005159181391209	-0.028627713341407256	-0.100738172602005	0.0722792031333841	0.0003289495426807459
N914L	missense	108	126	61	67	64	16	18	98	67	88	71	16	19	113	83	54	109	0.0003422936816982791	0.00037375256403087727	0.0002393175589608986	0.00022506793410805246	0.00016822686298310227	0.0002765126870527001	0.0002454526663910707	0.000303261438929579	0.0002778867529750229	0.00029308323563892143	0.0003092650659335939	0.00021673168617251842	0.0002646167687646366	0.00042804040100627043	0.0003009533773059657	0.00023948549806452176	0.00020730544384095528	0.5466453798955716	0.00025159123002073267	-0.09839619624284433	0.6285073365087017	0.0002958741233692793	0.7931571855959864	0.5480649180188156	0.0002939461800544283	0.17935180085193989	-0.051747308279523126	0.6837778894288774	0.08669495214992237	0.9348200241617652	0.2913709300683606	0.8092989567953213	0.00028047051114814676
N914S	missense	99	37	34	87	254	14	38	67	44	78	57	23	57	47	55	46	116	0.00031403090064062303	0.00011183147585175854	0.00013509862199405565	0.0002912643853163032	0.0006599669240106319	0.00024398178269355888	0.0005038238941711451	0.0002083007863354684	0.00018389564535111809	0.0002601525350053348	0.0002491301920020618	0.0003059741451847319	0.0007673886294174461	0.00018022753726579807	0.00020063558487064378	0.00020465124380059132	0.00022049760844901605	0.8128474069749503	0.0002995403517931873	2.455216594667836	0.6525581948757874	0.00022536978967349576	0.9806472565221476	0.6443585635893753	0.0002015029935965123	0.9680664602174419	0.3149213601167398	1.5180978217639682	0.39933062971554634	1.447767163687823	1.467976770469142	1.4829324927258956	0.0002421377116877318
N914_	nonsense	38	17	15	8	44	2	8	19	10	20	14	1	5	29	37	11	45	0.00012247205124984298	5.2972804350832996e-05	6.175937005442545e-05	2.9788403043712825e-05	0.00011646475129599387	4.8796356538711774e-05	0.00011626705250103349	6.12649371574907e-05	4.4952268863606643e-05	6.915447133053203e-05	6.443022206949873e-05	2.549784543206099e-05	7.938503062939099e-05	0.0001126422107911238	0.00013614557544793687	5.225138139589565e-05	8.669136742439947e-05	0.7009165632925581	6.524633218624129e-05	1.3814906082028662	0.6425655704168185	5.995047485528203e-05	0.9027490859057286	0.5728546601548118	9.693263376483895e-05	0.382397732997317	0.37706926686558434	1.659509515269854	0.49323513258387763	1.6018380186522772	0.8888791423686374	1.6306737669610656	7.404314693545409e-05
N914I	missense	23	18	29	15	16	4	2	59	21	17	13	2	3	15	30	8	35	7.536741615374953e-05	5.591573792587927e-05	0.00011579881885204771	5.295716096660058e-05	4.399779493404213e-05	8.132726089785297e-05	3.875568416701116e-05	0.00018379481147247213	8.990453772721329e-05	5.9275261140456025e-05	6.013487393153215e-05	3.824676814809149e-05	5.292335375292732e-05	6.007584575526602e-05	0.00011106612733910638	3.918853604692174e-05	6.784541798431263e-05	0.5791278958868529	6.716737816964243e-05	0.21320086117386122	0.4972973162445918	9.82773710679184e-05	-0.2296992808995162	0.6031752886083157	6.954398178140168e-05	0.6307456276144124	-0.3219007374704345	0.06906927047737274	0.14105261447251513	1.0240056462788847	0.2047490692962525	0.5465374583781287	7.832957700632083e-05
N914D	missense	30	3	2	4	7	0	2	16	3	8	10	0	0	3	4	16	20	9.734957919859315e-05	1.1771734300185111e-05	1.157988188520477e-05	1.654911280206268e-05	2.0704844674843356e-05	1.6265452179570593e-05	3.875568416701116e-05	5.20751965838671e-05	1.634627958676605e-05	2.9637630570228012e-05	4.7248829517632405e-05	1.2748922716030496e-05	1.323083843823183e-05	1.5018961438816506e-05	1.791389150630748e-05	7.402279031085218e-05	3.957649382418237e-05	0.6905231856599777	1.515139341557398e-05	1.2817894062454214	0.6239782472951708	3.632698406462339e-05	0.7578503684788925	0.7357107786615156	3.663303427003963e-05	1.7163072269470765	0.37706926686558434	1.659509515269854	0.01611387786421517	0.8190163499252244	1.2519823338904634	1.2392629325975393	2.9370470583412334e-05
N914P	missense	35	51	40	38	4	9	2	32	27	7	17	18	3	27	17	17	22	0.0001130511242306243	0.00015303254590240644	0.0001582583857644652	0.00012908307985608892	1.2940527921777098e-05	0.00016265452179570593	3.875568416701116e-05	0.00010108714630985967	0.00011442395710736236	2.6344560506869343e-05	7.731626648339847e-05	0.00024222953160457942	5.292335375292732e-05	0.00010513273007171553	6.449000942270693e-05	7.837707209384348e-05	4.3345683712199736e-05	0.501065259124273	0.00011332863486118443	-0.5356354640645509	0.5625759501014158	7.979298260187246e-05	0.27918466432085187	0.5514300979535616	7.283637382511642e-05	0.20691506040256014	-0.6229307331344157	-0.6158960599712577	-0.6605797317606514	-0.29124737331787304	-0.016511913113712955	-0.4535717166445654	8.865266376272445e-05
N914F	missense	57	14	13	24	111	4	51	15	27	77	73	6	31	18	26	37	89	0.00018213792237156137	4.414400362569416e-05	5.4039448797622264e-05	8.274556401031341e-05	0.00028986782544780697	8.132726089785297e-05	0.0006717651922281935	4.901194972599257e-05	0.00011442395710736236	0.0002568594649419761	0.0003178557622095271	8.924245901221346e-05	0.0004233868300234186	7.134006683437841e-05	9.673501413406039e-05	0.00016546270775366956	0.00016961354496078157	0.8283460912828045	0.0001176992104703592	2.6038917904394348	0.7856999741642142	0.00018453778349621452	2.0185628793668093	0.7153177890183094	0.0001257878334207225	1.5492738803063606	0.9169813514447023	2.8880284826612295	0.6761658161698643	1.9019757751861004	2.0572428500375346	2.395002128923665	0.00014267494246243207
N914A	missense	34	56	63	40	49	6	15	33	35	21	24	37	15	50	27	14	45	0.00010991081522421806	0.00016774721377763784	0.0002470374802177018	0.000135702724976914	0.00012940527921777097	0.00011385816525699414	0.00020669698222405952	0.0001041503931677342	0.00014711651628089448	7.24475413938907e-05	0.00010738370344916456	0.00048445906320915885	0.0002116934150117093	0.00019149175834491045	0.00010031779243532189	6.531422674486956e-05	8.669136742439947e-05	0.5833830361167663	0.00016997317454750614	0.2540194102940207	0.6061617599739378	0.00010777453857292099	0.6189607529596192	0.5265905770600332	0.00011095378623737534	0.0034614042006472032	0.25896995478758983	1.3907856821354454	-0.35954973609667024	0.2026581092224833	0.292147189151429	0.7967218956789643	0.00012956716645260084
N914T	missense	30	4	1	13	61	2	12	13	6	27	36	0	9	23	1	22	103	9.734957919859315e-05	1.4714667875231389e-05	7.71992125680318e-06	4.6337515845775506e-05	0.000160462546230036	4.8796356538711774e-05	0.00016794129805704837	4.2885456010243496e-05	2.860598927684059e-05	9.22059617740427e-05	0.00015892788110476354	1.2748922716030496e-05	0.0001323083843823183	9.011376863289904e-05	7.165556602522992e-06	0.0001001484810088	0.00019599787417690315	0.8844836923355911	5.7308662801961516e-05	3.1424064579355253	0.7845222317047016	8.065632204147259e-05	2.0093817094519357	0.7554678562793433	9.835642010528128e-05	1.878131993795108	0.5367701097330962	2.0228937035012953	1.0161138778642151	2.459734848594934	2.3433067203941897	2.2413142760481146	7.87738016495718e-05
N914R	missense	46	37	36	30	17	2	2	40	40	17	14	6	2	46	41	22	49	0.00014759452330109283	0.00011183147585175854	0.00014281854325085884	0.00010260449937278863	4.658590051839755e-05	4.8796356538711774e-05	3.875568416701116e-05	0.00012559312117285594	0.00016754936576435204	5.9275261140456025e-05	6.443022206949873e-05	8.924245901221346e-05	3.9692515314695496e-05	0.00017647279690609393	0.00015047668865298284	0.0001001484810088	9.422974720043421e-05	0.5519665817298449	0.00010096010474845089	-0.04735117146936346	0.5375092291348557	0.00010421199253679068	0.08377536872837421	0.5537738429888123	0.00013033192844207775	0.22611202876079733	-0.10005198785407812	0.5738651522146996	-0.3518629074303792	0.21527003121137167	0.08751207533993603	0.3945675917130356	0.00011183467524243976
N914Q	missense	32	18	17	20	7	0	8	6	12	9	8	2	4	13	6	17	22	0.00010363019721140561	5.591573792587927e-05	6.947929131122863e-05	6.950627376866327e-05	2.0704844674843356e-05	1.6265452179570593e-05	0.00011626705250103349	2.1442728005121748e-05	5.312540865698967e-05	3.293070063358668e-05	3.865813324169924e-05	3.824676814809149e-05	6.615419219115915e-05	5.256636503585777e-05	2.5079448108830473e-05	7.837707209384348e-05	4.3345683712199736e-05	0.5637739528581817	5.390153692015363e-05	0.06591413410007656	0.6518987407602652	3.6539242634349336e-05	0.9755064379698666	0.6410729824095128	4.984214223768286e-05	0.9411551720868657	0.8541905215852468	2.7451538783250085	0.23796262748057148	1.183007697327525	0.6608585813856029	1.9640807878262667	4.676097393072861e-05
N914H	missense	22	13	5	5	5	4	2	17	14	13	6	1	0	14	21	12	11	7.22271071473433e-05	4.120107005064789e-05	2.315976377040954e-05	1.9858935362475217e-05	1.5528633506132516e-05	8.132726089785297e-05	3.875568416701116e-05	5.513844344174164e-05	6.129854845037269e-05	4.610298088702135e-05	3.0067436965766077e-05	2.549784543206099e-05	1.323083843823183e-05	5.63211053955619e-05	7.882112262775292e-05	5.660566317888696e-05	2.2615139328104212e-05	0.5243490924719812	2.493710067241629e-05	-0.312279183458879	0.566325863896527	4.815185243622544e-05	0.30841736748185644	0.5530814902258749	5.3590757632576495e-05	0.22044115847288465	-0.3219007374704345	0.06906927047737274	-0.284916117799766	0.32511086738486816	0.07219311416528736	0.19709006893112047	4.222657024707274e-05
N914K	missense	13	2	0	0	2	0	0	9	0	13	3	0	0	7	14	5	9	4.396432608968722e-05	8.828800725138832e-06	3.85996062840159e-06	3.309822560412536e-06	7.764316753066258e-06	1.6265452179570593e-05	1.291856138900372e-05	3.063246857874535e-05	4.086569896691513e-06	4.610298088702135e-05	1.718139255186633e-05	1.2748922716030496e-05	1.323083843823183e-05	3.003792287763301e-05	5.3741674518922446e-05	2.6125690697947826e-05	1.8845949440086843e-05	0.6053075914601908	5.940725166754804e-06	0.4643364599959112	0.6271213329174022	2.4500852978581138e-05	0.7823525021343648	0.5655909553712316	3.218780938364753e-05	0.3229027329880478	-0.10005198785407819	0.5738651522146992	0.01611387786421517	0.8190163499252244	0.523197231706108	0.6964407510699618	2.0876462509661156e-05
N914W	missense	29	24	8	3	2	1	1	13	16	8	10	1	3	20	22	13	26	9.420927019218691e-05	7.357333937615695e-05	3.4739645655614314e-05	1.3239290241650144e-05	7.764316753066258e-06	3.2530904359141185e-05	2.583712277800744e-05	4.2885456010243496e-05	6.947168824375573e-05	2.9637630570228012e-05	4.7248829517632405e-05	2.549784543206099e-05	5.292335375292732e-05	7.884954755378666e-05	8.240390092901442e-05	6.095994496187826e-05	5.0884063488234475e-05	0.4133803811903794	3.232914800662192e-05	-1.3767756624247378	0.6073349795331463	4.731090108546491e-05	0.6281066643034316	0.5767844246213224	6.827436423322845e-05	0.41458534853752854	-0.10005198785407819	0.5738651522146992	0.31714387352819634	1.3129218324655807	-0.11136121652792587	0.9433934923401399	4.930480444177176e-05
N914M	missense	1	0	0	1	1	0	0	1	0	1	0	0	0	0	0	0	0	6.280618012812461e-06	2.942933575046278e-06	3.85996062840159e-06	6.619645120825072e-06	5.176211168710839e-06	1.6265452179570593e-05	1.291856138900372e-05	6.126493715749071e-06	4.086569896691513e-06	6.586140126717336e-06	4.295348137966582e-06	1.2748922716030496e-05	1.323083843823183e-05	3.7547403597041264e-06	3.582778301261496e-06	4.354281782991305e-06	1.8845949440086842e-06	0.6885762956023961	4.649687623245945e-06	1.263113352542589	0.6072592432825731	5.273637969281126e-06	0.6275162573094306	0.5804471876823999	3.394098846991403e-06	0.4445860292983108	-0.10005198785407819	0.5738651522146992	0.01611387786421517	0.8190163499252244	0.7784052130501102	0.6964407510699618	4.439141479839492e-06
V915W	missense	66	66	48	42	24	15	6	33	22	25	19	31	2	22	37	16	43	0.00021040070342921743	0.0001971765495281006	0.00018913807079167793	0.00014232237009773906	6.470263960888549e-05	0.0002602472348731295	9.042992972302605e-05	0.0001041503931677342	9.39911076239048e-05	8.561982164732537e-05	8.590696275933165e-05	0.00040796552691297586	3.9692515314695496e-05	8.63590282731949e-05	0.00013614557544793687	7.402279031085218e-05	8.292217753638211e-05	0.5314116468944151	0.00014833490750660078	-0.24452977708695817	0.6036627702022307	9.2417071299574e-05	0.5994797114770278	0.6011386812718826	9.486239289209152e-05	0.6140643393310744	-0.4590739304957461	-0.24305537770604632	-1.0119148457360283	-0.8676893940495046	0.323004757907048	-0.5553723858777755	0.00011187145723275543
V915C	missense	72	78	52	56	48	15	13	41	18	35	29	26	31	38	25	16	71	0.00022924255746765483	0.00023249175242865593	0.0002045779133052843	0.00018865988594351458	0.00012681717363341555	0.0002602472348731295	0.0001808598594460521	0.00012865636803073048	7.764482803713875e-05	0.00011855052228091205	0.00012886044413899745	0.0003442209133328234	0.0004233868300234186	0.00014643487402846094	9.31522358327989e-05	7.402279031085218e-05	0.00013569083596862527	0.569697493100851	0.0001881366813277176	0.1227372480977929	0.6364383980641286	0.00011342804062194469	0.8549843050630295	0.6107106956515854	0.00011232518403518431	0.6924660658021837	-0.15804393483176488	0.4419099527425841	0.08990009202513378	0.9400787564458486	0.556729206321002	0.6909943545942163	0.00013796330199494888
V915G	missense	151	106	39	58	123	16	21	42	36	48	81	20	14	76	70	37	127	0.00047732696897374703	0.0003148938925299517	0.00015439842513606362	0.00019527953106433964	0.000320925092460072	0.0002765126870527001	0.00028420835055808184	0.00013171961488860502	0.000151203086177586	0.00016136043310457473	0.0003522185473132597	0.0002677273770366404	0.00019846257657347746	0.00028911500769721775	0.0002543772593895662	0.00016546270775366956	0.00024122815283311158	0.6324803258201135	0.00024637423529760675	0.7249980439320315	0.7304068936410688	0.00019912542037100637	1.5875219813339183	0.5944039089078473	0.00023754578191839129	0.5589016787055396	0.011921771589854156	0.82865086873413	-0.13001415781402287	0.579261378613672	0.9571405679904966	0.7039561236739009	0.00022768181252900144
V915V	silent	163	47	52	121	109	6	26	77	42	160	101	6	12	73	72	109	193	0.0005150106770506218	0.00014126081160222131	0.0002045779133052843	0.00040379835237032945	0.0002846916142790961	0.00011385816525699414	0.00034880115750310044	0.00023893325491421377	0.00017572250555773506	0.0005301842802007456	0.0004381255100725914	8.924245901221346e-05	0.0001720008996970138	0.00027785078661810535	0.00026154281599208924	0.0004789709961290435	0.00036561141913768474	0.7010774660214746	0.0002585821728892328	1.3830341098476937	0.711050456897235	0.00034574138768632146	1.4366275873547933	0.6684174862394944	0.0003459940044692307	1.1651264517698976	0.48621373629065234	1.9078574495063867	0.28495919015679516	1.2601158270842954	1.3282627163241283	1.583986638295341	0.000316772521681595
V915_	nonsense	48	120	113	81	58	18	22	94	48	54	38	23	18	58	42	37	43	0.00015387514131390528	0.0003560949625805996	0.0004400355116377813	0.000271405449953828	0.00015269822947696976	0.00030904359141184127	0.0002971269119470856	0.0002910084514980809	0.00020024192493788413	0.00018111885348472674	0.0001675185773806967	0.0003059741451847319	0.0002513859303264048	0.00022152968122254345	0.00015405946695424435	0.00016546270775366956	8.292217753638211e-05	0.5452181545785969	0.00030505853841229465	-0.11208722957164528	0.5670171524073709	0.00020997195182534712	0.31380635318666417	0.5439831530304075	0.00015599350836670986	0.14591919101182957	-0.017077752789314202	0.7626651892824298	-0.0853437628945619	0.6525529219009131	0.11587943820894948	0.7076090555916714	0.00022367466620145055
V915T	missense	92	73	49	144	52	13	11	49	47	74	45	12	13	53	50	48	55	0.0002920487375957794	0.00021777708455342454	0.0001929980314200795	0.0004799242712598178	0.00013716959597083722	0.0002277163305139883	0.00015502273666804465	0.00015316234289372677	0.00019615535504119262	0.00024698025475190013	0.00019758601434646277	0.00016573599530839644	0.00018523173813524564	0.00020275597942402283	0.0001827216933643363	0.00021335980736657392	0.00010553731686448631	0.6304851073956157	0.00025696724580103977	0.7058583876891474	0.6539865902502218	0.00019847099175832058	0.9917824079573168	0.5786791572503595	0.00017609369925485483	0.4301045802713051	-0.16699877748469133	0.4215340538447083	0.048298561235616405	0.8718223553065099	0.7092484586392565	0.6466782045756091	0.00021051064560473841
V915R	missense	148	152	103	138	116	21	24	153	76	91	53	15	3	108	119	55	89	0.0004679060419545283	0.00045026883698208046	0.0004014359053537654	0.00046006533589734255	0.0003028083533695841	0.000357839947950553	0.000322964034725093	0.00047174001611267847	0.0003146658820452465	0.00030296244582899746	0.00023194879945019544	0.00020398276345648793	5.292335375292732e-05	0.0004092666992077498	0.00042993339615137957	0.00024383977984751304	0.00016961354496078157	0.5952900759741223	0.00040364460790069315	0.36824081429768274	0.5558382274237772	0.00033032928585927947	0.22666029768784748	0.5346864040290762	0.00031316335504185603	0.06977208724039072	-0.04453466000424676	0.7001895895266943	-0.5859461134637473	-0.16879461515548824	0.221557733075307	0.26569748718560304	0.00034904574960060953
V915L	missense	143	88	55	77	52	8	6	83	45	80	75	1	5	68	67	62	119	0.0004522044969224972	0.0002619210881791187	0.00021615779519048906	0.00025816615971217783	0.00013716959597083722	0.00014638906961613534	9.042992972302605e-05	0.00025731273606146096	0.0001879822152478096	0.00026673867513205213	0.00032644645848546025	2.549784543206099e-05	7.938503062939099e-05	0.0002590770848195847	0.00024362892448578176	0.00027431975232845217	0.0002261513932810421	0.5774501168678118	0.0002183536597631557	0.19710632571764794	0.6594442844053692	0.0002596200212316957	1.0343282268476002	0.6165161735841742	0.0002507942887287152	0.74001713236452	-0.20919645727914618	0.3255172179781666	0.49323513258387763	1.6018380186522772	0.657150561643256	0.9636776183152218	0.0002429226565745222
V915P	missense	83	63	42	102	217	32	12	41	38	120	140	26	93	57	33	18	87	0.00026378595653812334	0.00018834774880296178	0.00016597830702126838	0.0003409117237224912	0.0005642070173894814	0.0005367599219258296	0.00016794129805704837	0.00012865636803073048	0.00015937622597096901	0.0003984614776663988	0.0006056440874532881	0.0003442209133328234	0.0012436988131937921	0.00021777494086283933	0.00012181446224289088	8.273135387683478e-05	0.00016584435507276422	0.7542743462862905	0.00031486119923405075	1.8933391415981493	0.7865586148986851	0.0003230345397803466	2.025256470495613	0.5835841497264058	0.00014704127801383232	0.4702800191282803	-0.5046225754251288	-0.3466970183230415	0.5578779673049266	1.7078987133855508	1.4629585437406807	0.6806008475312546	0.0002616456723427432
V915F	missense	94	71	66	108	145	23	22	92	32	71	89	19	20	51	51	45	72	0.0002983293556085919	0.00021189121740333198	0.00025861736210290657	0.00036077065908496646	0.00037786341531589125	0.0003903708523096942	0.0002971269119470856	0.0002848819577823318	0.00013485680659081992	0.0002371010445618241	0.0003865813324169924	0.0002549784543206099	0.00027784760720286846	0.00019524649870461457	0.0001863044716655978	0.0002002969620176	0.00013757543091263394	0.6870346458687829	0.0003022856634767741	1.248324672974478	0.6737988916617108	0.00026085528533799205	1.1462305253656386	0.5973701089761646	0.00017985584082511158	0.5831970043485856	-0.11853539354809126	0.5318079078490987	0.03730317693415331	0.8537820248831168	0.9925840675629006	0.6927949663661077	0.0002476655965466259
V915A	missense	78	24	16	76	17	9	11	93	28	82	38	12	1	47	61	44	93	0.0002480844115060922	7.357333937615695e-05	6.561933068282704e-05	0.0002548563371517653	4.658590051839755e-05	0.00016265452179570593	0.00015502273666804465	0.0002879452046402063	0.00011851052700405388	0.00027332481525876943	0.0001675185773806967	0.00016573599530839644	2.646167687646366e-05	0.00018022753726579807	0.00022213225467821276	0.00019594268023460871	0.00017715192473681632	0.6557155334258649	0.00011015872693228672	0.9478878693495484	0.5945406280370066	0.0002118247810709316	0.5283674436547281	0.6192910227584906	0.00019386359922885898	0.7627451556763791	-0.020870741806453322	0.7540346009260032	-0.7967994787786404	-0.5147456321343955	0.7463334895602185	0.11964448439580383	0.00017194903574402573
V915I	missense	50	19	23	55	68	2	17	14	7	56	48	1	8	5	16	23	54	0.00016015575932671776	5.8858671500925554e-05	9.263905508163816e-05	0.00018535006338310202	0.00017857928532052393	4.8796356538711774e-05	0.00023253410500206697	4.594870286811803e-05	3.26925591735321e-05	0.0001877049936114441	0.00021047205876036253	2.549784543206099e-05	0.00011907754594408647	2.252844215822476e-05	6.090723112144544e-05	0.0001045027627917913	0.00010365272192047764	0.7345869986819565	0.00012885676882154741	1.704483094132587	0.7950287306792313	0.00011920457860336419	2.091285823136961	0.748018292518423	7.289778949798479e-05	1.817114674227427	0.6780992625295655	2.344474845718484	0.6693263916395589	1.8907542048389732	1.8709611971656583	2.1176145252787286	0.00010698637897429878
V915M	missense	32	39	23	44	27	2	12	33	20	44	45	4	14	25	24	25	36	0.00010363019721140561	0.00011771734300185111	9.263905508163816e-05	0.00014894201521856415	7.246695636195174e-05	4.8796356538711774e-05	0.00016794129805704837	0.0001041503931677342	8.581796783052178e-05	0.00014818815285114005	0.00019758601434646277	6.374461358015247e-05	0.00019846257657347746	9.762324935230729e-05	8.95694575315374e-05	0.00011321132635777392	6.973001292832132e-05	0.6019990238434946	0.00010794134241600129	0.43259815702998794	0.7049537628902607	0.0001339356320489647	1.389100402489448	0.6047242914198995	9.253351154248498e-05	0.643433081886764	0.5367701097330962	2.0228937035012953	0.49323513258387763	1.6018380186522772	0.8217105471353999	1.812365861076786	0.00011147016200248365
V915E	missense	37	20	6	17	13	3	4	18	11	18	9	3	2	21	14	16	24	0.00011933174224343676	6.180160507597183e-05	2.7019724398811132e-05	5.957680608742565e-05	3.623347818097587e-05	6.506180871828237e-05	6.45928069450186e-05	5.8201690299616175e-05	4.9038838760298155e-05	6.256833120381469e-05	4.2953481379665825e-05	5.099569086412198e-05	3.9692515314695496e-05	8.260428791349079e-05	5.3741674518922446e-05	7.402279031085218e-05	4.7114873600217106e-05	0.5951112270934135	4.6157903435796116e-05	0.3665251594830709	0.6060732869433673	5.319058541084871e-05	0.6182710555474291	0.5831589282142752	6.437090658587062e-05	0.46679714714739495	-0.0031419748460217757	0.7943747361099195	-0.10882485874408475	0.6140270535715644	0.4838644540592984	0.7042008948407419	5.457313181083848e-05
V915S	missense	139	117	88	105	88	14	26	85	23	57	88	21	15	79	71	58	110	0.0004396432608968722	0.0003472661618554608	0.00034353649592774155	0.00035084119140372887	0.00023034139700763232	0.00024398178269355888	0.00034880115750310044	0.00026343922977721003	9.807767752059631e-05	0.00019099806367480274	0.0003822859842790258	0.0002804762997526709	0.0002116934150117093	0.0003003792287763301	0.00025796003769082773	0.00025690262519648696	0.00020919003878496395	0.591246699785329	0.0003179963115486409	0.32945366730466785	0.6851011165979534	0.0002337002388129087	1.2343377738711447	0.5914905770815614	0.0002561079826121522	0.5350393822334004	0.15522051724922792	1.1547136335325272	-0.1221888203020663	0.5921005546278733	0.6996102744697376	0.8734070940802002	0.00026926817765790057
V915D	missense	56	99	56	97	18	9	9	67	51	41	23	1	5	53	50	18	34	0.00017899761336515513	0.0002942933575046278	0.00022001775581889066	0.0003243626109204286	4.917400610275297e-05	0.00016265452179570593	0.0001291856138900372	0.0002083007863354684	0.00021250163462795867	0.00013830894266106405	0.00010308835531119797	2.549784543206099e-05	7.938503062939099e-05	0.00020275597942402283	0.0001827216933643363	8.273135387683478e-05	6.596082304030395e-05	0.5361597099457472	0.000221961932586675	-0.198982736469132	0.5514138193711683	0.00016554992973392228	0.19216952954440508	0.5055679951517195	0.00013354246242637448	-0.168728758821578	-0.10005198785407819	0.5738651522146992	0.49323513258387763	1.6018380186522772	-0.05851398858210164	1.0878515854334883	0.00017368477491565726
V915Q	missense	41	118	67	30	3	20	5	32	28	37	9	19	0	25	24	16	16	0.00013189297826906167	0.00035020909543050706	0.00026247732273130815	0.00010260449937278863	1.0352422337421678e-05	0.00034157449577098246	7.751136833402232e-05	0.00010108714630985967	0.00011851052700405388	0.00012513666240762937	4.2953481379665825e-05	0.0002549784543206099	1.323083843823183e-05	9.762324935230729e-05	8.95694575315374e-05	7.402279031085218e-05	3.203811404814763e-05	0.4218280734779117	0.00018141083496800637	-1.295738957649055	0.5709052967405965	9.692195427530219e-05	0.34411664172943246	0.5345057720545188	7.331340281071112e-05	0.06829258061833453	-0.6441200322043538	-0.664110309210446	-1.284916117799766	-1.3156076312848413	-0.29444324510042935	-0.9898589702476437	0.00011721539735133988
V915Y	missense	73	22	13	13	18	3	7	10	15	20	11	0	7	21	20	5	34	0.00023238286647406104	6.768747222606438e-05	5.4039448797622264e-05	4.6337515845775506e-05	4.917400610275297e-05	6.506180871828237e-05	0.00010334849111202976	3.369571543661989e-05	6.53851183470642e-05	6.915447133053203e-05	5.1544177655598985e-05	1.2748922716030496e-05	0.00010584670750585465	8.260428791349079e-05	7.523834432649142e-05	2.6125690697947826e-05	6.596082304030395e-05	0.5886100714631171	5.430961074305378e-05	0.30416111832467835	0.6575978674840827	5.494487069245377e-05	1.0199343605561153	0.5754644367004271	6.24822864945585e-05	0.4037736919923142	0.200978007809903	1.2588304826633299	0.9192038648561588	2.3007327975462935	0.575956390291036	1.7797816401048117	5.724558931002201e-05
V915H	missense	26	41	81	66	32	25	13	60	24	40	28	21	29	18	34	26	31	8.478834317296822e-05	0.00012360321015194366	0.0003165167715289304	0.00022175811154763993	8.540748428372885e-05	0.0004229017566688354	0.0001808598594460521	0.00018685805833034666	0.00010216424741728782	0.00013501587259770538	0.0001245650960010309	0.0002804762997526709	0.00039692515314695493	7.134006683437841e-05	0.00012539724054415238	0.00011756560814076522	6.0307038208277895e-05	0.5899822899227396	0.0001868213943780607	0.31732448394161633	0.5899046795266022	0.0001371508185865927	0.492227597759861	0.611342221464484	9.365248843189347e-05	0.6976387193396995	-0.368897300146658	-0.03786697025327451	0.15081245176167135	1.0400187918632098	0.5023969336803923	0.5010759108049676	0.00013920823379884895
V915K	missense	50	31	9	16	14	6	4	28	8	21	11	1	1	15	32	11	20	0.00016015575932671776	9.417387440148089e-05	3.8599606284015906e-05	5.6266983527013114e-05	3.882158376533129e-05	0.00011385816525699414	6.45928069450186e-05	8.883415887836153e-05	3.677912907022362e-05	7.24475413938907e-05	5.1544177655598985e-05	2.549784543206099e-05	2.646167687646366e-05	6.007584575526602e-05	0.00011823168394162938	5.225138139589565e-05	3.957649382418237e-05	0.543596857187094	5.69655119944603e-05	-0.127639950196035	0.5868389409225632	6.240125174951871e-05	0.4683284279448255	0.5660118240618232	6.753385122924335e-05	0.3263499522097386	-0.24618002353231616	0.24136460513340458	0.01611387786421517	0.8190163499252244	0.22234614331950972	0.5301904775293145	6.230020499107412e-05
V915N	missense	45	21	5	10	11	2	0	16	6	20	15	3	4	18	14	13	21	0.0001444542142946866	6.47445386510181e-05	2.315976377040954e-05	3.64080481645379e-05	3.105726701226503e-05	4.8796356538711774e-05	1.291856138900372e-05	5.20751965838671e-05	2.860598927684059e-05	6.915447133053203e-05	6.872557020746531e-05	5.099569086412198e-05	6.615419219115915e-05	7.134006683437841e-05	5.3741674518922446e-05	6.095994496187826e-05	4.1461088768191055e-05	0.5543511081191502	3.884240439955764e-05	-0.0244769764273461	0.6767587245468946	5.4640306849676255e-05	1.1693041000839588	0.5797155723015889	5.6875693770842546e-05	0.4385935697497719	-0.5771732425737406	-0.511779210840455	0.11302389087227156	0.9780184009738648	0.5278068978021282	0.23311959506670493	5.011946834002548e-05
L916F	missense	96	132	107	234	400	45	145	74	47	194	179	99	215	34	43	71	200	0.0003046099736214043	0.00039141016548115495	0.00041687574786737175	0.000777808301696946	0.0010378303393265233	0.0007482108002602472	0.0018861099627945433	0.00022974351434059016	0.00019615535504119262	0.0006421486623549403	0.0007731626648339848	0.0012748922716030496	0.0028578611026580754	0.00013141591258964444	0.00015764224525550584	0.0003135082883753739	0.0003788035837457455	0.734577896948918	0.000655981138592999	1.7043957833702994	0.7659569343753494	0.00046030254914267697	1.8646546955583647	0.7393846140047495	0.00024534250749156744	1.7463985977133902	0.40154303624878496	1.7151972665715538	0.35056762901514604	1.3677608063880324	1.7718163588806848	1.5414790364797932	0.00045387539840908113
L916Y	missense	60	52	33	70	56	7	14	40	12	50	25	12	15	25	35	36	62	0.00019155884939078005	0.0001559754794774527	0.00013123866136565408	0.00023499740178929007	0.0001475220183082589	0.00013012361743656474	0.0001937784208350558	0.00012559312117285594	5.312540865698967e-05	0.00016794657323129206	0.00011167905158713113	0.00016573599530839644	0.0002116934150117093	9.762324935230729e-05	0.00012898001884541387	0.00016110842597067828	0.0001187294814725471	0.6396323779873638	0.00016743339023516393	0.7936059809035442	0.6449301537600083	0.00011458603866206719	0.9211823531080414	0.6485582897078784	0.00012661029391023663	1.0024652570991786	0.17294928420965947	1.1950537687164435	0.1062905082133032	0.9669708154866735	0.9057511970369214	1.0810122921015586	0.00013620990760248924
L916L	silent	276	311	232	286	212	45	62	275	134	192	138	31	33	157	176	118	267	0.0008698655947745258	0.0009181952754144387	0.0008993708264175706	0.0009499190748383979	0.0005512664894677043	0.0007482108002602472	0.0008138693675072344	0.0008454561327733718	0.0005516869360533543	0.0006355625222282229	0.0005970533911773549	0.00040796552691297586	0.00044984850689988224	0.000593248976833252	0.0006341517593232848	0.0005181595321759652	0.0005050714449943274	0.5854430289205138	0.0008296879165345279	0.2737804317653744	0.593564959608399	0.000657439745558076	0.5207615553289124	0.6038656657811413	0.0005626579283317073	0.6364003163892795	0.036530729917929536	0.884646229714709	0.04244281658656427	0.8622147267373238	0.4769807678278555	0.8734304782260164	0.0006832618634747704
L916R	missense	232	160	105	117	135	38	42	124	101	95	79	28	33	114	128	74	162	0.0007316919984926517	0.0004738123055824507	0.0004091558266105686	0.0003905590621286793	0.000351982359472337	0.0006343526350032531	0.0005554981397271599	0.00038290585723431696	0.0004168301294625343	0.0003161347260824321	0.0003436278510373266	0.00036971875876488436	0.00044984850689988224	0.00043179514136597454	0.00046217840086273303	0.00032657113372434784	0.0003071889758734155	0.5954641383131408	0.0004063773884485089	0.36991055295523606	0.6062838611673916	0.0003648746409541525	0.6199126009590299	0.5833185063863208	0.0003819334129566178	0.4681042078870871	-0.05764813930099091	0.6703511056240739	0.08519479700751416	0.9323586918687417	0.4859757872671177	0.8013548987464078	0.000384395147453093
L916K	missense	27	6	0	9	23	3	5	1	9	19	19	0	21	13	9	13	30	8.792865217937445e-05	2.0600535025323943e-05	3.85996062840159e-06	3.309822560412536e-05	6.211453402453006e-05	6.506180871828237e-05	7.751136833402232e-05	6.126493715749071e-06	4.086569896691513e-05	6.586140126717336e-05	8.590696275933165e-05	1.2748922716030496e-05	0.00029107844564110026	5.256636503585777e-05	3.582778301261496e-05	6.095994496187826e-05	5.8422443264269213e-05	0.7856251346744959	2.991831382059524e-05	2.1940798050393893	0.7912409243863394	4.9690139177292304e-05	2.0617577264815514	0.6506888947857786	5.1944134068655045e-05	1.0199164549253852	0.07603927120160313	0.9745441848212235	1.3585365586864213	3.0215540753840013	1.758584662148775	1.9980491301026124	4.38508623555142e-05
L916G	missense	186	722	576	258	64	86	27	287	213	125	80	132	33	142	176	75	145	0.000587237784197965	0.0021277409747584588	0.0022271972825877178	0.0008572440431468469	0.00016822686298310227	0.0014150943396226414	0.0003617197188921042	0.0008822150950678662	0.0008745259578919837	0.0004149268279831922	0.00034792319917529316	0.001695606721232056	0.00044984850689988224	0.0005369278714376901	0.0006341517593232848	0.00033092541550733913	0.0002751508618252679	0.45659980601540573	0.0013451022908690315	-0.9621819898676166	0.5226780977545747	0.0006298977700295839	-0.03184170538859554	0.5484340268279454	0.0004442889770233955	0.1823750691780754	-0.5924132091304773	-0.5464563157101419	-0.5762588460606155	-0.1529005363256099	-0.2705495420260456	-0.3496784260178759	0.0008064296793073369
L916S	missense	184	316	182	245	147	70	57	233	156	182	90	91	18	132	129	92	136	0.0005809571661851527	0.00093290994328967	0.000706372794997491	0.000814216349861484	0.00038303962648460205	0.001154847104749512	0.0007492765605622158	0.0007167997647426413	0.0006415914737805676	0.0006026318215946362	0.000390876680554959	0.0011729008898748055	0.0002513859303264048	0.0004993804678406488	0.0004657611791639945	0.0004049482058181913	0.00025818950732918976	0.5570577140549201	0.0007091346786583118	0.0014868511714413442	0.5709623593235036	0.000587974935168201	0.3445614769013494	0.5647841462223852	0.0004070698400380061	0.3162943820502996	-0.1878823430102162	0.374015472417016	-0.6689203485285111	-0.3049319775392152	0.22078090337436343	0.0345417474389004	0.0005680598179548397
L916_	nonsense	66	220	210	242	40	53	40	127	96	76	26	90	14	69	70	29	44	0.00021040070342921743	0.0006503883200852273	0.0008144516925927355	0.0008042868821802464	0.00010611232895857219	0.000878334417696812	0.0005296610169491525	0.00039209559780794054	0.00039639727997907675	0.0002535663948786174	0.00011597439972509772	0.001160151967158775	0.00019846257657347746	0.0002628318251792889	0.0002543772593895662	0.00013062845348973912	8.480677248039078e-05	0.5385354048069144	0.0005938098059541954	-0.17619326017799813	0.5201677202373592	0.0002895084180976831	-0.05141152080101768	0.5127654622895079	0.00018316107763474628	-0.10977629307745415	-0.21966189095731115	0.3017041118395539	-0.7668362554011973	-0.46558441725925187	-0.11246035801882333	-0.08194015270984897	0.00035549310056220827
L916V	missense	214	141	111	160	307	19	46	120	89	142	203	18	17	69	93	105	297	0.0006751664363773396	0.00041789656765657145	0.0004323155903809781	0.0005328814322264183	0.0007971365199814692	0.00032530904359141186	0.0006071723852831748	0.0003706528698028188	0.00036779129070223617	0.0004709090190602895	0.0008762510201451828	0.00024222953160457942	0.00023815509188817295	0.0002628318251792889	0.00033678116031858065	0.00046155386899707825	0.0005616092933145879	0.6959951264433698	0.0005450575275613592	1.3342804339392456	0.7220889023196482	0.0005214010499276318	1.5226785250624935	0.7036541873368293	0.0004056940369523839	1.4537405398385024	0.27101587441765806	1.418195034820609	-0.007367217985307764	0.7804904815958756	1.4368998329467473	1.0993427582082422	0.000490717538147125
L916C	missense	117	123	81	55	49	21	22	96	56	109	66	13	16	71	46	45	116	0.0003705564627559352	0.0003649237633057384	0.0003165167715289304	0.00018535006338310202	0.00012940527921777097	0.000357839947950553	0.0002971269119470856	0.00029713494521382995	0.00023293448411141625	0.0003622377069694535	0.000287788325243761	0.00017848491802442692	0.00022492425344994112	0.0002703413058986971	0.00016839058015929032	0.0002002969620176	0.00022049760844901605	0.519884859069303	0.00024904896935888546	-0.35510351370070115	0.6357261834156849	0.00029502386538461515	0.8494321882564996	0.6078939659742506	0.00021488161413115087	0.669395010855407	-0.08074683265869141	0.6177922099771773	0.10043476356425111	0.9573631869174876	0.38790789513706847	0.7875776984473324	0.0002529848162915505
L916D	missense	81	36	35	70	32	8	14	41	13	68	38	1	11	14	33	27	34	0.0002575053385253109	0.00010888854227671227	0.00013895858262245726	0.00023499740178929007	8.540748428372885e-05	0.00014638906961613534	0.0001937784208350558	0.00012865636803073048	5.721197855368118e-05	0.0002272218343717481	0.0001675185773806967	2.549784543206099e-05	0.00015877006125878198	5.63211053955619e-05	0.00012181446224289088	0.00012191988992375652	6.596082304030395e-05	0.6306303463722225	0.0001420630027430471	0.7072516306800856	0.6867017224922933	0.0001451521895842141	1.2468154039030659	0.6349123256782845	9.15040701506283e-05	0.890694934067545	0.1217967617622782	1.0786610339520262	0.7942651282478589	2.0957435011926333	0.9482539895502322	1.5872022675723296	0.0001262397541592965
L916T	missense	69	258	216	81	25	33	9	108	91	67	26	65	8	62	56	27	56	0.0002198216304484361	0.0007622197959369859	0.0008376114563631451	0.000271405449953828	6.729074519324091e-05	0.0005530253741054002	0.0001291856138900372	0.0003338939075083244	0.0003759644304956192	0.00022392876430838942	0.00011597439972509772	0.0008414288992580127	0.00011907754594408647	0.00023654864266135997	0.0002042183631719053	0.00012191988992375652	0.000107421911808495	0.4540588326379141	0.0004846318618618	-0.9865569436924098	0.5290503261963571	0.00026244037550935767	0.017833426545260597	0.5373876114400975	0.0001675272018913792	0.0918969312052827	-0.6315309048963333	-0.6354649387463562	-0.8491875482383286	-0.6006997068064996	-0.29227552864728884	-0.6180823227764279	0.0003048664797541789
L916A	missense	129	115	66	139	181	13	34	135	88	101	76	11	46	70	96	67	125	0.00040824017083280996	0.0003413802947053682	0.00025861736210290657	0.0004633751584577551	0.00047103521635268633	0.0002277163305139883	0.00045214964861513024	0.0004166015726709368	0.00036370472080554466	0.0003358931464625841	0.0003307418066234268	0.00015298707259236595	0.0006218494065968961	0.000266586565538993	0.00034752949522236514	0.0002960911612434087	0.0002374589629450942	0.6733673955250399	0.00038360200790467906	1.117217988035698	0.6003453299189327	0.0003617353116406231	0.5736183844293394	0.6098800609901739	0.00028691654623746527	0.6856625666704333	0.2978880208179595	1.47934006655855	0.6090304897523078	1.7918256032185864	0.792166313045157	1.6355828348885684	0.00034408462192758916
L916E	missense	43	24	8	17	43	6	7	12	8	10	11	4	7	17	17	20	37	0.00013817359628187414	7.357333937615695e-05	3.4739645655614314e-05	5.957680608742565e-05	0.00011387664571163845	0.00011385816525699414	0.00010334849111202976	3.982220915236896e-05	3.677912907022362e-05	3.622377069694535e-05	5.1544177655598985e-05	6.374461358015247e-05	0.00010584670750585465	6.758532647467428e-05	6.449000942270693e-05	9.14399174428174e-05	7.161460787233e-05	0.6896577538996235	7.044160920770884e-05	1.2734875250120303	0.6513207225765613	4.109232164378423e-05	0.9710004586569795	0.6415341419759648	7.378246530313214e-05	0.9449324027463987	-0.042060040876391376	0.7058203516868148	0.22023386052013996	1.1539197814169404	1.063140128805136	0.9298700665518775	6.177213205154173e-05
L916I	missense	75	162	118	135	33	42	20	87	26	41	24	52	7	41	50	24	42	0.00023866348448687351	0.00047969817273254325	0.00045933531477978926	0.0004501358682161049	8.799558986808426e-05	0.0006994144437215354	0.00027128978916907815	0.0002695657234929591	0.00011033738721067085	0.00013830894266106405	0.00010738370344916456	0.0006756929039496162	0.00010584670750585465	0.00015769909510757332	0.0001827216933643363	0.00010885704457478262	8.103758259237342e-05	0.5247820792891545	0.0003692912363991304	-0.3081256438079592	0.5333724394534544	0.00015639893920346465	0.05152674878581185	0.5533800787760915	0.0001325788539097664	0.22288681483244108	-0.4113011486997454	-0.13435292366264925	-0.8050720047446303	-0.5283185185175205	-0.011237360063235419	-0.3313357210900849	0.00021942300983745383
L916W	missense	105	117	102	110	48	21	13	50	46	69	44	28	13	78	99	36	60	0.0003328727546790604	0.0003472661618554608	0.0003975759447253638	0.0003673903042057915	0.00012681717363341555	0.000357839947950553	0.0001808598594460521	0.0001562255897516013	0.0001920687851445011	0.00023051490443510677	0.0001932906662084962	0.00036971875876488436	0.00018523173813524564	0.000296624488416626	0.0003582778301261496	0.00016110842597067828	0.00011496029158452974	0.5552355799677907	0.0003097623961050079	-0.015992448151326333	0.6492263565626677	0.00019302498638492635	0.9546736886724357	0.5253510896318518	0.00023274275902449593	-0.006690895038969217	-0.2963466329980463	0.12721522226413867	-0.3001560843565029	0.3001063723361223	0.3106634484940467	0.2136607973001305	0.0002451767138381434
L916Q	missense	57	19	9	34	11	5	0	18	13	33	4	6	2	9	10	18	13	0.00018213792237156137	5.8858671500925554e-05	3.8599606284015906e-05	0.00011584378961443877	3.105726701226503e-05	9.759271307742355e-05	1.291856138900372e-05	5.8201690299616175e-05	5.721197855368118e-05	0.00011196438215419471	2.1476740689832912e-05	8.924245901221346e-05	3.9692515314695496e-05	3.754740359704126e-05	3.941056131387646e-05	8.273135387683478e-05	2.6384329216121578e-05	0.6218488874435723	6.108983360291132e-05	0.6230131818257074	0.5971612527275318	6.221369792433124e-05	0.5487966982617007	0.6316046223670496	4.651841200096852e-05	0.8636024496679268	-0.8782032382377217	-1.1967445412890854	-0.3518629074303792	0.21527003121137167	0.6784707765851117	-0.49073725503885685	5.66073145094037e-05
L916P	missense	88	108	84	44	80	15	21	66	55	57	48	10	7	41	40	32	89	0.0002794875015701545	0.0003207797596800443	0.0003280966534141352	0.00014894201521856415	0.00020963655233278896	0.0002602472348731295	0.00028420835055808184	0.00020523753947759388	0.00022884791421472472	0.00019099806367480274	0.00021047205876036253	0.00014023814987633546	0.00010584670750585465	0.00015769909510757332	0.00014689391035172135	0.00014369129883871304	0.00016961354496078157	0.5614010960682213	0.00025186374516138313	0.043151882751647955	0.6216868911350193	0.00020888889403187098	0.7399879486672223	0.6315829526040695	0.0001544744623146973	0.8634249586234645	0.038250710312203264	0.8885598826931448	-0.1221888203020663	0.5921005546278733	0.5488549300141116	0.740330218660509	0.00020507570050265047
L916N	missense	38	35	11	41	16	9	9	21	22	27	18	4	12	14	27	15	24	0.00012247205124984298	0.00010594560870166599	4.631952754081908e-05	0.00013901254753732653	4.399779493404213e-05	0.00016265452179570593	0.0001291856138900372	6.739143087323978e-05	9.39911076239048e-05	9.22059617740427e-05	8.161161462136506e-05	6.374461358015247e-05	0.0001720008996970138	5.63211053955619e-05	0.00010031779243532189	6.966850852786088e-05	4.7114873600217106e-05	0.5902709386682194	8.381886967846343e-05	0.32009342276835884	0.6402429114648486	8.380002872313809e-05	0.8846426430921079	0.598361726729877	6.835556998974044e-05	0.5913190715338698	-0.10005198785407819	0.5738651522146992	0.43108722583503317	1.499870798395848	0.5986850457981122	1.0368679753052736	7.865815613044732e-05
L916M	missense	66	39	16	55	99	6	26	49	21	74	61	8	8	36	30	49	80	0.00021040070342921743	0.00011771734300185111	6.561933068282704e-05	0.00018535006338310202	0.00025881055843554195	0.00011385816525699414	0.00034880115750310044	0.00015316234289372677	8.990453772721329e-05	0.00024698025475190013	0.0002663115845539281	0.00011474030444427445	0.00011907754594408647	0.00013892539330905267	0.00011106612733910638	0.00021771408914956524	0.00015265219046470342	0.733169864414673	0.00015687432387583055	1.6908888618456408	0.7070581935733755	0.00018908967998169208	1.405505632274359	0.6547869135390245	0.00015508945006560693	1.0534821948648019	0.48621373629065234	1.9078574495063867	0.01611387786421517	0.8190163499252244	1.3832922296616008	1.3634368997158055	0.0001670178179743765
L916H	missense	46	28	6	24	14	4	0	12	10	18	19	6	4	2	16	19	33	0.00014759452330109283	8.534507367634205e-05	2.7019724398811132e-05	8.274556401031341e-05	3.882158376533129e-05	8.132726089785297e-05	1.291856138900372e-05	3.982220915236896e-05	4.4952268863606643e-05	6.256833120381469e-05	8.590696275933165e-05	8.924245901221346e-05	6.615419219115915e-05	1.126422107911238e-05	6.090723112144544e-05	8.708563565982608e-05	6.407622809629526e-05	0.5801981721561201	5.8482986462699476e-05	0.2234677671061517	0.7085318732782341	5.831244299478049e-05	1.4169938007284422	0.7283289775862078	5.583332898916979e-05	1.6558449328245735	-0.799021992190097	-1.0165750925777817	-0.13001415781402287	0.579261378613672	1.0987688335530559	-0.21865685698205484	5.754291948221658e-05
Y917F	missense	86	146	95	84	78	24	16	97	81	102	74	18	13	77	87	69	93	0.00027320688355734205	0.00043261123553180284	0.00037055622032655265	0.0002813349176350656	0.00020446034116407814	0.0004066363044892648	0.00021961554361306325	0.00030019819207170446	0.0003350987315287041	0.0003391862165259428	0.0003221511103474937	0.00024222953160457942	0.00018523173813524564	0.00029286974805692187	0.0003152844905110117	0.0003047997248093913	0.00017715192473681632	0.5499712601267679	0.0003222406786643748	-0.06649181747984084	0.6317430580172324	0.00032415856261846127	0.8183814684832019	0.5839904247420585	0.0002725264720285353	0.47360770558859244	-0.2675430751478418	0.19275499838327387	-0.11651168741037578	0.6014151315826761	0.40849911886398454	0.397085064982975	0.0003063085711037905
Y917R	missense	211	256	186	159	224	34	28	230	143	180	117	23	11	163	174	127	250	0.0006657455093581208	0.0007563339287868933	0.0007218126375110974	0.0005295716096660058	0.0005823237564799693	0.0005692908262849707	0.0003746382802811079	0.0007076100241690177	0.0005884660651235779	0.0005960456814679189	0.0005068510802800567	0.0003059741451847319	0.00015877006125878198	0.0006157774189914768	0.0006269862027207619	0.000557348068222887	0.00047303333094617973	0.5905279932045406	0.0006475104831109914	0.32255928585405075	0.5940129248928041	0.0005997432127601429	0.5242536985889852	0.5976221603736077	0.0005682862552203263	0.5852614877410153	-0.18172203430539774	0.3880326731891663	-0.284916117799766	0.32511086738486816	0.4773581573946837	0.35657177028701725	0.0006051799836971535
Y917L	missense	174	147	103	169	104	21	15	159	96	116	77	14	6	143	118	110	188	0.0005495540761210903	0.00043555416910684907	0.0004014359053537654	0.0005626698352701312	0.000271751086357319	0.000357839947950553	0.00020669698222405952	0.0004901194972599256	0.00039639727997907675	0.00038528919741296415	0.0003350371547613934	0.00019123384074045744	9.261586906762282e-05	0.0005406826117973942	0.00042635061785011805	0.0004833252779120348	0.0003561884444176413	0.6003071417573983	0.0004178527490220162	0.4163683342026817	0.5879432471236613	0.00040171078235334	0.4769371206080129	0.59064524371108	0.00045163673799429707	0.528115490034709	-0.23835468602035959	0.259170421736254	-0.3148793411772092	0.2759496525097244	0.4738069816151345	0.2675600371229892	0.00042373342312321775
Y917S	missense	186	595	408	319	199	77	45	416	266	265	164	148	44	253	243	136	315	0.000587237784197965	0.0017539884107275814	0.0015787238970162505	0.0010591432193320116	0.0005176211168710839	0.0012687052700065063	0.0005942538238941712	0.0012773739397336813	0.001091114162416634	0.0008759566368534057	0.0007087324427644861	0.0018995894846885438	0.0005953877297204324	0.0009537040513648481	0.0008741979055078051	0.0005965366042698087	0.0005955320023067442	0.5173336725598993	0.0012273691609867318	-0.37957643967308535	0.564255125430163	0.0009882942954420517	0.2922747876203646	0.5690318448473575	0.0007549926408623015	0.3510861084849111	-0.32938875886298447	0.05203098485323988	-0.5038598767727153	-0.034114208130331836	0.08792815214406345	0.00895838836145402	0.0009902186990970283
Y917E	missense	52	25	27	70	54	8	13	21	34	54	28	12	2	18	21	31	83	0.0001664363773395302	7.651627295120322e-05	0.00010807889759524453	0.00023499740178929007	0.00014234580713954806	0.00014638906961613534	0.0001808598594460521	6.739143087323978e-05	0.00014302994638420297	0.00018111885348472674	0.0001245650960010309	0.00016573599530839644	3.9692515314695496e-05	7.134006683437841e-05	7.882112262775292e-05	0.00013933701705572175	0.00015830597529672947	0.6971625178596089	0.00014048459486882148	1.3454789423999594	0.6757672299680102	0.0001290263316858001	1.1615748379478374	0.7147193552638892	0.00011195104545364563	1.5443722746814645	0.09183353838483502	1.010482548426797	-0.6207082197229591	-0.2258294459476992	1.3504753516764205	0.3923265512395489	0.0001271539906694224
Y917Q	missense	38	7	7	21	31	4	0	22	15	20	5	4	2	14	25	14	20	0.00012247205124984298	2.3543468600370222e-05	3.087968502721272e-05	7.28160963290758e-05	8.281937869937342e-05	8.132726089785297e-05	1.291856138900372e-05	7.045467773111431e-05	6.53851183470642e-05	6.915447133053203e-05	2.5772088827799493e-05	6.374461358015247e-05	3.9692515314695496e-05	5.63211053955619e-05	9.31522358327989e-05	6.531422674486956e-05	3.957649382418237e-05	0.7557754786157421	5.2514657164008045e-05	1.9077391473358745	0.5544316468769848	5.7691589059127506e-05	0.2156952051969125	0.5866338078331561	6.359101544935318e-05	0.4952589265171827	-0.799021992190097	-1.0165750925777817	-0.2057348717521411	0.45502500252292416	0.8728977596833233	-0.2807750450274288	5.793242055749625e-05
Y917A	missense	103	112	64	115	163	14	17	56	52	71	107	16	7	64	77	48	145	0.00032659213666624793	0.0003325514939802294	0.00025089744084610336	0.0003839394170078542	0.00042444931583428876	0.00024398178269355888	0.00023253410500206697	0.00017460507089884852	0.00021658820452465018	0.0002371010445618241	0.0004638975989003909	0.00021673168617251842	0.00010584670750585465	0.0002440581233807682	0.0002794567074983967	0.00021335980736657392	0.0002751508618252679	0.661708253701078	0.00034795941691711895	1.0053746109609143	0.7266751736439511	0.00027304797972142845	1.5584311091389496	0.6283572912935209	0.00025300637501775167	0.8370044575955584	-0.020870741806453322	0.7540346009260032	-0.31124505652211515	0.28191249057276874	1.1336033925651405	0.5179735457493859	0.000291337923885433
Y917W	missense	97	43	43	97	125	17	26	65	46	136	79	5	24	54	72	83	165	0.00030775028262781056	0.0001294890773020362	0.00016983826764966996	0.0003243626109204286	0.00032610130362878284	0.00029277813923227067	0.00034880115750310044	0.00020217429261971934	0.0001920687851445011	0.0004511505986801375	0.0003436278510373266	7.649353629618297e-05	0.00033077096095579576	0.00020651071978372695	0.00026154281599208924	0.0003657596697712696	0.0003128427607054416	0.7229637650385062	0.00023744781487522936	1.5929841757009575	0.6968492551430052	0.00029725538187042115	1.3259211716627406	0.6711355660503232	0.00028666399156313183	1.1873894929022977	0.07603927120160305	0.9745441848212232	0.6359026361526091	1.8359152309165216	1.3687649467553318	1.4052297078688725	0.00027378906276959413
Y917N	missense	65	15	2	22	55	2	12	12	7	14	41	1	19	10	25	22	95	0.00020726039442281122	4.7086937200740445e-05	1.157988188520477e-05	7.612591888948834e-05	0.00014493391272390349	4.8796356538711774e-05	0.00016794129805704837	3.982220915236896e-05	3.26925591735321e-05	4.939605095038002e-05	0.00018040462179459645	2.549784543206099e-05	0.0002646167687646366	4.1302143956745394e-05	9.31522358327989e-05	0.0001001484810088	0.0001809211146248337	0.7850164672719462	6.993166267483426e-05	2.1882410032781316	0.8062885938568121	7.557886026771938e-05	2.1790628377267023	0.7531072761043959	0.0001038809938557945	1.8587971334566407	0.5367701097330962	2.0228937035012953	1.0161138778642151	2.459734848594934	2.075366991487158	2.2413142760481146	8.313050559944936e-05
Y917I	missense	82	474	374	148	86	59	22	258	188	109	40	156	25	127	122	61	112	0.0002606456475317171	0.0013978934481469819	0.0014474852356505963	0.000493163561501468	0.0002251651858389215	0.0009759271307742355	0.0002971269119470856	0.0007933809361895047	0.000772361710474696	0.0003622377069694535	0.00017610927365662986	0.002001580866416788	0.0003440017993940276	0.0004806067660421282	0.00044068173105516405	0.0002699654705454609	0.00021295922867298133	0.46812311870796786	0.000890926857784492	-0.8516415893746652	0.4906224667329841	0.000526022406822571	-0.28173351557221504	0.5383270080380462	0.00035105329907893364	0.09959126932458603	-0.5164754022201289	-0.373667006494752	-0.7648124265742006	-0.46226388386465733	-0.34459461187409807	-0.4179654451797047	0.0005893341878953322
Y917P	missense	61	48	52	99	44	9	15	82	59	104	21	12	7	48	106	53	84	0.0001946991583971863	0.0001442037451772676	0.0002045779133052843	0.00033098225604125364	0.00011646475129599387	0.00016265452179570593	0.00020669698222405952	0.00025424948920358645	0.00024519419380149076	0.00034577235665266015	9.449765903526481e-05	0.00016573599530839644	0.00010584670750585465	0.0001839822776255022	0.0003833572782349801	0.00023513121628153044	0.00016019057024073817	0.63177998716733	0.00019905716645494986	0.7182798616501819	0.5746286304833486	0.00023492842467325053	0.3731421383190137	0.5964851456011271	0.0002406653355956877	0.5759485137264062	0.1040679948018466	1.0383208987681096	-0.19473948745067798	0.4730653329463172	0.5557901712318672	0.7556931158572134	0.00022488364224129603
Y917Y	silent	92	72	64	186	715	32	189	79	34	164	206	36	199	43	56	80	319	0.0002920487375957794	0.00021483415097837827	0.00025089744084610336	0.0006189368187971443	0.0018530835983984802	0.0005367599219258296	0.002454526663910707	0.0002450597486299628	0.00014302994638420297	0.0005433565604541802	0.0008891370645590825	0.00047171014049312833	0.002646167687646366	0.00016520857582698158	0.0002042183631719053	0.0003526968244222957	0.000603070382082779	0.8497801934945077	0.0007344380022550265	2.8095040397900797	0.7851518683735794	0.0004551458300068571	2.014290084109664	0.7629103474176016	0.00033129853637599033	1.9390913834636696	0.6601876732208634	2.303718715544034	0.7489421494612013	2.0213812514825498	2.2542951691211375	2.162549983513292	0.000506960789545958
Y917C	missense	93	159	100	92	129	14	32	92	86	65	56	21	52	70	63	57	121	0.00029518904660218566	0.00047086937200740444	0.00038985602346856065	0.0003078134981183659	0.00033645372596620454	0.00024398178269355888	0.0004263125258371228	0.0002848819577823318	0.00035553158101216164	0.0002173426241816721	0.00024483484386409517	0.0002804762997526709	0.000701234437226287	0.000266586565538993	0.00022929781128073576	0.0002525483434134957	0.00022992058316905948	0.5846933684950976	0.00037624815489013385	0.26658911743848684	0.5957132679998104	0.0002756477517100652	0.537508836716101	0.6139166553284776	0.000244588325850571	0.7187251961894191	0.24237069296812813	1.3530156292465554	0.3979670666427979	1.445529940530262	0.5076077167813356	1.3992727848884088	0.00029882807748358997
Y917T	missense	121	65	54	90	62	7	20	53	48	101	36	8	16	42	39	57	131	0.0003831176987815601	0.00019423361595305433	0.00021229783456208748	0.0003011938529975408	0.00016305065181439142	0.00013012361743656474	0.00027128978916907815	0.0001654153303252249	0.00020024192493788413	0.0003358931464625841	0.00015892788110476354	0.00011474030444427445	0.00022492425344994112	0.00016145383546727743	0.00014331113205045984	0.0002525483434134957	0.00024876653260914633	0.6243320793437063	0.0002176939888317685	0.6468338516682296	0.6418785308388498	0.0002151195707076142	0.8973932230406131	0.6825587061509945	0.00020151996088509482	1.2809532789652471	0.31907731988789756	1.5275543157977385	0.2923202898031642	1.2721933194446442	0.9417267845580298	1.3998738176211913	0.0002114445068081592
Y917_	nonsense	94	157	142	153	30	16	17	146	83	90	22	43	0	142	133	40	60	0.0002983293556085919	0.00046498350485731186	0.0005519743698614274	0.0005097126743035306	8.0231273115018e-05	0.0002765126870527001	0.00023253410500206697	0.00045029728810755675	0.0003432718713220871	0.0002996693757656388	9.879300717323138e-05	0.0005609525995053418	1.323083843823183e-05	0.0005369278714376901	0.0004800922923690405	0.00017852555310264348	0.00011496029158452974	0.531923499128798	0.000401725455534322	-0.23961970022872828	0.5098483346152153	0.0002980078855921285	-0.1318569798644659	0.4754900522520983	0.00032762650212347596	-0.4150888830844678	-0.07522840412904601	0.630348873020102	-1.6273387986219723	-1.8774268580739084	-0.2621885210592207	-0.6235389925269033	0.00034245328108330875
Y917M	missense	56	21	24	14	4	2	1	24	33	11	12	1	1	12	19	20	40	0.00017899761336515513	6.47445386510181e-05	9.649901571003975e-05	4.964733840618804e-05	1.2940527921777098e-05	4.8796356538711774e-05	2.583712277800744e-05	7.658117144686338e-05	0.00013894337648751146	3.9516840760304014e-05	5.5839525793565566e-05	2.549784543206099e-05	2.646167687646366e-05	4.881162467615364e-05	7.165556602522992e-05	9.14399174428174e-05	7.726839270435605e-05	0.5120446177367861	5.595785517225575e-05	-0.43031308580727184	0.5600026548939154	7.77202286220611e-05	0.25912436985633214	0.6704545142973856	7.229387521213925e-05	1.181811186066517	-0.2761432469097594	0.17318611960817545	0.01611387786421517	0.8190163499252244	0.33687415670519244	0.49610123476669993	6.86573196688187e-05
Y917H	missense	44	2	5	9	19	1	0	10	2	17	19	0	1	7	8	11	47	0.00014131390528828035	8.828800725138832e-06	2.315976377040954e-05	3.309822560412536e-05	5.176211168710839e-05	3.2530904359141185e-05	1.291856138900372e-05	3.369571543661989e-05	1.2259709690074539e-05	5.9275261140456025e-05	8.590696275933165e-05	1.2748922716030496e-05	2.646167687646366e-05	3.003792287763301e-05	3.2245004711353466e-05	5.225138139589565e-05	9.046055731241685e-05	0.7734164512867917	2.921222544669553e-05	2.07696480632556	0.7581823521267003	4.7784412256620526e-05	1.804047420966646	0.7477312929979614	5.124871657432475e-05	1.814763940410281	-0.4010819835180594	-0.11110017823393115	0.31714387352819634	1.3129218324655807	1.898592055900829	0.6009108271158248	4.274845142588027e-05
Y917D	missense	58	35	31	28	53	1	0	36	22	24	15	6	6	30	19	14	25	0.0001852782313779676	0.00010594560870166599	0.0001235187401088509	9.598485425196355e-05	0.00013975770155519264	3.2530904359141185e-05	1.291856138900372e-05	0.00011334013374135781	9.39911076239048e-05	8.23267515839667e-05	6.872557020746531e-05	8.924245901221346e-05	9.261586906762282e-05	0.00011639695115082791	7.165556602522992e-05	6.531422674486956e-05	4.899946854422579e-05	0.6448573989256534	0.00011630172615441828	0.8437283651963345	0.5742484932344694	8.959589078917366e-05	0.37017875303495357	0.5387908856449198	7.55915531162883e-05	0.1033907627026253	-0.4010819835180594	-0.11110017823393115	0.01611387786421517	0.8190163499252244	0.43909929364463784	0.35395808584564664	9.382972335329341e-05
Y917K	missense	82	28	32	36	95	17	15	13	18	35	35	9	17	30	37	18	80	0.0002606456475317171	8.534507367634205e-05	0.00012737870073725247	0.00012246343473526383	0.00024845813609812025	0.00029277813923227067	0.00020669698222405952	4.2885456010243496e-05	7.764482803713875e-05	0.00011855052228091205	0.00015463253296679695	0.00012748922716030494	0.00023815509188817295	0.00011639695115082791	0.00013614557544793687	8.273135387683478e-05	0.00015265219046470342	0.7287496326340003	0.00014591133631174465	1.6484866287080622	0.7444228413072349	9.84283348237728e-05	1.6967842364234555	0.6391802979147677	0.00012198151773507574	0.9256527160554819	-0.15120451030145948	0.45747241745028183	0.27138638296752127	1.2378466712499765	1.4236411937289999	0.8476595443501291	0.0001221070629568644
Y917G	missense	96	7	3	26	27	0	2	5	13	11	30	0	2	11	23	47	78	0.0003046099736214043	2.3543468600370222e-05	1.543984251360636e-05	8.936520913113848e-05	7.246695636195174e-05	1.6265452179570593e-05	3.875568416701116e-05	1.8379481147247212e-05	5.721197855368118e-05	3.9516840760304014e-05	0.00013315579227696404	1.2748922716030496e-05	3.9692515314695496e-05	4.505688431644952e-05	8.59866792302759e-05	0.0002090055255835826	0.00014888300057668604	0.7623747641560699	5.0203869151766706e-05	1.9710445254035918	0.7894588389692244	6.206602318454911e-05	2.0478653607226387	0.736083216943891	0.00012223302242674852	1.7193577660691328	0.37706926686558434	1.659509515269854	0.49323513258387763	1.6018380186522772	1.9127558840651213	1.6306737669610656	7.816763825435478e-05
Y917V	missense	24	0	0	5	7	0	0	0	0	4	2	0	2	1	0	4	6	7.850772516015576e-05	2.942933575046278e-06	3.85996062840159e-06	1.9858935362475217e-05	2.0704844674843356e-05	1.6265452179570593e-05	1.291856138900372e-05	3.0632468578745355e-06	4.086569896691513e-06	1.646535031679334e-05	1.2886044413899746e-05	1.2748922716030496e-05	3.9692515314695496e-05	7.509480719408253e-06	3.582778301261496e-06	2.177140891495652e-05	1.3192164608060789e-05	0.8078413888668018	1.184166856019161e-05	2.4071950524851893	0.7683074800307561	9.125302871314784e-06	1.8829785310290563	0.7206357760068398	1.1513958135921765e-05	1.592832043166603	-0.10005198785407819	0.5738651522146992	0.49323513258387763	1.6018380186522772	1.9610018755602832	1.0878515854334883	1.0826976522476054e-05
E918S	missense	172	214	127	123	212	43	79	189	126	243	178	33	69	139	113	152	370	0.0005432734581082778	0.0006327307186349497	0.0004940749604354036	0.0004104179974911545	0.0005512664894677043	0.000715679895901106	0.0010334849111202976	0.0005820169029961618	0.0005189943768798221	0.000803509095459515	0.0007688673166960182	0.00043346337234503684	0.0009261586906762282	0.0005256636503585778	0.0004084367263438106	0.0006662051127976695	0.0006991847242272219	0.6053656215515192	0.0005221225415073031	0.46489312887292844	0.6645128792111842	0.0006683469230078792	1.073840795801844	0.6673100087257047	0.0005748725534318199	1.1560554092845081	0.15958532265167805	1.1646453360801046	0.32973300083621687	1.333577046521958	0.8982631113197602	1.2491111913010313	0.0005884473393156674
E918Y	missense	64	48	80	94	56	12	17	63	105	84	49	5	12	42	54	48	61	0.00020412008541640498	0.0001442037451772676	0.0003126568109005288	0.00031443314323919094	0.0001475220183082589	0.0002114508783344177	0.00023253410500206697	0.00019604779890397027	0.00043317640904930036	0.0002799109553854868	0.00021476740689832912	7.649353629618297e-05	0.0001720008996970138	0.00016145383546727743	0.0001970528065693823	0.00021335980736657392	0.00011684488652853843	0.6265959609074218	0.00022970392940631156	0.6685507295659583	0.6141998389971369	0.0002809756425592716	0.6816221342362286	0.6036703369235183	0.00017217783398294304	0.6348004316565796	0.0412771649423912	0.8954462944318887	0.35190597978740834	1.369956663257792	0.6616577651529222	1.1327014788448404	0.00022761913531617542
E918A	missense	124	128	69	127	479	33	84	117	113	181	181	64	117	102	83	102	316	0.0003925386258007788	0.0003796384311809698	0.0002701972439881113	0.0004236572877328046	0.0012422906804906012	0.0005530253741054002	0.0010980777180653162	0.0003614631292291952	0.0004658689682228325	0.0005993387515312776	0.000781753361109918	0.0008286799765419822	0.001561238935711356	0.000386738257049525	0.0003009533773059657	0.0004484910236481044	0.0005974165972507529	0.7729745743679218	0.0005789459108481217	2.0727259860415286	0.7039216850061017	0.0005521060525233058	1.38105477048959	0.6812105590856007	0.000433399813813587	1.2699109786435971	0.29788802081795945	1.47934006655855	0.275082528527485	1.243911005643985	1.5745639117249055	1.3616255361012675	0.0005214839257283382
E918L	missense	197	151	107	187	310	28	70	179	147	228	162	28	63	137	107	166	382	0.0006217811832684336	0.0004473259034070342	0.00041687574786737175	0.0006222466413575568	0.0008049008367345354	0.0004716981132075472	0.0009172178586192641	0.0005513844344174164	0.000604812344710344	0.0007541130445091349	0.0007001417464885529	0.00036971875876488436	0.0008467736600468372	0.0005181541696391694	0.00038694005653624157	0.0007271650577595479	0.0007217998635553261	0.6947239716272554	0.0005728372823416246	1.3220865478397628	0.6535186595122112	0.0006526128925313621	0.9881346226716908	0.675506488122114	0.0005885147868725713	1.2231905085616281	0.288808362966041	1.4586801624610128	0.35989585394914625	1.3830657975969984	1.1778038930243606	1.4208729800290056	0.0006046549872485193
E918N	missense	68	29	26	56	150	4	26	19	15	52	91	0	22	15	31	38	114	0.0002166813214420299	8.828800725138832e-05	0.00010421893696684294	0.00018865988594351458	0.0003908039432376683	8.132726089785297e-05	0.00034880115750310044	6.12649371574907e-05	6.53851183470642e-05	0.0001745327133580094	0.00039517202869292553	1.2748922716030496e-05	0.0003043092840793321	6.007584575526602e-05	0.00011464890564036788	0.00016981698953666088	0.00021672841856099868	0.7856260222403298	0.00019299269334985354	2.194088319247531	0.8244078438026285	0.00017408869938887248	2.320312659484379	0.7419503209442773	0.00014031753987332337	1.7674135947347513	0.6323417719688903	2.240357996587681	1.377841713881808	3.0532284006327615	2.0939381911555537	2.6467931986102213	0.0001691329775373498
E918G	missense	195	197	167	236	293	33	51	163	154	279	229	16	26	188	206	213	457	0.0006155005652556211	0.000582700847859163	0.0006484733855714672	0.0007844279468177711	0.0007609030418004932	0.0005530253741054002	0.0006717651922281935	0.0005023724846914238	0.0006334183339871845	0.0009220596177404271	0.0009879300717323138	0.00021673168617251842	0.0003572326378322594	0.00070964592798408	0.0007416351083611297	0.0009318163015601392	0.0008631444843559774	0.6551890816621381	0.0006941263055122236	0.9428377426754592	0.6966283576658336	0.0007614451270378373	1.3241991506425268	0.6500550058321534	0.0008115604555653316	1.014724445554759	0.08447243873846592	0.9937330612515435	0.21702872064492856	1.1486610491328573	1.093920446290915	1.0711970551922003	0.0007557106293717974
E918W	missense	54	99	61	70	55	12	19	70	50	62	36	31	7	64	48	58	125	0.00017271699535234268	0.0002942933575046278	0.0002393175589608986	0.00023499740178929007	0.00014493391272390349	0.0002114508783344177	0.0002583712277800744	0.00021749052690909202	0.00020841506473126716	0.0002074634139915961	0.00015892788110476354	0.00040796552691297586	0.00010584670750585465	0.0002440581233807682	0.00017555613676181332	0.00025690262519648696	0.0002374589629450942	0.5630983062177233	0.00022838555774467998	0.059432816425151885	0.5971317237405487	0.0001980742216841797	0.5485665030736808	0.6334177562299922	0.00022849396207104067	0.8784533284421335	0.08703465550306623	0.9995631435626912	-0.5859461134637473	-0.16879461515548824	0.49548421598032205	0.41538426420360147	0.00021831791383330012
E918T	missense	79	639	396	251	288	77	62	372	223	202	150	147	62	183	124	107	307	0.00025122472051249844	0.0018834774880296177	0.0015324043694754314	0.0008340752852239591	0.0007479625138787162	0.0012687052700065063	0.0008138693675072344	0.0011425910779872019	0.0009153916568588989	0.0006684932228618096	0.0006485975688329539	0.0018868405619725133	0.0008335428216086053	0.0006908722261855593	0.00044784728765768703	0.0004702624325630609	0.0005804552427546748	0.52233543432223	0.001249479914151931	-0.33159572760447686	0.5609688408317518	0.000843768381635216	0.2666563367927268	0.6073678542300619	0.0005473592972902455	0.665085774844585	-0.19280604109097682	0.3628120623532493	-0.35480728807716055	0.21043913141707238	0.20004879467761164	0.28662559688516087	0.0008802025310257975
E918P	missense	56	83	75	68	93	15	11	110	71	53	32	25	7	48	75	36	60	0.00017899761336515513	0.0002472064203038873	0.0002933570077585209	0.000228377756668465	0.0002432819249294094	0.0002602472348731295	0.00015502273666804465	0.00034002040122407346	0.00029423303256178896	0.00017782578342136806	0.00014174648855289722	0.00033147199061679287	0.00010584670750585465	0.0001839822776255022	0.00027229115089587373	0.00016110842597067828	0.00011496029158452974	0.6155217613981308	0.00025305577741507065	0.5623185651219599	0.5317925902422663	0.00023845642644003195	0.03921092886215992	0.5706796449663105	0.000183085536519146	0.36458278421903484	-0.22499072446237806	0.28957885437259306	-0.4957694831146592	-0.020840149594039122	0.3220374260677182	0.13436935238927697	0.0002248659134580829
E918K	missense	49	9	22	32	55	3	10	40	9	30	29	2	8	24	19	31	63	0.00015701545032031152	2.9429335750462777e-05	8.877909445323657e-05	0.0001092241444936137	0.00014493391272390349	6.506180871828237e-05	0.00014210417527904092	0.00012559312117285594	4.086569896691513e-05	0.00010208517196411871	0.00012886044413899745	3.824676814809149e-05	0.00011907754594408647	9.386850899260315e-05	7.165556602522992e-05	0.00013933701705572175	0.00012061407641655579	0.7481846827510017	9.309162185530413e-05	1.8349224463285114	0.6473391573604066	9.93511090607218e-05	0.93996190138887	0.6684567526664567	0.00010636879212252767	1.1654480722297167	0.3392807059761845	1.5735252131417752	0.4932351325838776	1.6018380186522772	1.313444139982366	1.5876816158970262	9.96038410128512e-05
E918R	missense	171	96	108	142	316	20	65	134	142	238	185	12	42	148	146	147	404	0.0005401331491018716	0.0002854645567794889	0.0004207357084957733	0.00047330462613899267	0.0008204294702406679	0.00034157449577098246	0.0008526250516742456	0.0004135383258130623	0.0005843794952268864	0.0007870437451427217	0.0007989347536617843	0.00016573599530839644	0.0005689260528439688	0.0005594563135959148	0.00052666841028544	0.0006444337038827131	0.0007632609523235171	0.7285948785248647	0.0004999835904137308	1.647002109311759	0.6907366514198895	0.0006459740799611137	1.2782699615438164	0.6615493194696838	0.0006234548450218963	1.1088711944035403	0.39727265295387126	1.7054804126138907	0.535638981136965	1.6714107973881163	1.3447144217530385	1.6884456050010035	0.0005898041717989136
E918V	missense	182	96	70	93	148	9	29	103	63	114	91	11	5	132	120	96	224	0.0005746765481723402	0.0002854645567794889	0.00027405720461651294	0.0003111233206787784	0.00038562773206895747	0.00016265452179570593	0.0003875568416701116	0.0003185776732189517	0.0002615404733882568	0.0003787030572862468	0.00039517202869292553	0.00015298707259236595	7.938503062939099e-05	0.0004993804678406488	0.00043351617445264103	0.00042236533295015655	0.0004240338624019539	0.6585870161053299	0.00031406820353593445	0.9754333203726311	0.6570298545415529	0.0003384983081465952	1.0155063777682902	0.6083367607566843	0.00044482395941135007	0.6730218206404837	0.37706926686558423	1.6595095152698536	-0.284916117799766	0.32511086738486816	0.887987172927135	0.9923101913273609	0.00036579682369795993
E918M	missense	82	77	59	89	38	3	8	94	47	62	39	1	7	71	49	34	104	0.0002606456475317171	0.00022954881885360967	0.00023159763770409542	0.0002978840304371283	0.00010093611778986136	6.506180871828237e-05	0.00011626705250103349	0.0002910084514980809	0.00019615535504119262	0.0002074634139915961	0.0001718139255186633	2.549784543206099e-05	0.00010584670750585465	0.0002703413058986971	0.0001791389150630748	0.00015239986240469565	0.00019788246912091185	0.5785517267937665	0.0002149916511961737	0.2076738079730457	0.5750434160233122	0.0002166102865123832	0.37637562666774393	0.5868456187038735	0.00019994063812184485	0.4969938108676291	0.2521305302572843	1.3752232174277472	0.6181738691921775	1.806827315005937	0.3603477485028062	1.591025266216842	0.00021051419194346725
E918F	missense	108	82	72	81	139	12	15	120	48	77	51	2	12	62	66	57	114	0.0003422936816982791	0.00024426348672884103	0.0002817771258733161	0.000271405449953828	0.0003623347818097587	0.0002114508783344177	0.00020669698222405952	0.0003706528698028188	0.00020024192493788413	0.0002568594649419761	0.00022335810317426226	3.824676814809149e-05	0.0001720008996970138	0.00023654864266135997	0.00024004614618452024	0.0002525483434134957	0.00021672841856099868	0.6620589636604257	0.000289945211091436	1.0087388882653205	0.5791834472821707	0.0002627780907142353	0.4086495165436323	0.6187942848805184	0.00023646788770509365	0.7586765128921393	-0.009875357504990129	0.7790535596674711	0.6529359754513895	1.8638621457981484	0.7253549725670307	1.3214578527328098	0.00026306372983692165
E918H	missense	58	45	24	39	27	7	6	30	21	31	21	16	4	18	22	16	60	0.0001852782313779676	0.00013537494445212876	9.649901571003975e-05	0.00013239290241650144	7.246695636195174e-05	0.00013012361743656474	9.042992972302605e-05	9.49606525941106e-05	8.990453772721329e-05	0.00010537824202747737	9.449765903526481e-05	0.00021673168617251842	6.615419219115915e-05	7.134006683437841e-05	8.240390092901442e-05	7.402279031085218e-05	0.00011496029158452974	0.5812576588599244	0.00010918345473515543	0.23363117130076996	0.6295760395559318	9.618527284601652e-05	0.8014883314979714	0.6696709574551508	8.568176241469368e-05	1.1753932883510978	-0.15804393483176488	0.4419099527425841	-0.51536503917804	-0.05299094091894741	0.7368375970499464	0.19445950591181835	9.701682999862188e-05
E918I	missense	84	215	167	197	165	59	53	203	103	135	90	75	55	74	119	100	178	0.0002669262655445296	0.000635673652209996	0.0006484733855714672	0.0006553448669616822	0.0004296255270029996	0.0009759271307742355	0.0006976023150062009	0.0006249023590064052	0.00042500326925591734	0.00044785752861677884	0.000390876680554959	0.0009689181264183177	0.0007409269525409825	0.00028160552697780946	0.00042993339615137957	0.00043978246008212176	0.00033734249497755446	0.5927478580187856	0.0005922793579365362	0.3438539215333582	0.5800455066570367	0.00047215995935851515	0.4153697579117063	0.6398673561006759	0.0003721659695472163	0.9312802199250471	-0.14580947841475328	0.4697483030838967	-0.11651168741037578	0.6014151315826761	0.5635012997900372	0.5355817173332864	0.0004788684289474225
E918E	silent	70	23	11	30	21	0	1	27	27	24	16	0	3	24	31	21	63	0.00022296193945484235	7.063040580111066e-05	4.631952754081908e-05	0.00010260449937278863	5.6938322855819224e-05	1.6265452179570593e-05	2.583712277800744e-05	8.577091202048699e-05	0.00011442395710736236	8.23267515839667e-05	7.30209183454319e-05	1.2748922716030496e-05	5.292335375292732e-05	9.386850899260315e-05	0.00011464890564036788	9.57941992258087e-05	0.00012061407641655579	0.6318757330389689	6.91231888926344e-05	0.7191983290457034	0.600267661805289	8.888563476431198e-05	0.5730129174678902	0.643056685339949	0.00010623142256883388	0.9574031349902418	0.200978007809903	1.2588304826633299	0.6181738691921775	1.806827315005937	0.7498714605012785	1.5328288988346335	8.808008207526008e-05
E918_	nonsense	53	216	146	205	13	37	16	198	133	87	36	33	1	215	168	40	75	0.00016957668634593644	0.0006386165857850423	0.0005674142123750338	0.0006818234474449825	3.623347818097587e-05	0.0006180871828236825	0.00021961554361306325	0.0006095861247170326	0.0005476003661566627	0.0002897901655755628	0.00015892788110476354	0.00043346337234503684	2.646167687646366e-05	0.0008110239176960913	0.0006054895329131928	0.00017852555310264348	0.00014322921574466	0.5150296964883546	0.00048102193094650856	-0.4016779346571719	0.49969795886265794	0.00040147613438850537	-0.21098491121425117	0.4502320859878136	0.0004345670548641469	-0.6219699097645012	-0.44938666309261444	-0.2210129154481091	-1.2143350435140587	-1.1998039570483003	-0.4115442518786414	-0.7104084362482047	0.0004390217067330536
E918D	missense	72	38	18	17	57	11	2	47	15	36	34	10	3	30	12	26	92	0.00022924255746765483	0.00011477440942680483	7.333925193963022e-05	5.957680608742565e-05	0.00015011012389261433	0.0001951854261548471	3.875568416701116e-05	0.0001470358491779777	6.53851183470642e-05	0.00012184359234427071	0.0001503371848288304	0.00014023814987633546	5.292335375292732e-05	0.00011639695115082791	4.657611791639945e-05	0.00011756560814076522	0.00017526732979280762	0.6539858472912881	9.945014783661875e-05	0.9312954012681575	0.6421177883890776	0.00012115043617453574	0.899258371235208	0.6929018656915896	0.00011395150175020006	1.365671242497388	-0.7021119791820405	-0.7960655086825613	-0.4232188159660475	0.09819507208751685	1.0654083383335846	-0.3489352182975222	0.0001115173619204515
E918Q	missense	36	7	13	55	64	1	15	13	22	81	44	3	12	32	17	37	74	0.00011619143323703052	2.3543468600370222e-05	5.4039448797622264e-05	0.00018535006338310202	0.00016822686298310227	3.2530904359141185e-05	0.00020669698222405952	4.2885456010243496e-05	9.39911076239048e-05	0.00027003174519541075	0.0001932906662084962	5.099569086412198e-05	0.0001720008996970138	0.00012390643187023618	6.449000942270693e-05	0.00016546270775366956	0.00014134462080065132	0.7889069610465842	0.00010778996094104918	2.2255615856000373	0.7556350673388132	0.0001500497437595138	1.7841898924634776	0.6636929771277504	0.000123800942461816	1.1264293023094187	0.8030379991378654	2.6287611435605904	0.5279972388430896	1.6588728494444884	1.7120602601243113	2.1438169965025393	0.00012721354905412632
E918C	missense	125	85	41	102	168	13	44	51	43	166	147	11	37	43	49	74	237	0.000395678934807185	0.0002530922874539799	0.0001621183463928668	0.0003409117237224912	0.0004373898437560659	0.0002277163305139883	0.0005813352625051674	0.00015928883660947584	0.00017980907545442657	0.0005499427005808975	0.0006357115244190541	0.00015298707259236595	0.0005027718606528096	0.00016520857582698158	0.0001791389150630748	0.00032657113372434784	0.00044853359667406685	0.7016316051716249	0.000298378050331351	1.3883498350406742	0.7725159179002884	0.0003811880342659635	1.915785689202121	0.736372247764908	0.00027986305532211775	1.721725137708183	0.4070324902430275	1.727688000795083	0.5167162284334005	1.6403638869816257	1.6752868873169928	1.6840259438883542	0.0003198097133064774
N919R	missense	142	46	26	96	396	11	75	73	53	183	138	10	95	82	122	122	351	0.00044906418791609094	0.00013831787802717505	0.00010421893696684294	0.000321052788360016	0.0010274779169891016	0.0001951854261548471	0.0009818106655642828	0.00022668026748271563	0.0002206747744213417	0.0006059248916579949	0.0005970533911773549	0.00014023814987633546	0.0012701604900702559	0.0003116434498554425	0.00044068173105516405	0.0005355766593079305	0.0006633774202910569	0.8516021029435091	0.0003977668800857839	2.826981184212664	0.7383384288108019	0.0004125833311848518	1.6493527928928822	0.6986758227560961	0.0004878198151273985	1.4129641303337537	0.7015803583790884	2.3979038621272593	0.9569924257455585	2.3627331884356386	1.9630993691464333	2.380318525281449	0.000432723342132678
N919G	missense	143	93	46	109	77	10	10	196	147	184	79	8	13	130	179	109	307	0.0004522044969224972	0.0002766357560543501	0.00018141814953487475	0.000364080481645379	0.00020187223557972272	0.0001789199739752765	0.00014210417527904092	0.0006034596310012835	0.000604812344710344	0.0006092179617213536	0.0003436278510373266	0.00011474030444427445	0.00018523173813524564	0.0004918709871212406	0.0006449000942270693	0.0004789709961290435	0.0005804552427546748	0.61991846190421	0.00025600165570358166	0.6044950683338585	0.5801684707437043	0.000540279447117577	0.4163283326527319	0.630681619991671	0.000549049330058007	0.8560423920984289	-0.10005198785407812	0.5738651522146996	0.20799940410312834	1.1338464824523813	0.6256219310283399	0.8538558173335404	0.00044844347762638856
N919A	missense	107	647	739	802	119	112	60	502	458	288	71	219	38	219	315	173	163	0.0003391533726918729	0.0019070209566299878	0.002856370865017177	0.0026577875160112667	0.0003105726701226503	0.001837996096291477	0.0007880322447292269	0.0015408131695108915	0.0018757355825814045	0.0009516972483106551	0.0003092650659335939	0.002804762997526709	0.0005160026990910413	0.0008260428791349078	0.0011321579431986329	0.000757645030240487	0.0003090735708174242	0.5443596709466986	0.0019329380019452705	-0.12032245905977136	0.501572108021221	0.0011693777665841363	-0.19637485641695251	0.5454350360946196	0.000756229855847863	0.15781116425309144	-0.36780059632673084	-0.03537152426702403	-0.7352441959314919	-0.41375074087623276	-0.05296205040787747	-0.2245611325716284	0.0012861818747924234
N919E	missense	51	20	10	40	70	6	14	55	26	45	24	1	11	28	33	49	64	0.00016329606833312397	6.180160507597183e-05	4.245956691241749e-05	0.000135702724976914	0.00018375549648923478	0.00011385816525699414	0.0001937784208350558	0.00017154182404097398	0.00011033738721067085	0.00015148122291449873	0.00010738370344916456	2.549784543206099e-05	0.00015877006125878198	0.00010888747043141967	0.00012181446224289088	0.00021771408914956524	0.00012249867136056446	0.7604389365333427	0.00010592984836363452	1.9524745910096655	0.5900179919797718	0.00013518603440382704	0.49311093254805544	0.6549373162327108	0.00014272867329611006	1.0547141017950625	0.23094123118734625	1.3270089681885588	0.7942651282478589	2.0957435011926333	1.1667665417842612	1.711376234690596	0.00012794818535452387
N919N	silent	61	39	35	44	27	8	4	43	27	56	35	2	4	27	16	27	45	0.0001946991583971863	0.00011771734300185111	0.00013895858262245726	0.00014894201521856415	7.246695636195174e-05	0.00014638906961613534	6.45928069450186e-05	0.00013478286174647955	0.00011442395710736236	0.0001877049936114441	0.00015463253296679695	3.824676814809149e-05	6.615419219115915e-05	0.00010513273007171553	6.090723112144544e-05	0.00012191988992375652	8.669136742439947e-05	0.5921167903287402	0.00011952122430120606	0.3378002391369058	0.6530684895373334	0.00014788608635802074	0.9846252925999553	0.6268979555446634	9.366280463532923e-05	0.8250514414724267	-0.3553244929573843	-0.006983329103128431	0.23796262748057148	1.183007697327525	0.7158256577364294	0.5880121841121982	0.00012035670509818535
N919P	missense	49	248	137	88	54	32	9	174	71	81	38	50	7	128	129	54	92	0.00015701545032031152	0.0007327904601865231	0.0005326745667194195	0.0002945742078767157	0.00014234580713954806	0.0005367599219258296	0.0001291856138900372	0.0005360682001280437	0.00029423303256178896	0.00027003174519541075	0.0001675185773806967	0.0006501950585175553	0.00010584670750585465	0.0004843615064018323	0.0004657611791639945	0.00023948549806452176	0.00017526732979280762	0.4774544779456351	0.0004255962604805516	-0.7621280775230661	0.5136058317596746	0.000316962888816485	-0.10256516019770343	0.5193531663161187	0.00034121887835578905	-0.055818228590822805	-0.6185659277319656	-0.6059643574236802	-0.7883663112417776	-0.5009091781542838	-0.3068371554371974	-0.553436767788982	0.0003612593425509419
N919S	missense	158	89	82	103	72	12	22	71	72	95	74	13	18	80	93	86	202	0.0004993091320185906	0.000264864021754165	0.000320376732157332	0.00034422154628290376	0.00018893170765794563	0.0002114508783344177	0.0002971269119470856	0.00022055377376696656	0.00029831960245848047	0.0003161347260824321	0.0003221511103474937	0.00017848491802442692	0.0002513859303264048	0.0003041339691360342	0.00033678116031858065	0.0003788225151202435	0.00038257277363376287	0.6022047991661347	0.0002795985019630866	0.43457211080379166	0.6598490434416147	0.0002892898031638432	1.0374835529176887	0.6497232856482267	0.0003505776045521553	1.0120074171327882	0.147732495856678	1.1376753479083943	0.14873944313880613	1.036617568267773	0.8280210269514229	1.0871464580880836	0.00030648863655969503
N919Y	missense	89	48	26	93	74	8	10	49	35	62	55	8	16	47	44	76	99	0.0002826278105765607	0.0001442037451772676	0.00010421893696684294	0.0003111233206787784	0.00019410791882665645	0.00014638906961613534	0.00014210417527904092	0.00015316234289372677	0.00014711651628089448	0.0002074634139915961	0.0002405394957261286	0.00011474030444427445	0.00022492425344994112	0.00018022753726579807	0.00016122502355676732	0.00033527969729033047	0.00018845949440086842	0.6841479879583794	0.00018841348041238637	1.2206336495669368	0.6788698070723513	0.0001870704422230865	1.1857611847496166	0.6537148115665279	0.00021629793812844107	1.0447009036691834	-0.012901812135178013	0.7721671479287273	0.2923202898031642	1.2721933194446442	1.1503652459952456	1.0221802336866856	0.00019726062025463798
N919L	missense	187	201	207	117	134	26	26	151	114	124	111	55	40	136	119	102	239	0.0005903780932043713	0.000594472582159348	0.0008028718107075308	0.0003905590621286793	0.0003493942538879816	0.000439167208848406	0.00034880115750310044	0.0004656135223969294	0.000469955538119524	0.0004116337579198335	0.0004810789914522572	0.0007139396720977077	0.0005424643759675051	0.0005143994292794653	0.00042993339615137957	0.0004484910236481044	0.0004523027865620842	0.5578855937673515	0.000534324427220885	0.009428504532216834	0.6241846598149416	0.000457070452472136	0.7594594710473415	0.6136368029288987	0.00046128165891025835	0.716433002465745	-0.10005198785407812	0.5738651522146996	-0.11929029242224974	0.596856222939198	0.4951069926817678	0.5853606875769488	0.0004842255128677598
N919V	missense	139	78	52	81	39	13	7	90	61	67	32	3	3	91	88	67	159	0.0004396432608968722	0.00023249175242865593	0.0002045779133052843	0.000271405449953828	0.00010352422337421678	0.0002277163305139883	0.00010334849111202976	0.00027875546406658274	0.0002533673335948738	0.00022392876430838942	0.00014174648855289722	5.099569086412198e-05	5.292335375292732e-05	0.0003454361130927796	0.0003188672688122732	0.0002960911612434087	0.0003015351910413895	0.5757273228072263	0.00020299983476549627	0.18057997166436246	0.5636741963335908	0.0002244495126306858	0.2877461160920153	0.6096981502280108	0.00031548243354746275	0.6841725858522363	-0.34309003654037257	0.0208550212381844	0.01611387786421517	0.8190163499252244	0.3841662245362047	0.4199356855817044	0.00024764392698121496
N919I	missense	50	63	35	27	13	4	1	49	36	29	3	0	1	34	28	13	22	0.00016015575932671776	0.00018834774880296178	0.00013895858262245726	9.267503169155101e-05	3.623347818097587e-05	8.132726089785297e-05	2.583712277800744e-05	0.00015316234289372677	0.000151203086177586	9.879210190076005e-05	1.718139255186633e-05	1.2748922716030496e-05	2.646167687646366e-05	0.00013141591258964444	0.00010390057073658339	6.095994496187826e-05	4.3345683712199736e-05	0.48728353472486896	0.00011405371032448647	-0.6678402714179892	0.48810040257424864	0.0001050847308809848	-0.30139443497826696	0.5119510768166787	8.490552800007646e-05	-0.11644669959274212	-0.4979919965261158	-0.33160976212915133	0.31714387352819634	1.3129218324655807	-0.3618938019963327	0.49065603516821465	0.00010134798973518258
N919M	missense	64	16	20	26	74	6	6	6	12	34	25	8	3	17	25	17	55	0.00020412008541640498	5.002987077578672e-05	8.10591731964334e-05	8.936520913113848e-05	0.00019410791882665645	0.00011385816525699414	9.042992972302605e-05	2.1442728005121748e-05	5.312540865698967e-05	0.00011525745221755339	0.00011167905158713113	0.00011474030444427445	5.292335375292732e-05	6.758532647467428e-05	9.31522358327989e-05	7.837707209384348e-05	0.00010553731686448631	0.7578329650883113	0.00010364054298250377	1.9274761261677889	0.7629916631595124	7.537616011669898e-05	1.841538725970625	0.6609350959230705	8.616298781645074e-05	1.103840258951145	-0.10005198785407812	0.5738651522146996	-0.33606864024714733	0.24118397755183207	1.6242850370298527	0.4075245648832658	8.839323030521784e-05
N919Q	missense	30	3	10	13	32	1	7	20	9	16	33	1	0	5	16	23	72	9.734957919859315e-05	1.1771734300185111e-05	4.245956691241749e-05	4.6337515845775506e-05	8.540748428372885e-05	3.2530904359141185e-05	0.00010334849111202976	6.432818401536524e-05	4.086569896691513e-05	5.5982191077097355e-05	0.0001460418366908638	2.549784543206099e-05	1.323083843823183e-05	2.252844215822476e-05	6.090723112144544e-05	0.0001045027627917913	0.00013757543091263394	0.7760845718391376	4.6494075335526736e-05	2.1025594527860485	0.7308928536674164	7.680447768756038e-05	1.591310315139579	0.7742780098491807	8.137846674602386e-05	2.0322007672592517	0.5020080034738842	1.9437958131119601	-0.284916117799766	0.32511086738486816	1.90869017839496	1.134453340248414	6.822567325637032e-05
N919_	nonsense	57	103	86	107	32	26	18	183	109	94	16	26	11	117	149	44	46	0.00018213792237156137	0.0003060650918048129	0.00033581657467093834	0.00035746083652455393	8.540748428372885e-05	0.000439167208848406	0.0002454526663910707	0.0005636374218489145	0.0004495226886360664	0.00031284165601907344	7.30209183454319e-05	0.0003442209133328234	0.00015877006125878198	0.0004430593624450869	0.0005374167451892244	0.00019594268023460871	8.857596236840816e-05	0.5512124258797096	0.00027118749682100853	-0.054585609337379	0.48128087373539497	0.00034975567121237153	-0.35455652699862794	0.4861729154487528	0.00031624868755933204	-0.3275885007147544	-0.25266215106023643	0.22661513601695094	-0.33606864024714733	0.24118397755183207	-0.24557687901692046	0.2338995567843915	0.0003123972851975707
N919C	missense	78	203	147	123	115	33	35	231	155	156	72	56	6	115	120	93	147	0.0002480844115060922	0.0006003584493094406	0.0005712741730034353	0.0004104179974911545	0.00030022024778522866	0.0005530253741054002	0.00046506821000413394	0.0007106732710268922	0.0006375049038838761	0.0005170119999473109	0.0003135604140715605	0.0007266885948137383	9.261586906762282e-05	0.00043554988172567866	0.00043351617445264103	0.00040930248760118263	0.0002789200517132853	0.5545219143031636	0.00047056771689731476	-0.022838473291030705	0.5497371703840235	0.0005446876472324099	0.1790991005093956	0.5853394661144773	0.0003893221488731969	0.48465733093212116	-0.07522840412904601	0.630348873020102	-0.8946629377940194	-0.6753120196847328	0.21363931938349534	-0.022481573332315374	0.0004681925043343072
N919W	missense	77	52	59	63	40	15	4	94	70	89	58	9	3	105	88	63	136	0.00024494410249968596	0.0001559754794774527	0.00023159763770409542	0.0002118286438664023	0.00010611232895857219	0.0002602472348731295	6.45928069450186e-05	0.0002910084514980809	0.00029014646266509745	0.0002963763057022801	0.00025342554014002835	0.00012748922716030494	5.292335375292732e-05	0.0003980024781286374	0.0003188672688122732	0.0002786740341114435	0.00025818950732918976	0.5949937875456235	0.00017637852250163065	0.3653985898070788	0.6132269049971838	0.0002827391900013717	0.6740375623314134	0.5791736516691166	0.00031343332209538596	0.43415484750064587	-0.6052019661739841	-0.5755559247873413	-0.38182613080782246	0.1661088163362278	0.4911969998797127	-0.20472355422555677	0.0002575170115327961
N919T	missense	55	93	68	40	47	12	22	62	51	52	32	15	1	60	64	42	67	0.0001758573043587489	0.0002766357560543501	0.00026633728335970973	0.000135702724976914	0.00012422906804906013	0.0002114508783344177	0.0002971269119470856	0.00019298455204609573	0.00021250163462795867	0.0001745327133580094	0.00014174648855289722	0.00020398276345648793	2.646167687646366e-05	0.0002290391619419517	0.00023288058958199724	0.00018723411666862608	0.00012815245619259051	0.5334800279797527	0.0002007262081100085	-0.22468828882353195	0.5918030784689358	0.00018044134714624026	0.5070266933643394	0.5689882033577691	0.0001943265810962914	0.350728653095296	0.147732495856678	1.1376753479083943	-0.8869761091277284	-0.6627000976958445	0.2110223525453678	0.2374876251062749	0.00019183137878418005
N919F	missense	84	23	34	93	56	9	15	35	34	109	82	17	43	53	69	78	148	0.0002669262655445296	7.063040580111066e-05	0.00013509862199405565	0.0003111233206787784	0.0001475220183082589	0.00016265452179570593	0.00020669698222405952	0.00011027688688348328	0.00014302994638420297	0.0003622377069694535	0.00035651389545122633	0.0002294806088885489	0.0005821568912822005	0.00020275597942402283	0.00025079448108830476	0.00034398826085631305	0.00028080464665729396	0.701519270711774	0.00016609359169555092	1.3872722372602115	0.7481817387616886	0.00024301460892209152	1.7260869723001995	0.6629447529393008	0.00026958584200648366	1.1203008046040361	0.1040679948018466	1.0383208987681096	0.4042940492470965	1.455910737929896	1.4112200047214822	1.2471158183490028	0.00022623134754137537
N919D	missense	72	44	18	35	14	5	1	38	18	22	36	6	0	26	40	23	61	0.00022924255746765483	0.0001324320108770825	7.333925193963022e-05	0.0001191536121748513	3.882158376533129e-05	9.759271307742355e-05	2.583712277800744e-05	0.00011946662745710689	7.764482803713875e-05	7.574061145724937e-05	0.00015892788110476354	8.924245901221346e-05	1.323083843823183e-05	0.00010137798971201142	0.00014689391035172135	0.0001045027627917913	0.00011684488652853843	0.5442373851888471	9.093661468922382e-05	-0.12149551727732787	0.6587207485223191	0.00010794498701406463	1.0286878546014133	0.6260672316811847	0.00011740488734601561	0.8182472117111773	-0.5771732425737406	-0.511779210840455	-0.8289841621500417	-0.5675516375156809	0.5751465163450876	-0.539665424178068	0.00010542882968310136
N919K	missense	33	23	7	26	30	3	9	29	13	20	17	2	6	26	23	17	55	0.00010677050621781183	7.063040580111066e-05	3.087968502721272e-05	8.936520913113848e-05	8.0231273115018e-05	6.506180871828237e-05	0.0001291856138900372	9.189740573623606e-05	5.721197855368118e-05	6.915447133053203e-05	7.731626648339847e-05	3.824676814809149e-05	9.261586906762282e-05	0.00010137798971201142	8.59866792302759e-05	7.837707209384348e-05	0.00010553731686448631	0.6652462235864286	6.777664326861997e-05	1.0393135153795272	0.6115514785148132	7.389503052596194e-05	0.6609766634139291	0.6266390549835077	9.281976447515428e-05	0.8229308584714242	0.2978880208179594	1.4793400665585499	0.3840906631588095	1.4227626686390773	0.8410736790882934	1.4510513675988137	7.816381275657873e-05
N919H	missense	42	13	16	32	72	5	11	16	5	42	27	2	14	24	25	28	80	0.0001350332872754679	4.120107005064789e-05	6.561933068282704e-05	0.0001092241444936137	0.00018893170765794563	9.759271307742355e-05	0.00015502273666804465	5.20751965838671e-05	2.4519419380149078e-05	0.00014160201272442273	0.0001202697478630643	3.824676814809149e-05	0.00019846257657347746	9.386850899260315e-05	9.31522358327989e-05	0.00012627417170674784	0.00015265219046470342	0.7752547134445416	0.00010124406322125856	2.0945988183974413	0.7437954954562962	8.461659413787581e-05	1.691893719989801	0.6811954825839449	0.00011648677674921333	1.2697874911819125	0.20097800780990308	1.2588304826633299	0.715083882200234	1.9658293660545776	1.6854266765230517	1.6123299243589537	0.0001007824780361159
Q920_	nonsense	52	188	181	262	56	47	11	98	80	91	22	70	22	74	91	24	24	0.0001664363773395302	0.0005562144456837465	0.0007025128343690894	0.0008704833333884971	0.0001475220183082589	0.0007807417046193884	0.00015502273666804465	0.000303261438929579	0.00033101216163201256	0.00030296244582899746	9.879300717323138e-05	0.0009051735128381652	0.0003043092840793321	0.00028160552697780946	0.0003296156037160577	0.00010885704457478262	4.7114873600217106e-05	0.5669065084569277	0.0005691831579373979	0.09596399560173756	0.5476065368454767	0.0002590072633909551	0.162489604616871	0.47441363183674606	0.0001917982622172167	-0.4239055454529778	-0.7021119791820405	-0.7960655086825613	-0.47341663483726726	0.01583458207263515	-0.055150648411456414	-0.3901154633049631	0.0003399962278485232
Q920L	missense	179	148	147	209	228	47	50	113	86	159	123	40	68	68	82	87	165	0.0005652556211531214	0.00043849710268189536	0.0005712741730034353	0.0006950627376866326	0.000592676178817391	0.0007807417046193884	0.0006588466308391897	0.00034921014179769704	0.00035553158101216164	0.0005268912101373869	0.0005326231691078562	0.0005227058313572503	0.0009129278522379963	0.0002590770848195847	0.00029737059900470416	0.0003831767969032348	0.0003128427607054416	0.6569000648551508	0.0005743775480473386	0.9592507978826149	0.6761262728675803	0.00044106402551377546	1.164373780824573	0.6496616455686085	0.00031311681035824134	1.011502540262552	-0.07372304913172899	0.6337741661737143	0.24217911188173497	1.189925761283866	1.0450423729899132	0.9118499637287902	0.0004428527946397852
Q920C	missense	89	24	21	45	46	9	6	36	18	39	29	3	33	38	26	13	76	0.0002826278105765607	7.357333937615695e-05	8.491913382483498e-05	0.00015225183777897667	0.0001216409624647047	0.00016265452179570593	9.042992972302605e-05	0.00011334013374135781	7.764482803713875e-05	0.00013172280253434673	0.00012886044413899745	5.099569086412198e-05	0.00044984850689988224	0.00014643487402846094	9.673501413406039e-05	6.095994496187826e-05	0.0001451138106886687	0.6861536707571437	0.00010809631836116834	1.2398736880656176	0.652858168435716	0.00011289205211296019	0.9829857204209644	0.6139430101742035	0.00011231091095326707	0.7189410614528657	-0.2549539478398213	0.22140036884736392	0.9455328035785079	2.343931174358393	0.9806001566464827	1.2826657716028784	0.00011109976047579853
Q920A	missense	99	47	45	99	38	8	15	73	66	93	34	26	16	50	51	64	84	0.00031403090064062303	0.00014126081160222131	0.00017755818890647314	0.00033098225604125364	0.00010093611778986136	0.00014638906961613534	0.00020669698222405952	0.00022668026748271563	0.00027380018307833135	0.0003095485859557148	0.0001503371848288304	0.0003442209133328234	0.00022492425344994112	0.00019149175834491045	0.0001863044716655978	0.0002830283158944348	0.00016019057024073817	0.6304030188863045	0.00018768434358495237	0.7050709321251766	0.599842820271539	0.00024009155533639804	0.5697010369487244	0.6254293891581375	0.0002052537790364203	0.8130228197451945	0.14982548536252172	1.1424377478989123	-0.18480096491649828	0.48937165071759164	0.6959315962730318	0.8159046993082519	0.00021100989265259023
Q920S	missense	197	224	188	216	84	23	11	148	100	109	35	36	19	103	163	62	110	0.0006217811832684336	0.0006621600543854125	0.0007295325587679005	0.0007182314956095204	0.00021998897467021065	0.0003903708523096942	0.00015502273666804465	0.0004564237818233058	0.0004127435595658428	0.0003622377069694535	0.00015463253296679695	0.00047171014049312833	0.0002646167687646366	0.00039049299740922914	0.0005875756414068854	0.00027431975232845217	0.00020919003878496395	0.5532261690459305	0.000582478270858261	-0.03526824964899056	0.5387938599172166	0.0003465093953313498	0.09378979369494443	0.551691860371756	0.00036539460748238265	0.20905908408426427	-0.40108198351805935	-0.11110017823393102	-0.2510578505387987	0.38066275281284023	0.08919354271007272	0.1347812872894546	0.00043146075789066455
Q920V	missense	165	154	96	200	209	24	34	260	202	176	125	10	29	128	189	123	253	0.0005212912950634342	0.00045615470413217304	0.0003744161809549543	0.0006652743346429198	0.000543502172714638	0.0004066363044892648	0.00045214964861513024	0.0007995074299052537	0.0008295736890283771	0.0005828734012144842	0.0005412138653837894	0.00014023814987633546	0.00039692515314695493	0.0004843615064018323	0.0006807278772396843	0.0005399309410909218	0.0004786871157782058	0.6588895522094304	0.0005098368481111713	0.9783354773307105	0.5786179394826172	0.0006882920963829761	0.40424106276500565	0.6159660455716348	0.000545926860127661	0.7355111857317332	0.0460760478241599	0.9063656992959943	0.45184244742565255	1.533924274403566	0.7060292419424831	1.22014498684978	0.0005813519348739361
Q920I	missense	95	46	44	81	45	7	24	60	24	84	64	11	10	18	20	42	89	0.00030146966461499814	0.00013831787802717505	0.00017369822827807157	0.000271405449953828	0.0001190528568803493	0.00013012361743656474	0.000322964034725093	0.00018685805833034666	0.00010216424741728782	0.0002799109553854868	0.0002791976289678278	0.00015298707259236595	0.00014553922282055013	7.134006683437841e-05	7.523834432649142e-05	0.00018723411666862608	0.00016961354496078157	0.6321020661907294	0.00017561860328485596	0.7213694891893123	0.6920246516764815	0.00021203272252523725	1.2883106534715456	0.7260119034127828	0.00012585651819756936	1.636866418130388	0.39479803382601586	1.6998496504537701	-0.021674683025184695	0.7570159590358794	1.2155155202637487	1.2284328047448247	0.00017116928133588754
Q920D	missense	64	98	67	101	101	32	12	91	35	54	52	41	9	38	51	24	73	0.00020412008541640498	0.0002913504239295815	0.00026247732273130815	0.0003376019011620787	0.0002639867696042528	0.0005367599219258296	0.00016794129805704837	0.00028181871092445725	0.00014711651628089448	0.00018111885348472674	0.00022765345131222885	0.0005354547540732808	0.0001323083843823183	0.00014643487402846094	0.0001863044716655978	0.00010885704457478262	0.00013946002585664264	0.6242463340013024	0.00028885410435680527	0.6460113169733366	0.6058266255339549	0.00020942688300057684	0.6163481900746212	0.6038376892337279	0.000145264104031371	0.6361711682151439	-0.5046225754251288	-0.3466970183230415	-0.6071354125336853	-0.20356029011338048	0.6328435584210339	-0.275128654218211	0.00021451503046291767
Q920Y	missense	86	121	86	81	132	20	49	57	41	90	90	16	26	32	39	36	105	0.00027320688355734205	0.0003590378961556459	0.00033581657467093834	0.000271405449953828	0.00034421804271927075	0.00034157449577098246	0.000645928069450186	0.00017766831775672305	0.00017163593566104355	0.0002996693757656388	0.000390876680554959	0.00021673168617251842	0.0003572326378322594	0.00012390643187023618	0.00014331113205045984	0.00016110842597067828	0.00019976706406492052	0.6146153647697085	0.00032761949087492076	0.5536237176432541	0.7172799321823125	0.0002599625774345911	1.485189877531943	0.673834163377276	0.00015702326348907372	1.2094929583893592	0.27669872174802135	1.4311258173193615	0.21702872064492856	1.1486610491328573	1.0827688511881854	1.2898934332261094	0.0002482017772661952
Q920T	missense	98	128	58	55	55	11	13	75	52	42	52	12	11	45	34	24	111	0.0003108905916342168	0.0003796384311809698	0.00022773767707569382	0.00018535006338310202	0.00014493391272390349	0.0001951854261548471	0.0001808598594460521	0.0002328067611984647	0.00021658820452465018	0.00014160201272442273	0.00022765345131222885	0.00016573599530839644	0.00015877006125878198	0.0001727180565463898	0.00012539724054415238	0.00010885704457478262	0.00021107463372897262	0.5254835038954448	0.00023441502109091729	-0.30139704423216296	0.611189752339488	0.00020466260743994162	0.6581568028820334	0.6449275984474157	0.00015451174384857437	0.9727272676005995	-0.0331051982234649	0.7261962505846906	-0.01864822839499675	0.7619815191330134	0.44316234208349	0.744088884858852	0.00019786312412647779
Q920E	missense	44	45	27	43	28	7	8	37	26	20	16	14	5	25	20	16	9	0.00014131390528828035	0.00013537494445212876	0.00010807889759524453	0.0001456321926581516	7.505506194630717e-05	0.00013012361743656474	0.00011626705250103349	0.00011640338059923235	0.00011033738721067085	6.915447133053203e-05	7.30209183454319e-05	0.00019123384074045744	7.938503062939099e-05	9.762324935230729e-05	7.523834432649142e-05	7.402279031085218e-05	1.8845949440086843e-05	0.5863785674525899	0.00011603527416295801	0.2827548306011386	0.5669480892999029	9.222903937146678e-05	0.31326796712493093	0.5132572744489147	6.643258335743444e-05	-0.10574799549374633	-0.048899465406696846	0.6902578869791168	-0.38182613080782246	0.1661088163362278	0.16342493407744105	0.4281833516576723	9.156563229728641e-05
Q920K	missense	33	13	24	51	36	4	7	6	4	19	24	3	4	0	3	8	26	0.00010677050621781183	4.120107005064789e-05	9.649901571003975e-05	0.00017211077314145188	9.575990662115051e-05	8.132726089785297e-05	0.00010334849111202976	2.1442728005121748e-05	2.0432849483457566e-05	6.586140126717336e-05	0.00010738370344916456	5.099569086412198e-05	6.615419219115915e-05	3.7547403597041264e-06	1.4331113205045985e-05	3.918853604692174e-05	5.0884063488234475e-05	0.6987504670837705	0.0001013926913808225	1.360711761979228	0.8012100899641628	5.378017055122931e-05	2.1394730218249682	0.8171317606977809	2.703961327497658e-05	2.383204006391175	0.1040679948018466	1.0383208987681096	0.11302389087227156	0.9780184009738648	1.96112959673179	1.0081696498709873	6.073749173567613e-05
Q920G	missense	159	372	263	116	127	60	15	251	171	127	77	71	43	101	122	73	168	0.0005024494410249969	0.0010977142234922617	0.0010190296058980198	0.00038724923956826675	0.0003312775147974937	0.0009921925829538061	0.00020669698222405952	0.0007719382081843829	0.0007028900222309402	0.0004215129681099095	0.0003350371547613934	0.0009179224355541956	0.0005821568912822005	0.0003829835166898209	0.00044068173105516405	0.00032221685194135655	0.0003184965455374676	0.4957755395019884	0.0007088176459390104	-0.58637848745922	0.5358129616361899	0.0005578445883216565	0.07055200227797624	0.5983738782667106	0.0003660946613059523	0.5914186014164258	-0.6812618402089204	-0.748622986218572	-0.1977659420808659	0.4680997728491833	0.02519737207839397	-0.14026160668469437	0.0005442522985222064
Q920Q	silent	49	106	47	36	33	10	4	30	17	18	32	7	0	15	21	14	63	0.00015701545032031152	0.0003148938925299517	0.00018527811016327633	0.00012246343473526383	8.799558986808426e-05	0.0001789199739752765	6.45928069450186e-05	9.49606525941106e-05	7.355825814044724e-05	6.256833120381469e-05	0.00014174648855289722	0.00010199138172824396	1.323083843823183e-05	6.007584575526602e-05	7.882112262775292e-05	6.531422674486956e-05	0.00012061407641655579	0.49421666187266744	0.00017765775682414403	-0.6013324301371676	0.668373081067955	9.320843262281743e-05	1.103933256905259	0.689691624554674	8.120631788611108e-05	1.3393770438534267	-0.4424746686762843	-0.20528532481715614	-0.8869761091277284	-0.6627000976958445	0.613992623540506	-0.4339927112565003	0.0001173575024443575
Q920R	missense	175	86	79	112	95	13	18	76	54	83	68	16	17	61	97	74	245	0.0005526943851274966	0.00025603522102902613	0.00030879685027212725	0.0003740099493266166	0.00024845813609812025	0.0002277163305139883	0.0002454526663910707	0.00023587000805633924	0.0002247613443180332	0.0002766178853221281	0.00029637902151969416	0.00021673168617251842	0.00023815509188817295	0.00023279390230165583	0.00035111227352362665	0.00032657113372434784	0.0004636103562261363	0.6294725257573999	0.00029682503918147254	0.6961449326431489	0.6532238294223804	0.0002584070648040487	0.9858362550371623	0.6857592439887271	0.00034352191644394163	1.3071680005651685	0.032573577420512784	0.8756421028600077	0.04093746158924726	0.859744862946161	0.9963830627484933	0.8676934829030843	0.0002995846734764876
Q920N	missense	53	50	24	42	51	12	16	68	22	28	31	6	5	30	16	17	39	0.00016957668634593644	0.00015008961232736015	9.649901571003975e-05	0.00014232237009773906	0.00013458149038648182	0.0002114508783344177	0.00021961554361306325	0.00021136403319334295	9.39911076239048e-05	9.549903183740137e-05	0.00013745114041493063	8.924245901221346e-05	7.938503062939099e-05	0.00011639695115082791	6.090723112144544e-05	7.837707209384348e-05	7.538379776034737e-05	0.6248326118687691	0.0001308731221304052	0.6516353412447393	0.57386016616065	0.00013457632826739495	0.367151523424198	0.5851401527732393	8.276626303161605e-05	0.4830248103944461	0.016453581217359063	0.8389625736264861	-0.050832911766397974	0.709175513751728	0.5006038916877945	0.7740690436891071	0.00011607190447647207
Q920M	missense	60	31	13	46	30	6	11	38	23	35	29	23	6	19	28	38	51	0.00019155884939078005	9.417387440148089e-05	5.4039448797622264e-05	0.0001555616603393892	8.0231273115018e-05	0.00011385816525699414	0.00015502273666804465	0.00011946662745710689	9.807767752059631e-05	0.00011855052228091205	0.00012886044413899745	0.0003059741451847319	9.261586906762282e-05	7.509480719408253e-05	0.00010390057073658339	0.00016981698953666088	9.799893708845157e-05	0.6444314567302222	9.600156416337759e-05	0.839642402927845	0.6380803697148484	0.00011623881784940317	0.8677844046084787	0.6626637763834762	0.00011170282613894459	1.1179994032269898	0.13403121817928987	1.1064993842933388	-0.5189993238331341	-0.05895377898199173	0.9418087369211046	0.5237728026556735	0.00010798106938390846
Q920P	missense	51	19	11	38	3	2	5	24	15	20	11	2	0	15	20	9	29	0.00016329606833312397	5.8858671500925554e-05	4.631952754081908e-05	0.00012908307985608892	1.0352422337421678e-05	4.8796356538711774e-05	7.751136833402232e-05	7.658117144686338e-05	6.53851183470642e-05	6.915447133053203e-05	5.1544177655598985e-05	3.824676814809149e-05	1.323083843823183e-05	6.007584575526602e-05	7.523834432649142e-05	4.354281782991304e-05	5.6537848320260525e-05	0.5929314798913862	6.11534253088138e-05	0.34561536252503017	0.5910491286343402	6.566623469501465e-05	0.5011492271298479	0.6025326872691369	5.8848714057982756e-05	0.6254822574996436	0.20097800780990308	1.2588304826633299	-0.4610073768554473	0.036194681198171916	0.4907489490515073	0.6475125819307509	6.188945802060375e-05
Q920H	missense	55	0	14	10	23	2	1	14	16	29	21	2	0	12	26	40	86	0.0001758573043587489	2.942933575046278e-06	5.7899409426023855e-05	3.64080481645379e-05	6.211453402453006e-05	4.8796356538711774e-05	2.583712277800744e-05	4.594870286811803e-05	6.947168824375573e-05	9.879210190076005e-05	9.449765903526481e-05	3.824676814809149e-05	1.323083843823183e-05	4.881162467615364e-05	9.673501413406039e-05	0.00017852555310264348	0.00016395976012875552	0.7473790616887734	3.9841231297534525e-05	1.8271943149100394	0.6958460998924718	7.717753801197465e-05	1.3181010079828508	0.7344280158141058	0.00012200798801040327	1.7058004706990726	-0.2761432469097594	0.17318611960817545	-0.4610073768554473	0.036194681198171916	1.617031931197321	0.10469040040317368	7.967558577330414e-05
Q920W	missense	58	18	22	62	51	9	30	18	6	53	35	9	16	11	14	30	69	0.0001852782313779676	5.591573792587927e-05	8.877909445323657e-05	0.00020851882130598978	0.00013458149038648182	0.00016265452179570593	0.00040047540305911534	5.8201690299616175e-05	2.860598927684059e-05	0.00017782578342136806	0.00015463253296679695	0.00012748922716030494	0.00022492425344994112	4.505688431644952e-05	5.3741674518922446e-05	0.00013498273527273044	0.0001319216460806079	0.7161594212647476	0.00012194878601789685	1.5277117227258261	0.7557381013386165	0.00010481649899115545	1.7849931008827395	0.7418418778195661	9.142573504717757e-05	1.7665253670468255	0.39130970598019454	1.6919122898251195	0.24656279924248914	1.19711815822904	1.6930767302184637	1.4445152240270798	0.00010606367335207663
Q920F	missense	145	42	25	84	82	7	34	39	58	79	65	5	18	50	45	38	135	0.00045848511493530965	0.00012654614372698995	0.00010035897633844135	0.0002813349176350656	0.0002148127635014998	0.00013012361743656474	0.00045214964861513024	0.0001225298743149814	0.00024110762390479928	0.00026344560506869345	0.00028349297710579443	7.649353629618297e-05	0.0002513859303264048	0.00019149175834491045	0.00016480780185802884	0.00016981698953666088	0.00025630491238518103	0.7020648768456292	0.00018076320030049919	1.3925061072554863	0.694355447119473	0.00022764402009856717	1.306480524843741	0.6568640048002088	0.0001956053655311953	1.070495075796136	0.5409260695042539	2.0323501975350653	0.5167162284334005	1.6403638869816257	1.2564939026317878	1.8363570422583455	0.00020133752864342057
K921G	missense	402	220	172	269	469	42	101	280	167	295	220	43	112	281	270	252	511	0.001265544529581711	0.0006503883200852273	0.0006677731887134752	0.0008936520913113848	0.001216409624647047	0.0006994144437215354	0.0013176932616783795	0.0008607723670627444	0.0006865437426441742	0.0009747487387541657	0.0009492719384906147	0.0005609525995053418	0.0014950847435201968	0.0010588367814365637	0.0009709329196418655	0.0011016332910968	0.0009649126113324463	0.6951508729941174	0.0008570558061892835	1.3261817112118692	0.6449384179775822	0.0008678341967379248	0.921246777367477	0.6203899994080029	0.001024078900876919	0.7717465699299875	0.2750797283282529	1.4274419506657416	0.4257396448614474	1.4910969233693514	1.006391686169778	1.4592694370175465	0.0009163229679347091
K921I	missense	124	243	119	95	214	39	21	195	98	129	103	59	29	121	104	95	269	0.0003925386258007788	0.0007180757923112918	0.00046319527540819084	0.00031774296579960347	0.0005564427006364152	0.0006506180871828237	0.00028420835055808184	0.0006003963841434089	0.0004045704197724598	0.00042809910823662684	0.00044671620634852453	0.0007649353629618298	0.00039692515314695493	0.0004580783238839034	0.0003761917216324571	0.0004180110511671652	0.0005088406348823447	0.5866659661233272	0.0005138641835388753	0.2855117777579188	0.5959067449483608	0.00046994552962525504	0.5390170991761194	0.6387771752976331	0.0004402804328914676	0.9223508500208965	-0.3596892983598343	-0.016915031650705785	-0.284916117799766	0.32511086738486816	0.5822932423183116	0.15409791786708119	0.000474696715351866
K921V	missense	329	490	368	398	679	84	182	418	353	467	372	95	235	287	342	313	960	0.001036301972114056	0.0014449803853477223	0.0014243254718801868	0.001320619201604602	0.0017599117973616852	0.0013825634352635002	0.0023640967341876807	0.0012835004334494303	0.0014466457434287956	0.0015411567896518566	0.0016021648554615353	0.0012238965807389276	0.003122477871422712	0.0010813652235947884	0.0012288929573326932	0.0013672444798592696	0.0018110957411923455	0.6426703997541267	0.0014874592140485493	0.8227490018180967	0.6473569861982994	0.0014683669554979046	0.940100887284094	0.6780085940173719	0.0013721496004947742	1.243684566992812	0.2329801761620586	1.3316483949516291	0.40675464779475334	1.4599478874848364	1.0021781520316677	1.3957981412182328	0.0014426585900137428
K921L	missense	315	478	329	402	506	94	77	472	309	407	306	120	97	394	341	268	754	0.0009923376460243688	0.001409665182447167	0.0012737870073725249	0.0013338584918462521	0.0013121695312681976	0.0015452179570592062	0.0010076477883422903	0.0014489157637746553	0.001266836667974369	0.0013435725858503365	0.0013186718783557408	0.00154261964863969	0.0012966221669467193	0.00148312244208313	0.0012253101790314317	0.001171301799624661	0.0014228691827265565	0.6195488241869458	0.0013323700532335355	0.6009492215453689	0.6177018427014865	0.0013444992239887755	0.7089222377456631	0.6194657338396216	0.0013256509008664449	0.7641761658954349	-0.18568099045244546	0.3790244423000388	-0.07544541675974012	0.6687933215105509	0.6913492083954891	0.5239088819052948	0.0013341733926962522
K921Y	missense	127	81	47	75	94	16	18	117	64	57	39	15	4	110	107	67	152	0.0004019595528199975	0.00024132055315379477	0.00018527811016327633	0.00025154651459135277	0.00024587003051376483	0.0002765126870527001	0.0002454526663910707	0.0003614631292291952	0.0002656270432849483	0.00019099806367480274	0.0001718139255186633	0.00020398276345648793	6.615419219115915e-05	0.000416776179927158	0.00038694005653624157	0.0002960911612434087	0.0002883430264333287	0.6358110824069186	0.00023100380210554718	0.7569492004156724	0.5437322980445419	0.0002474755404269024	0.13228771757876784	0.5821238509625802	0.00034703760603503424	0.45831911521548163	-0.051747308279523126	0.6837778894288774	-0.48903610045569085	-0.009792564106847942	0.4491853444033073	0.33699266266101474	0.00027517231618916124
K921N	missense	115	66	90	70	57	10	10	100	66	102	57	11	9	103	96	52	188	0.00036427584474312273	0.0001971765495281006	0.0003512564171845447	0.00023499740178929007	0.00015011012389261433	0.0001789199739752765	0.00014210417527904092	0.0003093879326453281	0.00027380018307833135	0.0003391862165259428	0.0002491301920020618	0.00015298707259236595	0.0001323083843823183	0.00039049299740922914	0.00034752949522236514	0.00023077693449853913	0.0003561884444176413	0.5905266302855636	0.00023338512309863745	0.32254621169616077	0.6126881409660053	0.000292876131062916	0.6698375913833348	0.6042765820337295	0.00033124696788694365	0.6397660179396516	-0.10005198785407812	0.5738651522146996	-0.06306736818340972	0.6891022147871685	0.5440499403397158	0.6314836835009341	0.0002858360740161657
K921R	missense	317	328	217	260	382	59	75	301	250	289	254	42	42	302	346	219	758	0.0009986182640371812	0.0009682251461902254	0.0008414714169915466	0.000863863688267672	0.0009912444388081255	0.0009759271307742355	0.0009818106655642828	0.0009251005510781098	0.0010257290440695698	0.0009549903183740137	0.0010953137751814784	0.0005482036767893113	0.0005689260528439688	0.0011376863289903503	0.0012432240705377393	0.000957941992258087	0.0014304075625025912	0.6281192026881043	0.0009162011725643924	0.6831628260156993	0.6387430095080479	0.001000283422175793	0.8729500573236221	0.640539140976262	0.0011923149885721919	0.9367826243274903	0.0026103540430695805	0.8074636173347786	0.016113877864215264	0.8190163499252247	0.8309651692222705	0.8132399836300016	0.0010362665277707924
K921A	missense	203	454	254	264	297	91	71	308	194	269	190	118	40	187	188	141	391	0.000640623037306871	0.0013390347766460563	0.0009842899602424055	0.0008771029785093221	0.0007712554641379149	0.0014964216005204944	0.0009301364200082679	0.0009465432790832315	0.000796881129854845	0.0008891289171068403	0.0008204114943516172	0.001517121803207629	0.0005424643759675051	0.0007058911876243757	0.0006771450989384228	0.0006183080131847653	0.0007387612180514042	0.5680177069325945	0.0009929207948839247	0.10662345853609366	0.6146412365232994	0.0008632412050991335	0.6850630780987599	0.6268143920584934	0.0006850263794497421	0.8243669960332759	-0.20650731876836492	0.33163609873819383	-0.4466492268085801	0.05975236358674227	0.5386845108893765	0.19569423116246804	0.0008470627931442667
K921D	missense	111	210	198	189	197	23	33	141	105	163	157	19	19	118	159	111	387	0.0003517146087174978	0.0006209589843347645	0.0007681321650519165	0.0006288662864783819	0.000512444905702373	0.0003903708523096942	0.0004392310872261265	0.00043498105381818404	0.00043317640904930036	0.0005400634903908215	0.00067866500579872	0.0002549784543206099	0.0002646167687646366	0.00044681410280479107	0.0005732445282018394	0.0004876795596950261	0.0007312228382753695	0.6020388236864939	0.000632600585391859	0.43297994746665097	0.6751907479447127	0.0005217214897642564	1.1570808338758818	0.6678581174465363	0.0005597402572442565	1.1605448164565446	0.05121568747657094	0.9180604640158208	0.01611387786421517	0.8190163499252244	0.9168685325996924	0.8685384069705226	0.000571354110800124
K921S	missense	329	426	387	398	506	97	108	463	370	397	318	104	73	324	402	249	633	0.001036301972114056	0.0012566326365447606	0.0014976647238198171	0.001320619201604602	0.0013121695312681976	0.001594014313597918	0.0014081231914014056	0.0014213465420537844	0.0015161174316725514	0.00131064188521675	0.0013702160560113397	0.001338636885183202	0.0009790820444291555	0.0012202906169038411	0.001443859655408383	0.001088570445747826	0.0011948331945015058	0.6247578737868603	0.0013467715233093443	0.650918396584233	0.6170156985925831	0.0014045804787386064	0.7035733555693858	0.6140940683897451	0.001236888478140389	0.720178337581621	-0.05385156560594932	0.6789898505765852	-0.1358437014747467	0.5696967384907198	0.6915566965784133	0.6243432945336524	0.001329413493396113
K921M	missense	100	55	28	137	319	9	68	90	89	159	181	9	57	98	95	93	451	0.00031717120964702927	0.00016480428020259155	0.00011193885822364612	0.00045675551333693	0.0008281937869937342	0.00016265452179570593	0.0008913807358412567	0.00027875546406658274	0.00036779129070223617	0.0005268912101373869	0.000781753361109918	0.00012748922716030494	0.0007673886294174461	0.0003717192956107085	0.0003439467169211036	0.00040930248760118263	0.0008518369146919253	0.8118954089117371	0.00039042310968922546	2.446084303460983	0.7316451648726909	0.0004887978315040309	1.5971750073298794	0.7202109788242036	0.00049420135370623	1.5893526467514278	0.7387971028831771	2.482587050064187	0.7795418714271525	2.0715867813662356	1.8775373191807632	2.2770869157152114	0.0004578074316331621
K921C	missense	178	112	104	183	270	46	34	148	158	163	122	86	20	140	122	97	386	0.0005621153121467152	0.0003325514939802294	0.00040529586598216696	0.0006090073511159067	0.0007013766133603187	0.0007644762524398178	0.00045214964861513024	0.0004564237818233058	0.0006497646135739506	0.0005400634903908215	0.0005283278209698896	0.0011091562762946532	0.00027784760720286846	0.0005294183907182819	0.00044068173105516405	0.00042671961473314784	0.0007293382433313608	0.7049584272807359	0.0005120578311096554	1.4202632490147042	0.6310937634251328	0.0005436449266894919	0.8133198491735423	0.6594399056344974	0.0005315394949594886	1.091593568194438	-0.22808180143951992	0.28254540058530503	-0.6011860800204841	-0.19379911020423415	1.1083922221275613	0.04437314519053544	0.0005290807509195452
K921_	nonsense	95	328	435	378	59	58	35	220	210	135	66	125	15	175	224	70	166	0.00030146966461499814	0.0009682251461902254	0.0016829428339830933	0.0012544227503963512	0.00015528633506132515	0.0009596616785946649	0.00046506821000413394	0.0006769775555902724	0.0008622662482019092	0.00044785752861677884	0.000287788325243761	0.0016063642622198425	0.0002116934150117093	0.0006608343033079263	0.0008061251177838367	0.00030915400659238263	0.00031472735564945026	0.5367390014942528	0.0010152192664077487	-0.19342573029543694	0.5380740031003867	0.0005687224144131803	0.0881781018549212	0.5332132433035478	0.000522710195833399	0.05770583455111676	-0.31460149872893506	0.08567799900479652	-0.880136684597423	-0.651478527348717	-0.01584726462979966	-0.28290026417196024	0.0007022172922181093
K921T	missense	144	89	63	92	41	10	6	100	75	96	72	12	14	100	140	122	164	0.0004553448059289034	0.000264864021754165	0.0002470374802177018	0.0003078134981183659	0.00010870043454292761	0.0001789199739752765	9.042992972302605e-05	0.0003093879326453281	0.000310579312148555	0.0003194277961457908	0.0003135604140715605	0.00016573599530839644	0.00019846257657347746	0.0003792287763301168	0.000505171740477871	0.0005355766593079305	0.0003109581657614329	0.570106101142353	0.00023210385865829008	0.12665692794657682	0.6271315530602544	0.0003132388637528086	0.7824321739397937	0.6124051539753912	0.00043273383546933773	0.7063449060075867	-0.2963466329980463	0.12721522226413867	0.07826178461305969	0.9209835701816537	0.5384780026313191	0.5240993962228961	0.0003260255192934788
K921Q	missense	67	84	60	84	56	21	10	87	94	75	54	21	3	112	103	54	156	0.00021354101243562366	0.0002501493538789336	0.000235457598332497	0.0002813349176350656	0.0001475220183082589	0.000357839947950553	0.00014210417527904092	0.0002695657234929591	0.00038822414018569373	0.00025027332481525875	0.00023624414758816203	0.0002804762997526709	5.292335375292732e-05	0.0004242856606465663	0.0003726089433311956	0.00023948549806452176	0.0002958814062093634	0.5891860259870212	0.0002286159720386888	0.30968611321431494	0.5990109654566872	0.0002860768340205184	0.5632162572433033	0.5763668858020877	0.0003330653770629118	0.41116540337257745	-0.40108198351805935	-0.11110017823393102	-0.7242488116300287	-0.39571041045283956	0.4280225912767319	-0.25340529434338527	0.0002825860610407063
K921H	missense	80	57	31	92	182	6	29	52	37	103	116	13	32	58	80	100	269	0.0002543650295189047	0.0001706901473526841	0.0001235187401088509	0.0003078134981183659	0.00047362332193704175	0.00011385816525699414	0.0003875568416701116	0.00016235208346735037	0.0001552896560742775	0.00034247928658930147	0.0005025557321420901	0.00017848491802442692	0.00043661766846165044	0.00022152968122254345	0.0002902050424021812	0.00043978246008212176	0.0005088406348823447	0.7520276860358979	0.00026891142687923567	1.871787463667002	0.754851285830858	0.0002906691895682549	1.7780798714291246	0.7115806881183181	0.00036508945464729776	1.5186643188354387	0.5319712268513275	2.0119742986371896	0.38849978206386465	1.4299967915894356	1.722843884643855	1.7209855451133125	0.0003082233570315961
K921P	missense	100	74	46	79	75	12	16	124	90	124	76	13	20	98	139	104	179	0.00031717120964702927	0.00022072001812847083	0.00018141814953487475	0.0002647858048330029	0.00019669602441101187	0.0002114508783344177	0.00021961554361306325	0.00038290585723431696	0.0003718778605989277	0.0004116337579198335	0.0003307418066234268	0.00017848491802442692	0.00027784760720286846	0.0003717192956107085	0.0005015889621766095	0.00045719958721408696	0.00033922708992156314	0.6266349311888043	0.00021590499922684008	0.6689245622151523	0.6152535207938544	0.0003742898205941262	0.6898361809777174	0.6143796023351676	0.00041743373373074206	0.7225170672783401	0.016453581217359063	0.8389625736264861	0.19220513691989644	1.1079325361119206	0.69375927015707	0.9734475548692033	0.0003358761845172361
K921W	missense	169	217	156	194	233	36	42	202	118	152	95	38	36	207	218	166	370	0.0005338525310890591	0.0006415595193600886	0.0006060138186590497	0.0006454153992804445	0.0006056167067391682	0.0006018217306441119	0.0005554981397271599	0.0006218391121485307	0.00048630181770629007	0.0005038397196938762	0.0004123534212447919	0.0004972079859251893	0.0004895410222145777	0.0007809859948184583	0.0007846284479762676	0.0007271650577595479	0.0006991847242272219	0.6215767475710989	0.0006246513610096878	0.6204026086948821	0.5872765345689605	0.0005060835176983722	0.4717397184088758	0.612346640065	0.0007479910561953739	0.7058656347261961	-0.034785256341486694	0.7223734369762147	-0.006749005095289025	0.7815047949206455	0.5993359872766514	0.7519391159484301	0.0006262419783011446
K921K	silent	105	61	43	54	124	13	20	108	43	89	77	10	6	47	59	50	195	0.0003328727546790604	0.0001824618816528692	0.00016983826764966996	0.0001820402408226895	0.0003235131980444274	0.0002277163305139883	0.00027128978916907815	0.0003338939075083244	0.00017980907545442657	0.0002963763057022801	0.0003350371547613934	0.00014023814987633546	9.261586906762282e-05	0.00018022753726579807	0.00021496669807568978	0.00022206837093255652	0.0003693806090257021	0.6884368044197063	0.00021446339704241403	1.2617752467729078	0.6380987740041535	0.0002862791108566061	0.8679278764735778	0.6977923832073919	0.0002466608038249366	1.405728120952266	0.07603927120160313	0.9745441848212235	-0.1801807672797531	0.49695209444770955	1.178477081399584	0.7357481396344665	0.0002491344372413189
K921E	missense	113	112	96	110	176	24	31	123	65	84	92	28	35	73	72	62	169	0.00035799522673031026	0.0003325514939802294	0.0003744161809549543	0.0003673903042057915	0.0004580946884309092	0.0004066363044892648	0.00041339396444811904	0.0003798426103764424	0.00026971361318163983	0.0002799109553854868	0.00039946737683089215	0.00036971875876488436	0.0004763101837763459	0.00027785078661810535	0.00026154281599208924	0.00027431975232845217	0.00032038114048147634	0.6551480524018811	0.00038311316689297104	0.9424441587311772	0.6314969002110626	0.0003322336389436153	0.8164625288830687	0.6404713736921099	0.0002835236238550308	0.9362275612169455	0.007157981793790268	0.8178113148728896	0.11001838073254633	0.9730872048896781	0.8983780829437306	0.8954492598812839	0.0003329568098972057
K921F	missense	157	107	68	67	208	12	37	166	78	138	117	19	15	138	128	134	363	0.0004961688230121844	0.000317836826104998	0.00026633728335970973	0.00022506793410805246	0.0005409140671302826	0.0002114508783344177	0.0004909053327821414	0.0005115622252650474	0.00032283902183862954	0.00045773673880685487	0.0005068510802800567	0.0002549784543206099	0.0002116934150117093	0.0005219089099988735	0.00046217840086273303	0.0005878280407038261	0.0006859925596191611	0.6831379413134316	0.0003375390276757607	1.2109445121089943	0.6333911211776411	0.00044974726654764714	0.831229054798819	0.6592075835799798	0.0005644769777961485	1.0896906824016503	0.3657882564558953	1.6338406412892945	-0.08079613514384125	0.6600142988765841	1.0439547497698212	1.1469274700829393	0.00045058775733985214
L922G	missense	191	77	71	124	266	34	66	169	81	225	258	27	54	111	98	153	563	0.0006029393292299963	0.00022954881885360967	0.0002779171652449145	0.00041372782005156703	0.000691024191022897	0.0005692908262849707	0.0008655436130632492	0.000520751965838671	0.0003350987315287041	0.000744233834319059	0.0011124951677333448	0.00035696983604885385	0.0007276961141027507	0.00042053092028686214	0.0003546950518248881	0.0006705593945806609	0.0010629115484208978	0.7428684253514515	0.00040305449879324707	1.7839248523424338	0.7256590105417738	0.0006781449248549447	1.5505095418837664	0.7367615191797974	0.0006271742287783273	1.7249135523701897	0.18195477049647263	1.2155449024212155	0.30931853601623976	1.3000826564513794	1.6864493155321298	1.2578137794362974	0.000569457884142173
L922Y	missense	57	104	83	122	94	12	49	82	68	101	68	32	40	54	66	44	148	0.00018213792237156137	0.0003090080253798592	0.0003242366927857336	0.000407108174930742	0.00024587003051376483	0.0002114508783344177	0.000645928069450186	0.00025424948920358645	0.0002819733228717144	0.0003358931464625841	0.00029637902151969416	0.0004207144496290064	0.0005424643759675051	0.00020651071978372695	0.00024004614618452024	0.00019594268023460871	0.00028080464665729396	0.614645797348037	0.00032155573090252487	0.5539156501357783	0.6442885317883765	0.00029212374501439483	0.9161805462231091	0.6492036043014413	0.00023082604821503746	1.0077508507313417	0.48497466417510393	1.905038057906542	0.11038379470606313	0.9736867463556997	0.8259490156967431	1.4393624021311209	0.0002815018413773191
L922C	missense	81	47	40	56	70	4	22	12	33	76	58	2	1	30	28	42	182	0.0002575053385253109	0.00014126081160222131	0.0001582583857644652	0.00018865988594351458	0.00018375549648923478	8.132726089785297e-05	0.0002971269119470856	3.982220915236896e-05	0.00013894337648751146	0.0002535663948786174	0.00025342554014002835	3.824676814809149e-05	2.646167687646366e-05	0.00011639695115082791	0.00010390057073658339	0.00018723411666862608	0.0003448808747535892	0.6543714521447936	0.00016798364494985898	0.9349944170005037	0.7627004605484766	0.00017143938016463156	1.8392686365890463	0.7527200510260458	0.00018810312832740666	1.8556254797721317	0.5627058438274959	2.081908017457663	-0.15997738119146607	0.5301001637385283	1.5432961777872272	1.3060040905980959	0.00017584205114729904
L922E	missense	43	56	40	92	306	21	94	76	56	98	109	18	121	51	47	51	144	0.00013817359628187414	0.00016774721377763784	0.0001582583857644652	0.0003078134981183659	0.0007945484143971137	0.000357839947950553	0.0012272633319553535	0.00023587000805633924	0.00023293448411141625	0.00032601393627250814	0.00047248829517632405	0.00024222953160457942	0.0016141622894642834	0.00019524649870461457	0.0001719733584605518	0.00022642265271554784	0.0002732662668812592	0.8026467450670438	0.00035709187801439565	2.357364068864124	0.7041969199876951	0.0003168266809041469	1.383200383150588	0.6666001957931708	0.00021672719419049333	1.1502415275690578	0.5352489366125635	2.019432417701928	0.8237201075861345	2.1440708306708762	1.6302686598612566	2.081751624186402	0.000296881917703012
L922Q	missense	22	8	7	14	85	4	7	22	9	44	43	5	8	11	10	16	86	7.22271071473433e-05	2.6486402175416498e-05	3.087968502721272e-05	4.964733840618804e-05	0.00022257708025456607	8.132726089785297e-05	0.00010334849111202976	7.045467773111431e-05	4.086569896691513e-05	0.00014818815285114005	0.00018899531807052962	7.649353629618297e-05	0.00011907754594408647	4.505688431644952e-05	3.941056131387646e-05	7.402279031085218e-05	0.00016395976012875552	0.8552249597672135	8.239762646584584e-05	2.8617343888600906	0.7540246386289133	0.00011212596190492477	1.7716356880175408	0.7766982715162691	8.061249901748343e-05	2.0520244622187933	0.1040679948018466	1.0383208987681096	0.19220513691989638	1.1079325361119206	2.228464846365475	1.0731267174400152	9.1712029129418e-05
L922A	missense	93	178	59	95	175	25	30	78	60	97	82	28	60	69	79	51	119	0.00029518904660218566	0.0005267851099332837	0.00023159763770409542	0.00031774296579960347	0.0004555065828465538	0.0004229017566688354	0.00040047540305911534	0.0002419965017720883	0.0002492807636981823	0.00032272086620914947	0.00035651389545122633	0.00036971875876488436	0.0008070811447321417	0.0002628318251792889	0.0002866222641009197	0.00022642265271554784	0.0002261513932810421	0.614578907624033	0.0003829080740708841	0.5532739929077277	0.6695309695546853	0.0002926280067826616	1.1129596538507724	0.6037629582086179	0.00025050703381919963	0.6355590670254501	-0.023663641990623423	0.7476796202758506	0.33904571497602615	1.348856588883966	0.7672642379279834	1.0482681045799083	0.00030868103822424847
L922_	nonsense	53	212	147	127	53	53	8	170	143	56	32	52	5	87	101	41	73	0.00016957668634593644	0.0006268448514848571	0.0005712741730034353	0.0004236572877328046	0.00013975770155519264	0.000878334417696812	0.00011626705250103349	0.0005238152126965456	0.0005884660651235779	0.0001877049936114441	0.00014174648855289722	0.0006756929039496162	7.938503062939099e-05	0.00033041715165396315	0.0003654433867286726	0.0001828798348856348	0.00013946002585664264	0.510832580972238	0.0004403835034440725	-0.4419398664856963	0.49087604106674493	0.0003604331899961162	-0.27975675993646043	0.5322585649784348	0.0002545500997812283	0.04988632802466202	-0.8782032382377217	-1.1967445412890854	-0.9300107413529302	-0.7333078148711807	-0.22393676613249824	-0.965026178080133	0.0003517889310738057
L922R	missense	174	292	239	223	258	35	64	275	163	212	150	41	43	167	162	157	324	0.0005495540761210903	0.0008622795374885594	0.0009263905508163817	0.0007414002535324081	0.0006703193463480536	0.0005855562784645413	0.0008397064902852418	0.0008454561327733718	0.0006701974630574082	0.0007014239234953963	0.0006485975688329539	0.0005354547540732808	0.0005821568912822005	0.0006307963804302933	0.0005839928631056238	0.0006879765217126261	0.0006124933568028224	0.5952821005862844	0.0008000974220463506	0.3681643082972633	0.6006013324009377	0.0007164187720397825	0.5756140688567223	0.6274388435417224	0.0006288147805128414	0.8294817056900449	0.15655886802149016	1.157758924341361	0.036317263952502135	0.8521644192160431	0.5910866942813434	1.0049616717787022	0.0007151103248663248
L922F	missense	104	23	23	103	118	8	25	32	41	115	90	6	29	16	23	81	190	0.00032973244567265417	7.063040580111066e-05	9.263905508163816e-05	0.00034422154628290376	0.0003079845645382949	0.00014638906961613534	0.00033588259611409674	0.00010108714630985967	0.00017163593566104355	0.0003819961273496055	0.000390876680554959	8.924245901221346e-05	0.00039692515314695493	6.383058611497015e-05	8.59866792302759e-05	0.00035705110620528696	0.00035995763430565867	0.7727121143860983	0.00020386889292598685	2.0702082698015736	0.7540805564653255	0.0002613989724688669	1.7720715992417861	0.7921969870126727	0.0002167065014640479	2.1789701608775025	0.3606788506774149	1.622214670894771	0.6481370925696208	1.8559885298810812	2.007083343306954	1.739101600387926	0.00022732478895296721
L922V	missense	134	72	64	87	74	32	27	93	65	105	62	15	39	64	86	79	274	0.0004239417158648411	0.00021483415097837827	0.00025089744084610336	0.0002912643853163032	0.00019410791882665645	0.0005367599219258296	0.0003617197188921042	0.0002879452046402063	0.00026971361318163983	0.0003490654267160188	0.0002706069326918947	0.00020398276345648793	0.0005292335375292732	0.0002440581233807682	0.00031170171220975016	0.00034834254263930433	0.0005182636096023881	0.6221333636528242	0.00023777597399186033	0.6257420945038931	0.6279024328729839	0.00029433279430743993	0.7884416189482927	0.7005130269252979	0.0003555914969580527	1.428012162339512	-0.17140789638974638	0.41150152010624513	0.41405388653625275	1.471923883514221	0.9473986252638992	0.941712701810233	0.00029590008841911766
L922P	missense	29	75	97	126	34	15	11	95	58	46	11	34	13	33	66	32	26	9.420927019218691e-05	0.0002236629517035171	0.00037827614158335586	0.0004203474651723921	9.058369545243968e-05	0.0002602472348731295	0.00015502273666804465	0.0002940716983559554	0.00024110762390479928	0.0001547742929778574	5.1544177655598985e-05	0.00044621229506106735	0.00018523173813524564	0.0001276611722299403	0.00024004614618452024	0.00014369129883871304	5.0884063488234475e-05	0.5848822904210118	0.0002782175634779262	0.26840140058219947	0.48779192250675185	0.00018537444822355276	-0.3037992119243335	0.5523750142143435	0.00014057067018535203	0.21465460855587493	-0.22499072446237806	0.28957885437259306	-0.38182613080782246	0.1661088163362278	0.059752265737913625	0.22784383535441044	0.00020138756062894366
L922S	missense	152	131	82	62	169	36	18	174	99	100	103	16	12	94	77	62	226	0.00048046727798015327	0.00038846723190610866	0.000320376732157332	0.00020851882130598978	0.0004399779493404213	0.0006018217306441119	0.0002454526663910707	0.0005360682001280437	0.0004086569896691513	0.0003326000763992255	0.00044671620634852453	0.00021673168617251842	0.0001720008996970138	0.00035670033417189203	0.0002794567074983967	0.00027431975232845217	0.0004278030522899713	0.6289299492345889	0.00033933518367746296	0.6909401249867264	0.6000504193135417	0.00043101036813623624	0.5713193891303897	0.6444439152395507	0.00033456996157217806	0.9687655520141594	-0.38950011096824416	-0.08474672086234956	-0.10039169120722195	0.627863507551676	0.7436750220437585	0.2715583933446632	0.0003683051711286258
L922K	missense	45	120	69	63	21	32	7	50	23	33	32	38	6	28	35	13	45	0.0001444542142946866	0.0003560949625805996	0.0002701972439881113	0.0002118286438664023	5.6938322855819224e-05	0.0005367599219258296	0.00010334849111202976	0.0001562255897516013	9.807767752059631e-05	0.00011196438215419471	0.00014174648855289722	0.0004972079859251893	9.261586906762282e-05	0.00010888747043141967	0.00012898001884541387	6.095994496187826e-05	8.669136742439947e-05	0.4915118257235377	0.0002237647933227331	-0.6272792805932527	0.6177288935599173	0.0001270035344948224	0.7091331145172275	0.5813547930983193	9.63797004157778e-05	0.45201997462475096	-0.7154759407400221	-0.8264739413189005	-0.7298526891480271	-0.40490479596089884	0.1779579361829086	-0.6156893686398996	0.00014904934274444443
L922H	missense	35	4	12	8	18	2	5	11	1	30	24	0	3	12	11	20	78	0.0001130511242306243	1.4714667875231389e-05	5.017948816922067e-05	2.9788403043712825e-05	4.917400610275297e-05	4.8796356538711774e-05	7.751136833402232e-05	3.6758962294494424e-05	8.173139793383025e-06	0.00010208517196411871	0.00010738370344916456	1.2748922716030496e-05	5.292335375292732e-05	4.881162467615364e-05	4.299333961513795e-05	9.14399174428174e-05	0.00014888300057668604	0.6971090913081736	3.596414129772946e-05	1.3449664341872443	0.7752481725101424	6.360024437529017e-05	1.9370851622924836	0.7562223107796061	8.303197057769876e-05	1.8843115222640505	0.20097800780990308	1.2588304826633299	0.6181738691921775	1.806827315005937	1.7221210395812594	1.5328288988346335	6.0865452083572794e-05
L922N	missense	52	174	169	39	20	16	5	85	43	44	15	29	9	49	29	17	52	0.0001664363773395302	0.0005150133756330986	0.0006561933068282704	0.00013239290241650144	5.435021727146381e-05	0.0002765126870527001	7.751136833402232e-05	0.00026343922977721003	0.00017980907545442657	0.00014818815285114005	6.872557020746531e-05	0.0003824676814809149	0.0001323083843823183	0.0001877370179852063	0.00010748334903784489	7.837707209384348e-05	9.988353203246026e-05	0.4495710301220056	0.0003394874505373335	-1.0296073668369627	0.5084070510486481	0.0001650405070725605	-0.14309260206122695	0.5477353492971947	0.00011837024278733873	0.17665239446358885	-0.5523496588487085	-0.4552954900350524	-0.46100737685544735	0.036194681198171826	-0.33201585814486695	-0.20955040441844028	0.00020763273346574424
L922W	missense	67	69	53	85	90	16	32	30	16	41	72	10	18	37	36	43	110	0.00021354101243562366	0.00020600535025323943	0.00020843787393368587	0.0002846447401954781	0.00023551760817634316	0.0002765126870527001	0.0004263125258371228	9.49606525941106e-05	6.947168824375573e-05	0.00013830894266106405	0.0003135604140715605	0.00014023814987633546	0.0002513859303264048	0.00014268013366875682	0.00013256279714667535	0.0001915883984516174	0.00020919003878496395	0.6470338457297112	0.00023365139313968666	0.8646065022208939	0.7719727695271308	0.00015407542439262273	1.9115515398236473	0.672808273686415	0.00016900534201300338	1.201090179231091	0.18801303064553543	1.229329901340654	0.2534747936588191	1.2084587953306143	1.3257494070918774	1.2188943483356343	0.00018557738651510427
L922L	silent	180	61	48	137	249	27	50	113	81	180	149	32	73	85	101	103	262	0.0005683959301595277	0.0001824618816528692	0.00018913807079167793	0.00045675551333693	0.0006470263960888548	0.0004554326610279766	0.0006588466308391897	0.00034921014179769704	0.0003350987315287041	0.0005960456814679189	0.0006443022206949874	0.0004207144496290064	0.0009790820444291555	0.00032290767093455487	0.0003654433867286726	0.0004528453054310957	0.0004956484702742839	0.7657526272340077	0.000368845465467583	2.0034475632632356	0.6994433501877031	0.0004811641938723268	1.3461436126457709	0.6712493683255274	0.0004092112083421518	1.1883216159119818	0.16036015690163896	1.1664083982523534	0.36683165771730386	1.3944454991425579	1.512637597273663	1.2804269486974555	0.00041974028922735386
L922M	missense	45	129	78	59	276	17	61	66	68	102	112	21	76	48	43	41	145	0.0001444542142946866	0.0003825813647560161	0.0003049368896437256	0.00019858935362475217	0.0007169052468664512	0.00029277813923227067	0.0008009508061182307	0.00020523753947759388	0.0002819733228717144	0.0003391862165259428	0.0004853743395902238	0.0002804762997526709	0.001018774559743851	0.0001839822776255022	0.00015764224525550584	0.0001828798348856348	0.0002751508618252679	0.6949171023158552	0.0004007532137227363	1.323939204643833	0.710535414302799	0.00032794285461636873	1.432612538449389	0.6716987732509714	0.00019991380489797766	1.1920025675530639	0.4370671965408696	1.7960291389559222	0.5601819222144908	1.7116788548257738	1.3161847702154288	1.753853996890848	0.00030953662441236086
L922I	missense	64	12	22	64	129	2	24	32	7	68	55	3	42	14	22	38	108	0.00020412008541640498	3.825813647560161e-05	8.877909445323657e-05	0.00021513846642681487	0.00033645372596620454	4.8796356538711774e-05	0.000322964034725093	0.00010108714630985967	3.26925591735321e-05	0.0002272218343717481	0.0002405394957261286	5.099569086412198e-05	0.0005689260528439688	5.63211053955619e-05	8.240390092901442e-05	0.00016981698953666088	0.00020542084889694657	0.8130529537475523	0.0001696573558304644	2.457188356015432	0.7523575465335443	0.00015038525889531714	1.7586397603699462	0.755046443182916	0.00012849071118954593	1.8746803154955543	0.820766766098297	2.669101278744507	1.0475223421158393	2.51126729690738	2.030169477293644	2.5901842878259433	0.0001495111086384425
L922D	missense	58	4	2	9	124	1	12	23	11	62	53	0	19	23	22	42	138	0.0001852782313779676	1.4714667875231389e-05	1.157988188520477e-05	3.309822560412536e-05	0.0003235131980444274	3.2530904359141185e-05	0.00016794129805704837	7.351792458898885e-05	4.9038838760298155e-05	0.0002074634139915961	0.00023194879945019544	1.2748922716030496e-05	0.0002646167687646366	9.011376863289904e-05	8.240390092901442e-05	0.00018723411666862608	0.0002619586972172071	0.9344473578550132	9.572649335224724e-05	3.6216960289091293	0.7659591156244807	0.00014049224419776963	1.8646716996314874	0.7497294797998763	0.00015542762086193665	1.8311305367052164	0.7128613687887775	2.423572736107819	1.3171438735281964	2.9536403311352903	2.4391660884152775	2.688606533621555	0.00013054878613731784
L922T	missense	45	16	2	62	33	1	6	13	5	41	16	0	3	8	11	25	60	0.0001444542142946866	5.002987077578672e-05	1.157988188520477e-05	0.00020851882130598978	8.799558986808426e-05	3.2530904359141185e-05	9.042992972302605e-05	4.2885456010243496e-05	2.4519419380149078e-05	0.00013830894266106405	7.30209183454319e-05	1.2748922716030496e-05	5.292335375292732e-05	3.379266323733714e-05	4.299333961513795e-05	0.00011321132635777392	0.00011496029158452974	0.7334945279065397	8.953104095876639e-05	1.6940032815766566	0.7165726870491874	6.968368409922214e-05	1.4796765009136155	0.7535919954084916	7.623940519869469e-05	1.8627673354211893	0.4440160564961975	1.8118406136398448	0.6181738691921775	1.806827315005937	1.678815705970487	1.809333964322891	7.848471008556107e-05
I923G	missense	156	62	102	113	130	17	32	119	87	108	95	23	48	126	65	91	164	0.0004930285140057782	0.0001854048152279155	0.0003975759447253638	0.00037731977188702916	0.00033904183155055996	0.00029277813923227067	0.0004263125258371228	0.00036758962294494425	0.00035961815090885315	0.0003589446369060948	0.0004123534212447919	0.0003059741451847319	0.0006483110834733597	0.00047685202568242406	0.00023646336788325876	0.0004005939240352	0.0003109581657614329	0.6673921062440032	0.0003248355908477171	1.0598984578095187	0.6361459259986689	0.00037462645800117103	0.8527043195647988	0.5957384171242421	0.0003562168708405789	0.5698322669814092	0.16318944692050327	1.1728461805352515	0.3260987161811228	1.3276142084589138	0.8274783481185756	1.2502301944970826	0.00035189297322982233
I923I	silent	112	215	121	130	368	48	71	149	84	119	114	39	96	71	94	117	263	0.000354854917723904	0.000635673652209996	0.000470915196664994	0.00043358675541404227	0.0009550109606271497	0.000797007156798959	0.0009301364200082679	0.00045948702868118033	0.0003473584412187786	0.0003951684076030402	0.0004939650358661569	0.0005099569086412198	0.0012833913285084876	0.0002703413058986971	0.00034036393861984216	0.0005138052503929739	0.0004975330652182927	0.671122978184571	0.0006237966412290455	1.09568782580649	0.6361472485556098	0.000423994728342289	0.852714629645664	0.6908903844160246	0.0004055108900324515	1.3491957548400546	0.06708442854867668	0.9541682859233477	0.4008256208024977	1.4502200232195306	1.0991994034307362	1.2021941545714392	0.00048443408653459536
I923_	nonsense	80	599	580	659	47	114	35	385	209	148	34	228	53	219	230	73	74	0.0002543650295189047	0.0017657601450277666	0.002242637125101324	0.002184482889872274	0.00012422906804906013	0.001870527000650618	0.00046506821000413394	0.0011824132871395708	0.0008581796783052177	0.0004906674394404416	0.0001503371848288304	0.0029195033019709833	0.0007144652756645188	0.0008260428791349078	0.0008276217875914057	0.00032221685194135655	0.00014134462080065132	0.5264037258521701	0.0015792773070126061	-0.29256957366421815	0.4635411853421333	0.0006703993974285151	-0.49284745135134816	0.4738883837831583	0.0005293065348670803	-0.42820770721259593	-0.6044473274404025	-0.5738388156056567	-0.6113278446527043	-0.21043889104547198	-0.40454157740938745	-0.39213885332556436	0.0009263277464360672
I923F	missense	124	180	155	116	22	22	15	147	89	106	32	82	7	122	106	66	146	0.0003925386258007788	0.0005326709770833763	0.0006021538580306481	0.00038724923956826675	5.952642844017465e-05	0.0003741054001301236	0.00020669698222405952	0.00045336053496543126	0.00036779129070223617	0.0003523584967793775	0.00014174648855289722	0.0010581605854305311	0.00010584670750585465	0.00046183306424360754	0.0003833572782349801	0.00029173687946041743	0.00027703545676927656	0.4958319309170202	0.00039540012578061646	-0.5858375380145342	0.5346873206421564	0.00032881420274998556	0.06177699281313528	0.5678898273867705	0.0003534906696770704	0.34173215883351604	-0.2576598412157462	0.21524336397377639	-0.9998742275199152	-0.8479341290069083	-0.06077612878929428	-0.31634538251656596	0.00035923499940255745
I923Y	missense	99	67	56	50	74	24	17	94	48	67	59	14	5	53	60	50	113	0.00031403090064062303	0.00020011948310314688	0.00022001775581889066	0.00016880095058103935	0.00019410791882665645	0.0004066363044892648	0.00023253410500206697	0.0002910084514980809	0.00020024192493788413	0.00022392876430838942	0.0002577208882779949	0.00019123384074045744	7.938503062939099e-05	0.00020275597942402283	0.00021854947637695127	0.00022206837093255652	0.00021484382361699	0.6139451755569288	0.00019576152708243333	0.5471947517752592	0.6152127854844577	0.00024322500725558734	0.6895186261557055	0.6307943382891068	0.00021455441258763015	0.8569656365455525	-0.24271949142280963	0.24923871918867663	-0.38182613080782246	0.1661088163362278	0.6978930048255058	0.20767376776245222	0.00021784698230855028
I923S	missense	151	181	115	134	185	14	31	175	134	136	111	23	50	141	114	117	330	0.00047732696897374703	0.0005356139106584226	0.0004477554328945845	0.0004468260456556924	0.000481387638690108	0.00024398178269355888	0.00041339396444811904	0.0005391314469859182	0.0005516869360533543	0.0004511505986801375	0.0004810789914522572	0.0003059741451847319	0.0006747727603498234	0.000533173131077986	0.00041201950464507205	0.0005138052503929739	0.0006238009264668744	0.6143015238707895	0.0004778957569747018	0.5506131164747238	0.6080272373902518	0.0005057619932929169	0.6335032066116896	0.6474259017275878	0.0005206997031457267	0.9931901798617089	0.22900673141014655	1.322607196610216	0.3434728122505455	1.3561202092776803	0.7257688343160407	1.339363702943948	0.0005014524844711151
I923D	missense	66	17	12	33	71	5	8	17	19	48	91	4	23	7	16	49	136	0.00021040070342921743	5.2972804350832996e-05	5.017948816922067e-05	0.00011253396705402623	0.0001863436020735902	9.759271307742355e-05	0.00011626705250103349	5.513844344174164e-05	8.173139793383026e-05	0.00016136043310457473	0.00039517202869292553	6.374461358015247e-05	0.00031754012251756396	3.003792287763301e-05	6.090723112144544e-05	0.00021771408914956524	0.00025818950732918976	0.7687912068763105	0.00010050746541191752	2.032595935745281	0.8232488711624969	0.00017335057579326806	2.3112778109486967	0.8105128044900946	0.00014171218761945835	2.328989963919647	0.07603927120160313	0.9745441848212235	0.6973551152398024	1.936741450143993	2.224287903537875	1.4556428174826084	0.00013852340960821463
I923A	missense	93	26	16	27	36	5	16	52	58	43	41	4	5	53	41	42	149	0.00029518904660218566	7.94592065262495e-05	6.561933068282704e-05	9.267503169155101e-05	9.575990662115051e-05	9.759271307742355e-05	0.00021961554361306325	0.00016235208346735037	0.00024110762390479928	0.0001448950827877814	0.00018040462179459645	6.374461358015247e-05	7.938503062939099e-05	0.00020275597942402283	0.00015047668865298284	0.00018723411666862608	0.00028268924160130263	0.653468790194531	8.337836888044451e-05	0.92633539540195	0.6177865552325271	0.0001821898529886319	0.7095826199328897	0.6669964754092262	0.0002057890065867336	1.1534873444715	0.35224568314055216	1.6030257944644513	0.09529512391184007	0.9489304850632804	0.9298017866021132	1.2759781397638659	0.00015711907615193667
I923T	missense	71	35	32	55	54	6	9	17	34	51	35	5	9	38	49	43	113	0.0002261022484612486	0.00010594560870166599	0.00012737870073725247	0.00018535006338310202	0.00014234580713954806	0.00011385816525699414	0.0001291856138900372	5.513844344174164e-05	0.00014302994638420297	0.00017123964329465073	0.00015463253296679695	7.649353629618297e-05	0.0001323083843823183	0.00014643487402846094	0.0001791389150630748	0.0001915883984516174	0.00021484382361699	0.6622473138958538	0.00014025504499039215	1.0105456873180443	0.7029262109240826	0.00013101014152184807	1.3732944858712932	0.6621711995590613	0.00018300150279003578	1.113964842483363	0.05484997213166504	0.926329935582035	0.23796262748057148	1.183007697327525	1.1659350052242337	1.05466881645478	0.00015142222976742534
I923R	missense	142	102	75	114	76	23	19	160	67	106	71	33	9	109	118	94	175	0.00044906418791609094	0.0003031221582297666	0.0002933570077585209	0.0003806295944474417	0.0001992841299953673	0.0003903708523096942	0.0002583712277800744	0.0004931827441178003	0.0002778867529750229	0.0003523584967793775	0.0003092650659335939	0.00043346337234503684	0.0001323083843823183	0.0004130214395674539	0.00042635061785011805	0.0004136567693841739	0.00033168871014552844	0.6011727672108654	0.0002940982226077741	0.4246720734880794	0.5833580300503304	0.0003581732649514486	0.44119275501534183	0.604752540220338	0.00039617938423681855	0.6436644600102458	-0.17923323390170298	0.39369570350339567	-0.51536503917804	-0.05299094091894741	0.5031764295045557	0.17035238129222413	0.00034948362393201374
I923V	missense	118	113	83	147	74	15	17	163	127	127	51	16	11	153	147	66	147	0.0003736967717623414	0.00033549442755527567	0.0003242366927857336	0.0004898537389410553	0.00019410791882665645	0.0002602472348731295	0.00023253410500206697	0.0005023724846914238	0.0005230809467765136	0.0004215129681099095	0.00022335810317426226	0.00021673168617251842	0.00015877006125878198	0.0005782300153944355	0.0005302511885867014	0.00029173687946041743	0.0002789200517132853	0.6009485125392241	0.0003359231945271803	0.42252085171036535	0.5547583252781431	0.00041758112568802725	0.2182418484671184	0.5403997386831327	0.0004197845337887099	0.11656843365364801	-0.048899465406696846	0.6902578869791168	-0.13515379746643388	0.570828676759465	0.2524437112770439	0.6305432818692909	0.0003910962846679725
I923W	missense	78	32	40	64	54	3	3	45	17	79	30	3	11	37	41	43	111	0.0002480844115060922	9.711680797652717e-05	0.0001582583857644652	0.00021513846642681487	0.00014234580713954806	6.506180871828237e-05	5.167424555601488e-05	0.00014090935546222862	7.355825814044724e-05	0.00026344560506869345	0.00013315579227696404	5.099569086412198e-05	0.00015877006125878198	0.00014268013366875682	0.00015047668865298284	0.0001915883984516174	0.00021107463372897262	0.6642763529862463	0.0001532148668268388	1.030009777172398	0.6590850735324191	0.00015276725273708335	1.0315279745231747	0.6692455055690096	0.0001739549636255824	1.17190852944031	-0.10005198785407819	0.5738651522146992	0.49323513258387763	1.6018380186522772	1.0778154270452942	1.0878515854334883	0.00015997902772983485
I923Q	missense	36	8	3	2	6	0	0	1	3	15	2	0	1	3	10	13	11	0.00011619143323703052	2.6486402175416498e-05	1.543984251360636e-05	9.929467681237608e-06	1.8116739090487936e-05	1.6265452179570593e-05	1.291856138900372e-05	6.126493715749071e-06	1.634627958676605e-05	5.2689121013738686e-05	1.2886044413899746e-05	1.2748922716030496e-05	2.646167687646366e-05	1.5018961438816506e-05	3.941056131387646e-05	6.095994496187826e-05	2.2615139328104212e-05	0.5703010373226479	1.7493112865187103e-05	0.12852690440345713	0.7053844677371669	2.2011984682538388e-05	1.3924579908574874	0.6651598162789543	3.450115176066886e-05	1.1384437767291038	-0.10005198785407819	0.5738651522146992	0.31714387352819634	1.3129218324655807	0.8864762239966829	0.9433934923401399	2.466874976946478e-05
I923C	missense	105	131	77	83	74	24	14	78	78	85	80	42	20	74	89	66	128	0.0003328727546790604	0.00038846723190610866	0.00030107692901532404	0.00027802509507465306	0.00019410791882665645	0.0004066363044892648	0.0001937784208350558	0.0002419965017720883	0.00032283902183862954	0.00028320402544884546	0.00034792319917529316	0.0005482036767893113	0.00027784760720286846	0.00028160552697780946	0.00032245004711353465	0.00029173687946041743	0.00024311274777712025	0.5597785914284323	0.00029041929370568557	0.027587581281315565	0.6540712541245901	0.00029899068705871413	0.9924424108382088	0.6089548207036231	0.0002847263003322205	0.6780841789885229	-0.3219007374704345	0.06906927047737274	-0.29513528298145203	0.30834409403031454	0.5660380570360157	0.18870668225384363	0.0002913787603655401
I923L	missense	180	327	200	112	71	47	35	268	141	131	52	63	14	184	178	96	145	0.0005683959301595277	0.0009652822126151791	0.0007758520863087197	0.0003740099493266166	0.0001863436020735902	0.0007807417046193884	0.00046506821000413394	0.00082401340476825	0.0005802929253301949	0.0004346852483633442	0.00022765345131222885	0.0008159310538259517	0.00019846257657347746	0.0006946269665452634	0.0006413173159258078	0.00042236533295015655	0.0002751508618252679	0.47625611415778274	0.0005753719625810264	-0.7736236965850182	0.5079813835067224	0.0005166612574435044	-0.14641092178223294	0.5341831195106288	0.0005083651193116239	0.06564982273187445	-0.22499072446237806	0.28957885437259306	-0.6139748370639908	-0.2147818604605081	-0.2847949318784589	0.037398496956042485	0.0005334661131120515
I923M	missense	58	19	28	35	25	0	0	27	19	13	14	3	0	32	20	28	48	0.0001852782313779676	5.8858671500925554e-05	0.00011193885822364612	0.0001191536121748513	6.729074519324091e-05	1.6265452179570593e-05	1.291856138900372e-05	8.577091202048699e-05	8.173139793383026e-05	4.610298088702135e-05	6.443022206949873e-05	5.099569086412198e-05	1.323083843823183e-05	0.00012390643187023618	7.523834432649142e-05	0.00012627417170674784	9.234515225642552e-05	0.6363756869654671	8.931047177316597e-05	0.7623653177846279	0.5801988494848631	6.950887822770933e-05	0.4165651521561188	0.6119399945314625	0.00010444102503997525	0.702534913456209	-0.10005198785407819	0.5738651522146992	-0.5859461134637473	-0.16879461515548824	0.6271551277989852	0.20253526852960552	8.775345834695018e-05
I923E	missense	45	18	13	21	3	1	0	11	2	13	7	3	0	10	17	25	49	0.0001444542142946866	5.591573792587927e-05	5.4039448797622264e-05	7.28160963290758e-05	1.0352422337421678e-05	3.2530904359141185e-05	1.291856138900372e-05	3.6758962294494424e-05	1.2259709690074539e-05	4.610298088702135e-05	3.436278510373266e-05	5.099569086412198e-05	1.323083843823183e-05	4.1302143956745394e-05	6.449000942270693e-05	0.00011321132635777392	9.422974720043421e-05	0.5486802008615397	4.828092634749975e-05	-0.07887664222998225	0.6507316053201517	3.237110949383074e-05	0.9664079557823541	0.7078073575937359	7.830830673441511e-05	1.4877580105143093	-0.4010819835180594	-0.11110017823393115	-0.5859461134637473	-0.16879461515548824	0.791763108022227	-0.13994739669470968	5.298678085858186e-05
I923P	missense	49	20	16	23	22	3	2	21	25	29	19	3	1	29	39	29	33	0.00015701545032031152	6.180160507597183e-05	6.561933068282704e-05	7.943574144990087e-05	5.952642844017465e-05	6.506180871828237e-05	3.875568416701116e-05	6.739143087323978e-05	0.00010625081731397933	9.879210190076005e-05	8.590696275933165e-05	5.099569086412198e-05	2.646167687646366e-05	0.0001126422107911238	0.00014331113205045984	0.00013062845348973912	6.407622809629526e-05	0.6282804636965684	6.65957764122186e-05	0.6847097645510938	0.6417744684051916	8.958532821182769e-05	0.8965819973966239	0.5810696198502273	0.0001126645061069045	0.4496841993002598	-0.22499072446237806	0.28957885437259306	-0.284916117799766	0.32511086738486816	0.6769919870826592	0.3073448608787306	8.961520357698359e-05
I923K	missense	44	28	38	55	37	4	11	33	27	39	32	8	4	38	34	37	59	0.00014131390528828035	8.534507367634205e-05	0.00015053846450766202	0.00018535006338310202	9.834801220550593e-05	8.132726089785297e-05	0.00015502273666804465	0.0001041503931677342	0.00011442395710736236	0.00013172280253434673	0.00014174648855289722	0.00011474030444427445	6.615419219115915e-05	0.00014643487402846094	0.00012539724054415238	0.00016546270775366956	0.00011307569664052105	0.6427595811000055	0.000129895403443153	0.8236044972778628	0.6580476609814264	0.00012301091034058512	1.023440755772118	0.6113700764107601	0.00013759262974170097	0.6978668715125	0.2801592538575279	1.4389999313746338	-0.23915862723909093	0.40018602860047237	0.8483040415208268	0.9195929799875531	0.0001301663145084797
I923H	missense	41	96	78	41	48	24	5	67	55	35	39	24	2	29	49	26	49	0.00013189297826906167	0.0002854645567794889	0.0003049368896437256	0.00013901254753732653	0.00012681717363341555	0.0004066363044892648	7.751136833402232e-05	0.0002083007863354684	0.00022884791421472472	0.00011855052228091205	0.0001718139255186633	0.0003187230679007624	3.9692515314695496e-05	0.0001126422107911238	0.0001791389150630748	0.00011756560814076522	9.422974720043421e-05	0.5312948015913317	0.00021405779189848917	-0.24565064631468456	0.5872415802926194	0.0001818782870874421	0.47146723001572466	0.5960047276689007	0.0001258941202988495	0.5720135431110152	-0.7198407461424721	-0.8364056438664778	-0.90470487608816	-0.6917880136064289	0.26594337560401843	-0.7640968287364533	0.0001739433997615936
I923N	missense	53	3	9	16	42	2	2	24	31	29	15	0	6	32	30	28	69	0.00016957668634593644	1.1771734300185111e-05	3.8599606284015906e-05	5.6266983527013114e-05	0.00011128854012728304	4.8796356538711774e-05	3.875568416701116e-05	7.658117144686338e-05	0.0001307702366941284	9.879210190076005e-05	6.872557020746531e-05	1.2748922716030496e-05	9.261586906762282e-05	0.00012390643187023618	0.00011106612733910638	0.00012627417170674784	0.0001319216460806079	0.8063783926027501	5.448171605962429e-05	2.393160876960963	0.6064785543013325	9.371727006230428e-05	0.6214303442733957	0.6349493623348794	0.00012329209424917457	0.8909982910940365	-0.10005198785407812	0.5738651522146996	0.8612119178784721	2.20558433736613	1.3018631707761317	1.3897247447904149	9.04970267903677e-05
A924V	missense	200	214	201	226	293	30	79	169	110	164	150	17	56	108	144	110	240	0.0006312021102876523	0.0006327307186349497	0.0007797120469371213	0.0007513297212136458	0.0007609030418004932	0.0005042290175666884	0.0010334849111202976	0.000520751965838671	0.0004536092585327579	0.0005433565604541802	0.0006485975688329539	0.0002294806088885489	0.0007541577909792144	0.0004092666992077498	0.0005195028536829169	0.0004833252779120348	0.0004541873815060929	0.6402211177057181	0.0007311688821465526	0.7992536211255261	0.6523092806008698	0.0005415788384146407	0.978706828685996	0.6316029986297054	0.00046657055307719854	0.8635891500837354	0.31167630530359275	1.5107140059501705	0.5167162284334006	1.640363886981626	0.8805165332984192	1.5755389464658982	0.0005797727578794639
A924I	missense	96	89	55	82	77	7	16	54	22	78	58	10	21	39	46	36	87	0.0003046099736214043	0.000264864021754165	0.00021615779519048906	0.00027471527251424053	0.00020187223557972272	0.00013012361743656474	0.00021961554361306325	0.00016847857718309945	9.39911076239048e-05	0.0002601525350053348	0.00025342554014002835	0.00014023814987633546	0.00029107844564110026	0.00015018961438816505	0.00016839058015929032	0.00016110842597067828	0.00016584435507276422	0.6079761106918111	0.0002394023312596543	0.4899349308919459	0.6928119211822183	0.00019401193998809185	1.2944478654253029	0.6326839738180807	0.00016138324389772447	0.8724431193402767	0.2273069465322522	1.3187394966223445	0.3171438735281963	1.3129218324655807	0.8856086385525085	1.3158306645439626	0.00019826583838182356
A924F	missense	156	522	407	260	107	78	25	248	145	125	61	129	22	100	112	62	66	0.0004930285140057782	0.0015391542597492033	0.001574863936387849	0.000863863688267672	0.0002795154031103853	0.0012849707221860769	0.00033588259611409674	0.0007627484676107593	0.0005966392049169609	0.0004149268279831922	0.0002663115845539281	0.0016573599530839644	0.0003043092840793321	0.0003792287763301168	0.0004048539480425491	0.00027431975232845217	0.00012626786124858184	0.49317307280661266	0.0010643493218787776	-0.6113433320704478	0.5226402978518254	0.0005101565212662101	-0.03213637705225524	0.5311535398849851	0.00029616758448742494	0.04083537263704135	-0.5827057311737016	-0.5243678662457641	-0.7361016384250287	-0.41515756263692405	-0.20088144549522055	-0.4697627144413441	0.0006235578092108042
A924W	missense	95	73	30	56	48	12	16	38	24	80	50	4	12	29	35	56	57	0.00030146966461499814	0.00021777708455342454	0.0001196587794804493	0.00018865988594351458	0.00012681717363341555	0.0002114508783344177	0.00021961554361306325	0.00011946662745710689	0.00010216424741728782	0.00026673867513205213	0.0002190627550362957	6.374461358015247e-05	0.0001720008996970138	0.0001126422107911238	0.00012898001884541387	0.00024819406163050433	0.00010930650675250369	0.5859674929603453	0.000163228230902701	0.278811490676459	0.7068740547946023	0.00017685807626068565	1.4040701661398243	0.6477847552768448	0.0001497806995048864	0.9961294501862171	0.016453581217359063	0.8389625736264861	0.43108722583503317	1.499870798395848	0.8930037023341667	1.169416686011167	0.0001632890022227577
A924S	missense	189	177	159	191	174	24	48	162	136	172	124	43	35	100	77	85	176	0.0005966587112171838	0.0005238421763582374	0.0006175937005442545	0.0006354859315992069	0.00045291847726219837	0.0004066363044892648	0.0006330095080611823	0.0004993092378335493	0.0005598600758467373	0.0005697011209610496	0.0005369185172458227	0.0005609525995053418	0.0004763101837763459	0.0003792287763301168	0.0002794567074983967	0.00037446823333725217	0.0003335733050895371	0.6140755143161294	0.0005574600714409743	0.5484450605212053	0.6320799190315985	0.0005414472379717896	0.821007490993991	0.6211628321530466	0.00034168175556382574	0.7780766295267756	0.19220408350239798	1.2388662463772893	-0.07103629785468504	0.6760274444609092	0.715843060347324	0.9574468454190992	0.0004801963549921965
A924H	missense	53	34	15	42	50	4	6	33	30	30	13	0	0	19	34	24	69	0.00016957668634593644	0.00010300267512661972	6.175937005442545e-05	0.00014232237009773906	0.0001319933848021264	8.132726089785297e-05	9.042992972302605e-05	0.0001041503931677342	0.0001266836667974369	0.00010208517196411871	6.013487393153215e-05	1.2748922716030496e-05	1.323083843823183e-05	7.509480719408253e-05	0.00012539724054415238	0.00010885704457478262	0.0001319216460806079	0.6726951718576301	0.00010976945002022766	1.1107695061278622	0.5751833684579957	9.826352646520549e-05	0.37746663520908563	0.6686071065041047	0.00011031768459840636	1.1666795789936597	0.0460760478241599	0.9063656992959943	0.01611387786421517	0.8190163499252244	0.8849719067768692	0.8626910246106094	0.0001061168870279465
A924A	silent	101	47	67	81	63	11	13	86	35	71	42	8	11	44	59	36	61	0.0003203115186534355	0.00014126081160222131	0.00026247732273130815	0.000271405449953828	0.00016563875739874684	0.0001951854261548471	0.0001808598594460521	0.0002665024766350846	0.00014711651628089448	0.0002371010445618241	0.00018469996993256303	0.00011474030444427445	0.00015877006125878198	0.0001689633161866857	0.00021496669807568978	0.00016110842597067828	0.00011684488652853843	0.6372002390725062	0.00021019558542152608	0.7702750502175806	0.6017447824974268	0.00020885500185259157	0.5845279103678701	0.5853001101969193	0.00016547083169039806	0.48433497747954546	-0.0331051982234649	0.7261962505846906	0.1410526144725152	1.0240056462788847	0.6130459793549986	0.8751009484317877	0.0001948404729881719
A924M	missense	48	97	33	39	56	11	13	42	26	51	27	8	5	30	25	36	97	0.00015387514131390528	0.0002884074903545352	0.00013123866136565408	0.00013239290241650144	0.0001475220183082589	0.0001951854261548471	0.0001808598594460521	0.00013171961488860502	0.00011033738721067085	0.00017123964329465073	0.0001202697478630643	0.00011474030444427445	7.938503062939099e-05	0.00011639695115082791	9.31522358327989e-05	0.00016110842597067828	0.00018469030451285105	0.5496845286833141	0.0001748902681112374	-0.06924236408383648	0.6312205602111844	0.00013339159831424774	0.8143083019783107	0.6864111086137468	0.00013883697936678904	1.312507243696202	-0.0331051982234649	0.7261962505846906	-0.159977381191466	0.5301001637385284	0.6858577271968921	0.6281482071616096	0.0001490396152640914
A924L	missense	204	101	96	108	169	16	38	69	47	120	96	74	46	61	68	60	140	0.0006437633463132772	0.0003001792246547203	0.0003744161809549543	0.00036077065908496646	0.0004399779493404213	0.0002765126870527001	0.0005038238941711451	0.00021442728005121748	0.00019615535504119262	0.0003984614776663988	0.0004166487693827585	0.0009561692037022871	0.0006218494065968961	0.00023279390230165583	0.00024721170278704324	0.0002656111887624696	0.00026572788710522446	0.6593776306006581	0.00036883600350876553	0.9830174973606883	0.7075013551933144	0.0003064232205353918	1.4089603282476135	0.6394858427835032	0.0002528361702390983	0.9281553496990382	0.2605636977941472	1.3944120938580675	-0.18684952759176737	0.4860105360405933	1.1067110584357802	0.9402113149493304	0.0003093651314277519
A924R	missense	163	191	95	174	103	43	21	107	54	90	69	58	28	61	93	55	100	0.0005150106770506218	0.0005650432464088853	0.00037055622032655265	0.0005792189480721938	0.00026916298077296364	0.000715679895901106	0.00028420835055808184	0.0003308306606504498	0.0002247613443180332	0.0002996693757656388	0.0003006743696576608	0.0007521864402457992	0.0003836943147087231	0.00023279390230165583	0.00033678116031858065	0.00024383977984751304	0.0001903440893448771	0.5774253678566845	0.0004459953488951488	0.19686891433475825	0.6233172895286906	0.00028898393759794566	0.7526978281152534	0.597566767233693	0.00025093973295315665	0.5848077778287964	-0.40108198351805935	-0.11110017823393102	-0.29234013587897295	0.312930143587855	0.5114581734262694	0.10091498267696197	0.0003286396731487504
A924_	nonsense	45	23	4	20	5	3	3	12	10	11	4	0	1	21	20	15	14	0.0001444542142946866	7.063040580111066e-05	1.9299803142007953e-05	6.950627376866327e-05	1.5528633506132516e-05	6.506180871828237e-05	5.167424555601488e-05	3.982220915236896e-05	4.4952268863606643e-05	3.9516840760304014e-05	2.1476740689832912e-05	1.2748922716030496e-05	2.646167687646366e-05	8.260428791349079e-05	7.523834432649142e-05	6.966850852786088e-05	2.8268924160130263e-05	0.5427701470253885	4.37412790544786e-05	-0.13557038433460605	0.5731437894278815	3.644201486652813e-05	0.36156696081164497	0.5426167584120646	6.394501623199334e-05	0.13472743002303758	-0.10005198785407819	0.5738651522146992	0.31714387352819634	1.3129218324655807	0.12024133550002551	0.9433934923401399	4.804277005100002e-05
A924D	missense	62	84	54	47	24	20	4	55	27	28	13	17	2	40	38	14	25	0.0001978394674035925	0.0002501493538789336	0.00021229783456208748	0.00015887148289980173	6.470263960888549e-05	0.00034157449577098246	6.45928069450186e-05	0.00017154182404097398	0.00011442395710736236	9.549903183740137e-05	6.013487393153215e-05	0.0002294806088885489	3.9692515314695496e-05	0.0001539443547478692	0.00013972835374919835	6.531422674486956e-05	4.899946854422579e-05	0.5138943964385947	0.0001715053277374271	-0.4125685982647934	0.5250379229026588	0.00011039992172931748	-0.013445531013666719	0.5057408831510734	0.00010199660094654073	-0.16731268096191418	-0.7233012782519787	-0.8442797579217499	-0.7620373725194284	-0.4577108013421842	-0.19777560341345812	-0.6509952796319671	0.00012796728347109508
A924G	missense	162	310	228	238	109	55	40	257	104	146	78	76	19	153	108	92	134	0.0005118703680442155	0.0009152523418393924	0.0008839309839039642	0.0007910475919385961	0.0002846916142790961	0.0009108653220559532	0.0005296610169491525	0.0007903176893316302	0.00042908983915260885	0.00048408129931372417	0.00033933250289936	0.0009816670491343482	0.0002646167687646366	0.0005782300153944355	0.0003905228348375031	0.0004049482058181913	0.00025442031744117235	0.5387122151734753	0.0007187306329902622	-0.1744971603452161	0.5455777275017102	0.0005107053326743308	0.14667388602784137	0.5515254622243758	0.00040703034337282557	0.20769616280994363	-0.23545615814054305	0.2657657482339803	-0.5693468516442856	-0.14155989922403564	0.05995762949752297	0.06210292450497233	0.0005454887696791395
A924C	missense	106	55	40	42	44	12	8	69	53	56	48	2	8	76	74	40	60	0.00033601306368546665	0.00016480428020259155	0.0001582583857644652	0.00014232237009773906	0.00011646475129599387	0.0002114508783344177	0.00011626705250103349	0.00021442728005121748	0.0002206747744213417	0.0001877049936114441	0.00021047205876036253	3.824676814809149e-05	0.00011907754594408647	0.00028911500769721775	0.0002687083725946122	0.00017852555310264348	0.00011496029158452974	0.5904217880020648	0.00014546244684019742	0.32154048458315476	0.618274245640777	0.00020831977671109146	0.7133844430461106	0.5350434146233493	0.0002128273062447508	0.07269626242955861	-0.25975283072159	0.21048096398325825	0.4932351325838776	1.6018380186522772	0.36920706335294134	0.9061594913177677	0.00018886984326534656
A924Y	missense	95	40	28	34	41	8	12	54	32	49	21	18	17	18	14	30	54	0.00030146966461499814	0.00012066027657689738	0.00011193885822364612	0.00011584378961443877	0.00010870043454292761	0.00014638906961613534	0.00016794129805704837	0.00016847857718309945	0.00013485680659081992	0.0001646535031679334	9.449765903526481e-05	0.00024222953160457942	0.00023815509188817295	7.134006683437841e-05	5.3741674518922446e-05	0.00013498273527273044	0.00010365272192047764	0.6162569563560967	0.00011428583973947748	0.5693711156568775	0.5822998547163902	0.00014062163649427938	0.43294367860465266	0.6862354278008252	9.092929963662723e-05	1.3110682906718416	0.05964885501343372	0.9372493404461406	-0.007367217985307764	0.7804904815958756	0.7711276949777904	0.8588699110210081	0.00011527892529012802
A924P	missense	65	10	15	27	18	4	3	22	14	23	18	0	4	32	28	23	29	0.00020726039442281122	3.237226932550905e-05	6.175937005442545e-05	9.267503169155101e-05	4.917400610275297e-05	8.132726089785297e-05	5.167424555601488e-05	7.045467773111431e-05	6.129854845037269e-05	7.903368152060803e-05	8.161161462136506e-05	1.2748922716030496e-05	6.615419219115915e-05	0.00012390643187023618	0.00010390057073658339	0.0001045027627917913	5.6537848320260525e-05	0.6680760226550314	5.899516929355962e-05	1.0664591054284585	0.6468904764523493	7.309963058086503e-05	0.9364641794368753	0.560224123960935	9.721190342971784e-05	0.2789444989575117	-0.19696200086213458	0.3533555683194792	0.715083882200234	1.9658293660545776	0.7606225946076153	1.1595924671870284	7.64355677680475e-05
A924T	missense	83	30	28	55	51	2	13	26	6	37	31	15	10	25	15	20	49	0.00026378595653812334	9.12309408264346e-05	0.00011193885822364612	0.00018535006338310202	0.00013458149038648182	4.8796356538711774e-05	0.0001808598594460521	8.270766516261246e-05	2.860598927684059e-05	0.00012513666240762937	0.00013745114041493063	0.00020398276345648793	0.00014553922282055013	9.762324935230729e-05	5.732445282018394e-05	9.14399174428174e-05	9.422974720043421e-05	0.6736193671510491	0.00013077533820491613	1.1196350919705669	0.712175743041105	9.347536431550326e-05	1.4453998305615117	0.6337836677232469	8.515434170393571e-05	0.8814504084368756	0.5689547931044975	2.0961269114819516	-0.1466134196334846	0.5520266626822193	1.148828443656318	1.3240767870820855	0.00010313501474145169
A924E	missense	37	57	30	36	33	5	14	17	18	25	33	4	12	18	18	21	35	0.00011933174224343676	0.0001706901473526841	0.0001196587794804493	0.00012246343473526383	8.799558986808426e-05	9.759271307742355e-05	0.0001937784208350558	5.513844344174164e-05	7.764482803713875e-05	8.561982164732537e-05	0.0001460418366908638	6.374461358015247e-05	0.0001720008996970138	7.134006683437841e-05	6.807278772396843e-05	9.57941992258087e-05	6.784541798431263e-05	0.5637791726111167	0.00012520198785912037	0.06596420594966551	0.7212714632559304	9.11112324542674e-05	1.516306124306768	0.6321099341522664	7.576311794211705e-05	0.8677413189587208	0.29788802081795945	1.47934006655855	0.43108722583503317	1.499870798395848	0.8166705497383847	1.489605432477199	9.735877941850161e-05
A924N	missense	62	58	37	38	36	13	11	32	20	39	22	7	6	13	19	24	47	0.0001978394674035925	0.0001736330809277304	0.00014667850387926044	0.00012908307985608892	9.575990662115051e-05	0.0002277163305139883	0.00015502273666804465	0.00010108714630985967	8.581796783052178e-05	0.00013172280253434673	9.879300717323138e-05	0.00010199138172824396	9.261586906762282e-05	5.256636503585777e-05	7.165556602522992e-05	0.00010885704457478262	9.046055731241685e-05	0.5673982297463085	0.00013628864282105757	0.10068096108807274	0.6366855717647714	0.00010435523096198989	0.8569111641363012	0.6832942886470021	8.08848832370718e-05	1.2869782320588428	-0.16699877748469133	0.4215340538447083	-0.04187806911347157	0.7238678897450609	0.7481901190944056	0.5727009717948846	0.00010717625234003975
A924Q	missense	27	1	6	20	24	1	5	11	6	16	10	2	12	8	1	5	20	8.792865217937445e-05	5.885867150092556e-06	2.7019724398811132e-05	6.950627376866327e-05	6.470263960888549e-05	3.2530904359141185e-05	7.751136833402232e-05	3.6758962294494424e-05	2.860598927684059e-05	5.5982191077097355e-05	4.7248829517632405e-05	3.824676814809149e-05	0.0001720008996970138	3.379266323733714e-05	7.165556602522992e-06	2.6125690697947826e-05	3.957649382418237e-05	0.7887626150723615	4.177862623161311e-05	2.224176908968774	0.6686293070303219	4.2148993041516195e-05	1.1059306834887122	0.667555184926831	2.6665101090497582e-05	1.1580635798424932	0.37706926686558434	1.659509515269854	0.6529359754513895	1.8638621457981484	1.4960570574333263	1.761685830534001	3.6864240121208966e-05
A924K	missense	46	0	13	12	10	0	2	5	4	28	17	3	11	2	9	13	27	0.00014759452330109283	2.942933575046278e-06	5.4039448797622264e-05	4.302769328536297e-05	2.8469161427909612e-05	1.6265452179570593e-05	3.875568416701116e-05	1.8379481147247212e-05	2.0432849483457566e-05	9.549903183740137e-05	7.731626648339847e-05	5.099569086412198e-05	0.00015877006125878198	1.126422107911238e-05	3.582778301261496e-05	6.095994496187826e-05	5.2768658432243156e-05	0.6887913657621507	3.2119809271485276e-05	1.2651764694801955	0.7737734255271296	5.290690723787616e-05	1.9255886738003463	0.7413139758238256	4.020515187146219e-05	1.7622014675799211	0.37706926686558434	1.659509515269854	0.49323513258387763	1.6018380186522772	1.650988870286821	1.6306737669610656	4.17439561269412e-05
N925W	missense	79	184	70	99	167	19	36	76	57	140	113	12	68	82	69	74	196	0.00025122472051249844	0.0005444427113835613	0.00027405720461651294	0.00033098225604125364	0.00043480173817171046	0.00032530904359141186	0.00047798677139313764	0.00023587000805633924	0.00023702105400810777	0.00046432287893357217	0.0004896696877281903	0.00016573599530839644	0.0009129278522379963	0.0003116434498554425	0.00025079448108830476	0.00032657113372434784	0.00037126520396971077	0.6035393682867236	0.0003960709775532596	0.44737431525760707	0.7116136561556565	0.00035672090718155236	1.4410180447470136	0.6502565970475301	0.0003150685671594515	1.0163756235304695	0.16711974054893564	1.181789192569721	0.7410196162946338	2.008382604759838	0.9682559945116967	1.5950858986647796	0.0003559534839647545
N925A	missense	77	157	102	132	88	24	29	158	113	150	82	22	27	150	181	64	146	0.00024494410249968596	0.00046498350485731186	0.0003975759447253638	0.0004402064005348673	0.00023034139700763232	0.0004066363044892648	0.0003875568416701116	0.0004870562504020511	0.0004658689682228325	0.0004972535795671588	0.00035651389545122633	0.0002932252224687014	0.0003704634762704913	0.000566965794315323	0.0006520656508295923	0.0002830283158944348	0.00027703545676927656	0.5710820607152914	0.0003832768117812938	0.13601907622249526	0.6000758350620696	0.0004516731734108172	0.5715175192936214	0.5379593841315584	0.0004447738044521567	0.09658016342593473	-0.020870741806453322	0.7540346009260032	0.10154407318884154	0.9591832517393054	0.26803891964735044	0.8566089263326543	0.00042657459654808923
N925H	missense	39	117	67	105	32	31	15	67	53	51	16	39	0	45	50	21	16	0.00012561236025624922	0.0003472661618554608	0.00026247732273130815	0.00035084119140372887	8.540748428372885e-05	0.000520494469746259	0.00020669698222405952	0.0002083007863354684	0.0002206747744213417	0.00017123964329465073	7.30209183454319e-05	0.0005099569086412198	1.323083843823183e-05	0.0001727180565463898	0.0001827216933643363	9.57941992258087e-05	3.203811404814763e-05	0.5416805222684474	0.0002614980400685567	-0.1460228957115685	0.5404689714442412	0.0001683090305992232	0.1068482373570169	0.4933538320321983	0.00012081801579617061	-0.26877159599081607	-0.4010819835180594	-0.11110017823393115	-1.5859461134637471	-1.8095131138251976	-0.10264875144845591	-0.9603066460295644	0.00018354169548798348
N925V	missense	230	197	152	158	135	50	29	190	91	147	86	63	25	99	125	112	230	0.0007254113804798392	0.000582700847859163	0.0005905739761454433	0.0005262617871055932	0.000351982359472337	0.0008295380611581002	0.0003875568416701116	0.0005850801498540363	0.0003759644304956192	0.00048737436937708285	0.0003736952880030926	0.0008159310538259517	0.0003440017993940276	0.0003754740359704126	0.00045143006595894854	0.0004920338414780174	0.0004353414320660061	0.5789080758545504	0.0005128797426456342	0.2110921798375669	0.5891388671023547	0.00045552855943245774	0.48625765591633885	0.6406906282206638	0.00043856984386834617	0.9380234145131632	-0.3305009092323521	0.04950039170227432	-0.375092748148854	0.17715640182341916	0.5451244167556896	0.11332839676284674	0.00046899271531547943
N925Y	missense	77	39	72	104	108	8	38	76	46	91	93	8	34	57	60	35	125	0.00024494410249968596	0.00011771734300185111	0.0002817771258733161	0.0003475313688433163	0.0002821035086947407	0.00014638906961613534	0.0005038238941711451	0.00023587000805633924	0.0001920687851445011	0.00030296244582899746	0.0004037627249688587	0.00011474030444427445	0.0004630793453381141	0.00021777494086283933	0.00021854947637695127	0.00015675414418768696	0.0002374589629450942	0.6928866002117009	0.00025728233660330605	1.3044610804461032	0.6927041651671287	0.00028366599099967414	1.2936078462208525	0.6245871249248233	0.00020763438109314293	0.806124066001497	0.5367701097330962	2.0228937035012953	0.6059394127751659	1.786754016041378	1.1347309975561508	1.9048238597713367	0.00024952756956537434
N925T	missense	75	22	17	24	101	7	22	28	18	61	47	3	3	22	12	42	107	0.00023866348448687351	6.768747222606438e-05	6.947929131122863e-05	8.274556401031341e-05	0.0002639867696042528	0.00013012361743656474	0.0002971269119470856	8.883415887836153e-05	7.764482803713875e-05	0.00020417034392823742	0.00020617671062239594	5.099569086412198e-05	5.292335375292732e-05	8.63590282731949e-05	4.657611791639945e-05	0.00018723411666862608	0.0002035362539529379	0.7805500331520242	0.0001209747742879648	2.145395562078724	0.7287039628764962	0.00014420651036653343	1.5742466709496115	0.7424776806793056	0.0001309263792027896	1.7717330526939084	0.35858586117157115	1.617452270904253	0.01611387786421517	0.8190163499252244	1.8304584285740813	1.2182343104147386	0.0001320358879524293
N925F	missense	161	118	103	220	417	41	61	134	90	156	218	92	82	89	65	107	241	0.0005087300590378094	0.00035020909543050706	0.0004014359053537654	0.0007314707858511705	0.0010818281342605653	0.0006831489915419649	0.0008009508061182307	0.0004135383258130623	0.0003718778605989277	0.0005170119999473109	0.0009406812422146815	0.001185649812590836	0.0010981595903732419	0.0003379266323733714	0.00023646336788325876	0.0004702624325630609	0.0004560719764501016	0.7480481091817383	0.000641235980224002	1.833612328531146	0.7212148160584207	0.0005607773571434956	1.5158645272994284	0.6739959293389026	0.00037518110231744817	1.2108179387093514	0.06909041124627524	0.9587327101373007	-0.03329097831364605	0.7379568884700911	1.5200982648466421	0.8483447993036959	0.0005257314798949819
N925E	missense	60	80	36	51	125	13	43	48	44	101	119	22	34	71	70	63	145	0.00019155884939078005	0.00023837761957874848	0.00014281854325085884	0.00017211077314145188	0.00032610130362878284	0.0002277163305139883	0.0005684167011161637	0.00015009909603585223	0.00018389564535111809	0.0003358931464625841	0.0005154417765559898	0.0002932252224687014	0.0004630793453381141	0.0002703413058986971	0.0002543772593895662	0.0002786740341114435	0.0002751508618252679	0.6665710344853284	0.00021985205989996052	1.0520221115314252	0.756611649922068	0.00029633241610138605	1.7918029071428314	0.6294881643500956	0.0002696358653062437	0.8462671265112174	0.39727265295387126	1.7054804126138907	0.19845408619689797	1.1181853027879458	1.2300307150618248	1.4118328577009183	0.00026194011376919676
N925P	missense	70	63	51	75	38	9	11	53	46	53	40	6	6	52	39	43	64	0.00022296193945484235	0.00018834774880296178	0.0002007179526768827	0.00025154651459135277	0.00010093611778986136	0.00016265452179570593	0.00015502273666804465	0.0001654153303252249	0.0001920687851445011	0.00017782578342136806	0.00017610927365662986	8.924245901221346e-05	9.261586906762282e-05	0.0001990012390643187	0.00014331113205045984	0.0001915883984516174	0.00012249867136056446	0.5893640337602657	0.00018538708346526464	0.3113936994848851	0.6281343736856284	0.000177854793136931	0.7902497290269297	0.5904877759238008	0.0001640998602317401	0.5268257148738553	-0.020870741806453322	0.7540346009260032	0.01611387786421517	0.8190163499252244	0.5428230477952234	0.7865254754256138	0.00017578057894464524
N925S	missense	200	102	90	317	1129	26	356	118	44	284	347	60	595	68	77	131	417	0.0006312021102876523	0.0003031221582297666	0.0003512564171845447	0.0010525235742111865	0.002924559310321624	0.000439167208848406	0.004611926415874329	0.00036452637608706974	0.00018389564535111809	0.0009385249680572204	0.0014947811520123705	0.0007776842856778602	0.007885579709186172	0.0002590770848195847	0.0002794567074983967	0.0005747651953548522	0.00078776068659563	0.8561791506681351	0.0011578653649867805	2.8708877154380192	0.7987831826774872	0.0007454320353769447	2.1205539041633408	0.7487046447469191	0.0004752649185671159	1.82273639579478	1.0212524640991278	3.1252875537317033	1.0060303025936845	2.443190540115846	2.2713926717987136	2.7842390469237746	0.0007928541063102804
N925_	nonsense	85	32	86	205	30	7	8	36	61	57	28	20	15	44	135	66	61	0.0002700665745509358	9.711680797652717e-05	0.00033581657467093834	0.0006818234474449825	8.0231273115018e-05	0.00013012361743656474	0.00011626705250103349	0.00011334013374135781	0.0002533673335948738	0.00019099806367480274	0.0001245650960010309	0.0002677273770366404	0.0002116934150117093	0.0001689633161866857	0.0004872578489715635	0.00029173687946041743	0.00011684488652853843	0.6558946870890143	0.00029874702580186653	0.9496064478696908	0.6197428516623389	0.0001705676567530163	0.7248330592635692	0.583692326040735	0.00026620073278680126	0.4711660614460468	-0.048899465406696846	0.6902578869791168	-0.10198543421377931	0.6252486239186918	0.7152018561931023	0.6577532554489043	0.0002451718051138947
N925D	missense	59	171	156	197	69	32	23	173	106	112	63	52	16	91	102	69	103	0.00018841854038437382	0.0005061845749079598	0.0006060138186590497	0.0006553448669616822	0.00018116739090487936	0.0005367599219258296	0.0003100454733360893	0.0005330049532701692	0.00043726297894599187	0.0003721169171595295	0.00027490228082986126	0.0006756929039496162	0.00022492425344994112	0.0003454361130927796	0.0003690261650299341	0.0003047997248093913	0.00019599787417690315	0.5656196795413417	0.0004871776628583928	0.0836197515904996	0.5601186577023668	0.00040432178255138797	0.26002867748860964	0.5722807044585125	0.00030381496927725206	0.3776966203868712	-0.23835468602035959	0.259170421736254	-0.47771307035829996	0.008785340834935164	0.24044834982199348	0.13397788128559457	0.00039843813822901096
N925K	missense	71	205	94	113	83	20	17	85	51	64	53	21	42	43	39	36	79	0.0002261022484612486	0.0006062443164595332	0.0003666962596981511	0.00037731977188702916	0.00021740086908585523	0.00034157449577098246	0.00023253410500206697	0.00026343922977721003	0.00021250163462795867	0.00021404955411831342	0.00023194879945019544	0.0002804762997526709	0.0005689260528439688	0.00016520857582698158	0.00014331113205045984	0.00016110842597067828	0.00015076759552069474	0.5328319013300656	0.0003919153042826422	-0.23090561376628088	0.6124010984565061	0.00023048480449341938	0.6675999323508207	0.6198569828517736	0.0001550989323422036	0.7673807785105058	-0.16699877748469139	0.4215340538447082	0.3071596526215954	1.2965405365293157	0.40135836569834854	0.859037295187012	0.0002591663470394217
N925C	missense	134	153	147	121	138	25	30	89	103	132	67	25	18	81	74	88	170	0.0004239417158648411	0.00045321177055712675	0.0005712741730034353	0.00040379835237032945	0.0003597466762254033	0.0004229017566688354	0.00040047540305911534	0.0002756922172087082	0.00042500326925591734	0.00043797831842670287	0.0002920836733817276	0.00033147199061679287	0.0002513859303264048	0.0003078887094957384	0.0002687083725946122	0.0003875310786862261	0.000322265735425485	0.5936896430624912	0.0004470077430390737	0.3528882416708896	0.6304297652321954	0.00035768936956826397	0.8081436069626179	0.6407371883097981	0.00032159847405051546	0.9384047753456873	-0.023663641990623423	0.7476796202758506	-0.12010586915377379	0.595518091108702	0.699812207993065	0.6715988556922763	0.0003754318622192844
N925L	missense	286	668	460	319	292	72	79	393	291	335	248	107	70	249	272	203	387	0.0009012686848385881	0.00196882256170596	0.0017794418496931332	0.0010591432193320116	0.0007583149362161379	0.0011873780091086533	0.0010334849111202976	0.001206919262002567	0.0011932784098339219	0.0011064715412885124	0.001069541686353679	0.0013768836533312935	0.0009393895291144599	0.0009386850899260317	0.0009780984762443885	0.0008882734837302261	0.0007312228382753695	0.5272628810885572	0.0013914306417368105	-0.2843279016338175	0.6113713778043721	0.0011440527248696702	0.6595726763104728	0.5998248240386912	0.0008840699720440039	0.6033028975558519	-0.060284860982590484	0.664351494409403	-0.16605152890365932	0.5201341972234805	0.32618255741083574	0.5922428458164417	0.0011398511128834948
N925G	missense	199	202	184	135	230	41	40	201	148	213	143	46	50	144	119	132	325	0.0006280618012812461	0.0005974155157343943	0.0007140927162542942	0.0004501358682161049	0.0005978523899861019	0.0006831489915419649	0.0005296610169491525	0.0006187758652906562	0.0006088989146070355	0.000704716993558755	0.0006185301318671878	0.0005991993676534333	0.0006747727603498234	0.0005444373521570983	0.00042993339615137957	0.0005791194771378435	0.000614377951746831	0.6110856846802399	0.0005898741225477238	0.5197643352667185	0.6296591429593985	0.0006377304763309086	0.8021361696238449	0.6457005137312182	0.0005419670442982881	0.9790580032495682	-0.11051742153224313	0.5500520460760867	0.05158619602643401	0.8772164385246745	0.7669861693800438	0.7136342423003805	0.0005898572143923068
N925N	silent	72	62	44	45	92	4	3	58	60	49	35	10	1	44	31	20	64	0.00022924255746765483	0.0001854048152279155	0.00017369822827807157	0.00015225183777897667	0.000240693819345054	8.132726089785297e-05	5.167424555601488e-05	0.0001807315646145976	0.0002492807636981823	0.0001646535031679334	0.00015463253296679695	0.00014023814987633546	2.646167687646366e-05	0.0001689633161866857	0.00011464890564036788	9.14399174428174e-05	0.00012249867136056446	0.6490045328399834	0.00018801217515750443	0.8835108353955363	0.5978205139627888	0.00018732459111187754	0.5539360132030066	0.5841491664766147	0.00012438770265760886	0.47490791529979137	-0.19696200086213458	0.3533555683194792	-0.7242488116300287	-0.39571041045283956	0.6374515879661115	-0.02117742106668019	0.0001665748229756636
N925R	missense	196	105	88	105	140	12	22	115	62	193	96	22	10	127	115	149	270	0.0006186408742620274	0.0003119509589549054	0.00034353649592774155	0.00035084119140372887	0.00036492288739411414	0.0002114508783344177	0.0002971269119470856	0.0003553366355134461	0.0002574539034915653	0.0006388555922915816	0.0004166487693827585	0.0002932252224687014	0.00014553922282055013	0.0004806067660421282	0.00041560228294633357	0.0006531422674486957	0.0005107252298263534	0.6401522602446494	0.0003428128834201225	0.7985930878633878	0.6673589745866978	0.0004170737251698378	1.0960277221756627	0.6448958247722495	0.0005150191365658777	0.9724670182016181	0.147732495856678	1.1376753479083943	-0.30422127299515267	0.29343654213610765	0.9556959427468895	0.715555945022251	0.00042496858171861264
N925I	missense	94	38	24	51	103	11	30	58	35	102	104	11	12	40	48	85	213	0.0002983293556085919	0.00011477440942680483	9.649901571003975e-05	0.00017211077314145188	0.00026916298077296364	0.0001951854261548471	0.00040047540305911534	0.0001807315646145976	0.00014711651628089448	0.0003391862165259428	0.00045101155448649114	0.00015298707259236595	0.0001720008996970138	0.0001539443547478692	0.00017555613676181332	0.00037446823333725217	0.0004033033180178584	0.7282066126339743	0.00016313679476281503	1.6432775668800956	0.7371275201000569	0.0002795114629769815	1.6399130732538776	0.7319056372017786	0.0002768180107161983	1.685140364040688	0.3121284599325697	1.5117428411138158	0.050875984123427136	0.8760511807174356	1.6561103347248871	1.1938970109156257	0.0002398220894853316
N925M	missense	83	3	16	25	42	0	7	24	29	29	42	6	5	16	29	37	77	0.00026378595653812334	1.1771734300185111e-05	6.561933068282704e-05	8.605538657072594e-05	0.00011128854012728304	1.6265452179570593e-05	0.00010334849111202976	7.658117144686338e-05	0.00012259709690074538	9.879210190076005e-05	0.00018469996993256303	8.924245901221346e-05	7.938503062939099e-05	6.383058611497015e-05	0.00010748334903784489	0.00016546270775366956	0.00014699840563267737	0.7701337120443823	6.868374792025529e-05	2.0454742688168377	0.7028355783018617	0.00012066758504523296	1.3725879532183185	0.7044488105053788	0.00012094376213479048	1.4602490787767983	0.8030379991378654	2.6287611435605904	-0.050832911766397974	0.709175513751728	1.6261037669373184	1.6689683286561592	0.00010343169836675957
N925Q	missense	22	56	20	41	55	2	13	23	11	30	27	9	6	16	17	45	64	7.22271071473433e-05	0.00016774721377763784	8.10591731964334e-05	0.00013901254753732653	0.00014493391272390349	4.8796356538711774e-05	0.0001808598594460521	7.351792458898885e-05	4.9038838760298155e-05	0.00010208517196411871	0.0001202697478630643	0.00012748922716030494	9.261586906762282e-05	6.383058611497015e-05	6.449000942270693e-05	0.0002002969620176	0.00012249867136056446	0.6225395418169208	0.00013318821180882532	0.629638465116114	0.695054818542906	8.62279207941175e-05	1.3119325214328788	0.7113999088109303	0.0001127790572289604	1.517183605450855	0.5689547931044975	2.0961269114819516	-0.13878808212152793	0.5648658386964207	1.1529181973332825	1.330496375089186	0.00011073172994396773
Q926T	missense	93	134	107	114	188	25	39	119	60	103	86	29	29	41	51	52	115	0.00029518904660218566	0.0003972960326312475	0.00041687574786737175	0.0003806295944474417	0.0004891519554431743	0.0004229017566688354	0.0005167424555601488	0.00036758962294494425	0.0002492807636981823	0.00034247928658930147	0.0003736952880030926	0.0003824676814809149	0.00039692515314695493	0.00015769909510757332	0.0001863044716655978	0.00023077693449853913	0.00021861301350500738	0.6427648639882833	0.0004209883325973088	0.8236551747697923	0.635456841414618	0.00033326124030888017	0.8473325147183388	0.6607978439755062	0.00019834837869417941	1.102716066150789	0.08703465550306623	0.9995631435626912	0.01611387786421517	0.8190163499252244	0.9245679185463068	0.9092897467439578	0.00031753265053345613
Q926E	missense	76	49	16	53	201	15	32	39	39	99	110	13	60	47	51	28	122	0.00024180379349327975	0.0001471466787523139	6.561933068282704e-05	0.00017873041826227696	0.0005227973280397947	0.0002602472348731295	0.0004263125258371228	0.0001225298743149814	0.00016346279586766053	0.0003293070063358668	0.0004767836433142906	0.00017848491802442692	0.0008070811447321417	0.00018022753726579807	0.0001863044716655978	0.00012627417170674784	0.00023180517811306815	0.7945383769795636	0.00022857343893430317	2.2795824205094064	0.7656263486441488	0.00027302082995819983	1.862077592436141	0.6413367958284165	0.00018115283968780298	0.9433159949489954	0.21434196936788455	1.2892389152996688	0.6553156771967442	1.8677665664730683	1.6949920026315144	1.5785027408863685	0.00022758236952676869
Q926V	missense	195	109	66	112	196	29	54	89	50	97	98	11	18	60	98	81	158	0.0006155005652556211	0.0003237226932550905	0.00025861736210290657	0.0003740099493266166	0.0005098568001180176	0.00048796356538711777	0.0007105208763952046	0.0002756922172087082	0.00020841506473126716	0.00032272086620914947	0.0004252394656586916	0.00015298707259236595	0.0002513859303264048	0.0002290391619419517	0.0003546950518248881	0.00035705110620528696	0.0002996505960973808	0.6824437133975101	0.00036655170120065777	1.2042849486738296	0.6821141084830555	0.00030801690345195413	1.211052352836624	0.646584182027454	0.00031010897901737684	0.9862958862389194	0.16318944692050327	1.1728461805352515	0.21568623276941928	1.1464584044412693	1.133877729249791	1.1596522924882604	0.0003282258612233296
Q926_	nonsense	69	471	376	370	72	50	16	339	203	175	55	82	20	206	222	84	53	0.0002198216304484361	0.001389064647421843	0.0014552051569073996	0.001227944169913051	0.00018893170765794563	0.0008295380611581002	0.00021961554361306325	0.001041503931677342	0.0008336602589250686	0.0005795803311511256	0.0002405394957261286	0.0010581605854305311	0.00027784760720286846	0.0007772312544587542	0.0007989595611813137	0.0003701139515542609	0.00010176812697646895	0.512716236077526	0.00106528642047506	-0.4238704106543428	0.5017767506876653	0.0006738210043699162	-0.1947795508581845	0.47514968222920867	0.0005120182235426994	-0.4178767599487298	-0.5771732425737406	-0.511779210840455	-0.5807449197779395	-0.1602609204600194	-0.3455089071537523	-0.3360200656502372	0.0007503752161292253
Q926A	missense	103	224	191	111	42	56	16	138	97	107	38	113	24	71	75	55	82	0.00032659213666624793	0.0006621600543854125	0.0007411124406531053	0.00037070012676620405	0.00011128854012728304	0.0009271307742355238	0.00021961554361306325	0.00042579131324456046	0.00040048384987576827	0.0003556515668427361	0.0001675185773806967	0.0014533771896274765	0.00033077096095579576	0.0002703413058986971	0.00027229115089587373	0.00024383977984751304	0.0001564213803527208	0.49086560939731405	0.0004713152904830012	-0.6334782802569476	0.5490752398259459	0.00033736132683594036	0.1739389766839604	0.5759208752432978	0.00023572340424870116	0.4075122540514041	-0.6254779221482957	-0.621691948054633	-0.6428509648002199	-0.2621594574072886	-0.0173423498405277	-0.44192570273096077	0.00034813334052254753
Q926P	missense	58	24	10	10	31	1	1	12	15	24	30	0	0	24	37	26	60	0.0001852782313779676	7.357333937615695e-05	4.245956691241749e-05	3.64080481645379e-05	8.281937869937342e-05	3.2530904359141185e-05	2.583712277800744e-05	3.982220915236896e-05	6.53851183470642e-05	8.23267515839667e-05	0.00013315579227696404	1.2748922716030496e-05	1.323083843823183e-05	9.386850899260315e-05	0.00013614557544793687	0.00011756560814076522	0.00011496029158452974	0.6365226603073975	5.8815083288121434e-05	0.7637751981299957	0.7407435926145174	8.017246784009099e-05	1.668102407782502	0.6370787883206502	0.00011563499604145874	0.9084398313022178	-0.10005198785407819	0.5738651522146992	0.01611387786421517	0.8190163499252244	1.1134391457382384	0.6964407510699618	8.487418238989038e-05
Q926Q	silent	41	197	99	108	65	27	17	122	74	92	61	47	19	90	74	39	100	0.00013189297826906167	0.000582700847859163	0.000385996062840159	0.00036077065908496646	0.0001708149685674577	0.0004554326610279766	0.00023253410500206697	0.0003767793635185679	0.0003064927422518635	0.00030625551589235614	0.0002663115845539281	0.0006119482903694638	0.0002646167687646366	0.0003416813727330755	0.0002687083725946122	0.00017417127131965217	0.0001903440893448771	0.5199462010156142	0.0003750706345879365	-0.354515074985797	0.5919901447562192	0.00031395980155417893	0.5084849810867715	0.5546663659791193	0.00024372627649805426	0.23342243810406077	-0.29193751409299135	0.13724775600260172	-0.3640973638473909	0.19519673224681222	0.12913078140167844	0.16622224412470699	0.0003109189042133899
Q926R	missense	151	70	49	87	79	28	18	116	45	76	74	19	14	57	37	67	115	0.00047732696897374703	0.00020894828382828572	0.0001929980314200795	0.0002912643853163032	0.00020704844674843356	0.0004716981132075472	0.0002454526663910707	0.00035839988237132067	0.0001879822152478096	0.0002535663948786174	0.0003221511103474937	0.0002549784543206099	0.00019846257657347746	0.00021777494086283933	0.00013614557544793687	0.0002960911612434087	0.00021861301350500738	0.6378528050690933	0.0002250647868282755	0.7765349607602644	0.6201918109217722	0.0002805249007113103	0.728332951122286	0.648378883508923	0.00021715617276479805	1.0009957904665805	-0.2836963848002052	0.15599966754169017	-0.10882485874408475	0.6140270535715644	0.8352879007830435	0.38501336055662727	0.00024091528676812795
Q926K	missense	51	54	33	53	46	19	28	72	38	89	53	19	16	38	56	48	79	0.00016329606833312397	0.00016186134662754526	0.00013123866136565408	0.00017873041826227696	0.0001216409624647047	0.00032530904359141186	0.0003746382802811079	0.0002236170206248411	0.00015937622597096901	0.0002963763057022801	0.00023194879945019544	0.0002549784543206099	0.00022492425344994112	0.00014643487402846094	0.0002042183631719053	0.00021335980736657392	0.00015076759552069474	0.6095886851113227	0.00014836784718004524	0.5054039741187738	0.6472199267545474	0.00022782958793707143	0.9390324312465612	0.6288717487977598	0.0001786951600219087	0.841218236945271	0.06131601438089673	0.9410428041656814	-0.05446719642149207	0.7032126756886837	0.761884880770202	0.8221277399271826	0.00018496419837967513
Q926C	missense	97	52	43	50	27	12	13	63	50	54	46	13	2	28	55	41	49	0.00030775028262781056	0.0001559754794774527	0.00016983826764966996	0.00016880095058103935	7.246695636195174e-05	0.0002114508783344177	0.0001808598594460521	0.00019604779890397027	0.00020841506473126716	0.00018111885348472674	0.00020188136248442935	0.00017848491802442692	3.9692515314695496e-05	0.00010888747043141967	0.00020063558487064378	0.0001828798348856348	9.422974720043421e-05	0.5695487954403057	0.00014177041351752843	0.12131082677368357	0.623445082576112	0.0001968657699010984	0.7536940473419941	0.6118467683726222	0.0001466581593470331	0.7017713237335639	-0.06786730448267682	0.6470983601953559	-0.6528929030943603	-0.2786354513289846	0.5255920659497472	0.18423145443318567	0.00016176478092188665
Q926D	missense	114	47	45	68	39	15	8	38	15	29	29	19	1	37	35	29	26	0.0003611355357367165	0.00014126081160222131	0.00017755818890647314	0.000228377756668465	0.00010352422337421678	0.0002602472348731295	0.00011626705250103349	0.00011946662745710689	6.53851183470642e-05	9.879210190076005e-05	0.00012886044413899745	0.0002549784543206099	2.646167687646366e-05	0.00014268013366875682	0.00012898001884541387	0.00013062845348973912	5.0884063488234475e-05	0.6130151787811656	0.00016268024513784409	0.5382735136909734	0.64366296751849	0.00010312607296098215	0.9113039182234025	0.5494935224679335	0.00011329316737303607	0.19105310538535678	-0.349929461070678	0.005292556530486562	-0.9838861221357849	-0.8217021487444849	0.5468768457665776	-0.40820479610699917	0.00012636649515728742
Q926S	missense	185	229	120	144	230	37	32	168	107	117	123	28	23	137	97	82	184	0.0005840974751915588	0.0006768747222606438	0.0004670552360365924	0.0004799242712598178	0.0005978523899861019	0.0006180871828236825	0.0004263125258371228	0.0005176887189807965	0.0004413495488426834	0.00038858226747632283	0.0005326231691078562	0.00036971875876488436	0.00031754012251756396	0.0005181541696391694	0.00035111227352362665	0.00036140538798827825	0.00034865006464160657	0.6123859379300887	0.000555426654885789	0.5322373557266521	0.6244705519445092	0.0004700609261019147	0.761688162216352	0.5855670001587949	0.0003948304739481702	0.4865209994555705	-0.16132164459300083	0.4344518336778456	-0.0660728783231349	0.684171018702982	0.5934821724661915	0.5593114261904139	0.00047343935164529126
Q926F	missense	146	206	138	80	55	20	7	111	37	78	70	17	3	71	65	49	79	0.00046162542394171584	0.0006091872500345795	0.0005365345273478211	0.0002680956273934154	0.00014493391272390349	0.00034157449577098246	0.00010334849111202976	0.00034308364808194797	0.0001552896560742775	0.0002601525350053348	0.00030496971779562734	0.0002294806088885489	5.292335375292732e-05	0.0002703413058986971	0.00023646336788325876	0.00021771408914956524	0.00015076759552069474	0.49178448213350645	0.0003896878293749299	-0.624663752440973	0.6238858778175076	0.0002658738892392969	0.7571302960534446	0.5710932976073128	0.00021882158961305395	0.3679708987712527	-0.5191812955960539	-0.37982401136833965	-0.6370986359111285	-0.2527215049885242	0.16681248079457478	-0.3162727581784319	0.0002914611027424269
Q926L	missense	261	119	81	181	275	22	70	135	83	219	168	24	49	116	138	128	273	0.0008227609596784324	0.0003531520290055533	0.0003165167715289304	0.0006023877059950816	0.0007143171412820957	0.0003741054001301236	0.0009172178586192641	0.0004166015726709368	0.0003432718713220871	0.000724475413938907	0.0007259138353163523	0.0003187230679007624	0.0006615419219115915	0.0004393046220853828	0.000498006183875348	0.0005617023500058783	0.0005163790146583795	0.7111725003755195	0.0004965934119529153	1.4798733756264055	0.6990375982542772	0.0005525656733120708	1.3429805463794728	0.6432916846252101	0.0005038480426562471	0.9593279492407323	0.38947852484740425	1.687745610066292	0.3171438735281963	1.3129218324655807	1.2607272904155369	1.5003337212659362	0.0005176690426404111
Q926M	missense	52	23	10	79	84	3	31	23	3	45	60	5	52	22	30	27	102	0.0001664363773395302	7.063040580111066e-05	4.245956691241749e-05	0.0002647858048330029	0.00021998897467021065	6.506180871828237e-05	0.00041339396444811904	7.351792458898885e-05	1.634627958676605e-05	0.00015148122291449873	0.0002620162364159615	7.649353629618297e-05	0.000701234437226287	8.63590282731949e-05	0.00011106612733910638	0.00012191988992375652	0.00019411327923289447	0.7651658866077556	0.0001494661880541854	1.9978190998567662	0.798987693542339	0.0001258404158765538	2.1221481822540023	0.7063397357064216	0.0001283645811922381	1.475737124919296	0.8030379991378654	2.6287611435605904	0.9622384970813606	2.3713405147216298	1.8652348023433547	2.5000508291411103	0.00013455706170765908
Q926W	missense	68	103	56	70	101	21	23	54	48	91	81	18	16	31	38	49	97	0.0002166813214420299	0.0003060650918048129	0.00022001775581889066	0.00023499740178929007	0.0002639867696042528	0.000357839947950553	0.0003100454733360893	0.00016847857718309945	0.00020024192493788413	0.00030296244582899746	0.0003522185473132597	0.00024222953160457942	0.00022492425344994112	0.00012015169151053205	0.00013972835374919835	0.00021771408914956524	0.00018469030451285105	0.6114331650312552	0.0002562667547543116	0.5230976317058105	0.7048343925547091	0.0002559753738158102	1.3881698430750005	0.6762622595454132	0.0001655711097305367	1.2293808235834933	-0.062263426964678306	0.6598494543427781	-0.032190801710339896	0.7397619685749391	1.0468827661214348	0.6998057114588586	0.0002259377461002195
Q926G	missense	191	98	132	199	169	26	42	80	64	111	94	38	22	66	65	73	162	0.0006029393292299963	0.0002913504239295815	0.0005133747635774115	0.0006619645120825073	0.0004399779493404213	0.000439167208848406	0.0005554981397271599	0.0002481229954878374	0.0002656270432849483	0.0003688238470961708	0.0004080580731068253	0.0004972079859251893	0.0003043092840793321	0.00025156760410017647	0.00023646336788325876	0.00032221685194135655	0.0003071889758734155	0.6639732529598991	0.00047666691223248036	1.0271022106422043	0.6814647838422935	0.00032265798974394545	1.2059904992806116	0.653258600332412	0.0002793591999495518	1.0409642034333328	0.10205270356652102	1.033735293855515	-0.21322289314469112	0.4427392673057328	1.0913523044520497	0.738237280580624	0.0003595613673086592
Q926N	missense	61	114	77	51	18	10	24	44	30	34	28	13	7	28	32	16	22	0.0001946991583971863	0.0003384373611303219	0.00030107692901532404	0.00017211077314145188	4.917400610275297e-05	0.0001789199739752765	0.000322964034725093	0.0001378461086043541	0.0001266836667974369	0.00011525745221755339	0.0001245650960010309	0.00017848491802442692	0.00010584670750585465	0.00010888747043141967	0.00011823168394162938	7.402279031085218e-05	4.3345683712199736e-05	0.48025713020590616	0.00021519976734746268	-0.7352429003558436	0.6122932942933055	0.00012608808090509383	0.6667595378045583	0.5376114285621314	8.612190709902523e-05	0.09373015544473452	0.2564953356597344	1.3851549199753246	-0.22692417082207927	0.42025932756503176	0.008415597631149746	0.9027071237701781	0.00014246991845052724
Q926Y	missense	103	87	83	95	53	13	9	86	26	81	44	14	20	41	38	36	44	0.00032659213666624793	0.0002589781546040724	0.0003242366927857336	0.00031774296579960347	0.00013975770155519264	0.0002277163305139883	0.0001291856138900372	0.0002665024766350846	0.00011033738721067085	0.00027003174519541075	0.0001932906662084962	0.00019123384074045744	0.00027784760720286846	0.00015769909510757332	0.00013972835374919835	0.00016110842597067828	8.480677248039078e-05	0.5812614517399917	0.00026017887868615055	0.23366755549799176	0.6160819202639731	0.00021004056881241561	0.6962940243127522	0.5796103879757928	0.0001358356618269602	0.4377320339838416	-0.24618002353231616	0.24136460513340458	0.1622419135424532	1.0587713212367769	0.45589787126486186	0.6500679631850907	0.00020201836977517545
Q926H	missense	43	5	13	4	3	0	3	9	6	17	17	0	0	7	3	9	16	0.00013817359628187414	1.7657601450277664e-05	5.4039448797622264e-05	1.654911280206268e-05	1.0352422337421678e-05	1.6265452179570593e-05	5.167424555601488e-05	3.063246857874535e-05	2.860598927684059e-05	5.9275261140456025e-05	7.731626648339847e-05	1.2748922716030496e-05	1.323083843823183e-05	3.003792287763301e-05	1.4331113205045985e-05	4.354281782991304e-05	3.203811404814763e-05	0.549687213943375	2.464964634684607e-05	-0.0692166050221424	0.7339725005338229	4.895749636986011e-05	1.6153179077417739	0.6616947556708979	2.9987491990184916e-05	1.1100624221654587	0.5020080034738842	1.9437958131119601	0.01611387786421517	0.8190163499252244	0.88538790829503	1.3814060815185922	3.4531544902297036e-05
Q926I	missense	94	71	32	51	45	4	17	39	25	39	40	6	6	12	31	33	46	0.0002983293556085919	0.00021189121740333198	0.00012737870073725247	0.00017211077314145188	0.0001190528568803493	8.132726089785297e-05	0.00023253410500206697	0.0001225298743149814	0.00010625081731397933	0.00013172280253434673	0.00017610927365662986	8.924245901221346e-05	9.261586906762282e-05	4.881162467615364e-05	0.00011464890564036788	0.00014804558062170436	8.857596236840816e-05	0.5786463815563533	0.0001576083870405964	0.20858180861869835	0.6683762934866927	0.00013415319195498433	1.1039582995298414	0.6727057390987732	0.00010002051832665851	1.2002503467386565	0.4562505129132091	1.8396789639811575	0.01611387786421517	0.8190163499252244	0.8375968182957321	1.329347656953191	0.00013059403244074642
F927G	missense	162	272	213	258	228	47	38	277	175	191	146	54	16	204	198	128	284	0.0005118703680442155	0.0008034208659876338	0.0008260315744779403	0.0008572440431468469	0.000592676178817391	0.0007807417046193884	0.0005038238941711451	0.0008515826264891209	0.0007192363018177063	0.0006322694521648642	0.0006314161762810876	0.0007011907493816772	0.00022492425344994112	0.0007697217737393459	0.0007129728819510378	0.0005617023500058783	0.000537109559042475	0.6006029206786725	0.000769843165607453	0.4192056711115487	0.59203717592832	0.0007086261391881947	0.5088516157265135	0.5838850950626138	0.0006453766411846843	0.47274497927106524	-0.19022861820316614	0.3686767447619278	-0.49379989025175475	-0.017608602149023985	0.4669340887030425	0.1755340713064519	0.0007079486486601107
F927V	missense	132	268	136	169	171	51	37	207	163	193	127	72	56	229	185	114	185	0.0004176610978520286	0.0007916491316874487	0.0005288146060910178	0.0005626698352701312	0.00044515416050913215	0.0008458035133376708	0.0004909053327821414	0.0006371553464379034	0.0006701974630574082	0.0006388555922915816	0.0005498045616597225	0.0009306713582702262	0.0007541577909792144	0.0008635902827319491	0.0006663967640346383	0.0005007424050440001	0.00035053465958561524	0.5710102337298326	0.0005820719333894325	0.13533005701849982	0.6103068559039435	0.0006240032408616539	0.6512741248173188	0.535508602328552	0.0005953160278490507	0.07650648646122817	-0.2362717348720671	0.2639099803920336	-0.09133412658374936	0.6427244213823039	0.2877035560990156	0.45331720088716876	0.000600463734033379
F927R	missense	198	247	222	207	184	30	31	235	167	216	126	39	51	187	216	136	249	0.0006249214922748399	0.0007298475266114768	0.0008607712201335546	0.0006884430925658075	0.0004787995331057526	0.0005042290175666884	0.00041339396444811904	0.0007229262584583904	0.0006865437426441742	0.0007145962037488309	0.000545509213521756	0.0005099569086412198	0.0006880035987880552	0.0007058911876243757	0.0007774628913737447	0.0005965366042698087	0.00047114873600217106	0.5830529990855755	0.0006894653431041478	0.2508534434771272	0.6013914389608954	0.0006673938545932878	0.5817733972559292	0.581627794768465	0.000637759854817525	0.45425605591546764	-0.08626370336844484	0.60523909160632	0.13005723017105197	1.0059653158554915	0.42896096554950797	0.8056022037309057	0.0006648730175049869
F927M	missense	82	68	57	51	45	13	4	74	53	46	23	9	0	46	49	29	53	0.0002606456475317171	0.00020306241667819314	0.00022387771644729224	0.00017211077314145188	0.0001190528568803493	0.0002277163305139883	6.45928069450186e-05	0.00022974351434059016	0.0002206747744213417	0.0001547742929778574	0.00010308835531119797	0.00012748922716030494	1.323083843823183e-05	0.00017647279690609393	0.0001791389150630748	0.00013062845348973912	0.00010176812697646895	0.5721184322012351	0.00017952594078682161	0.14596074162480946	0.5463119513727002	0.0001770702342627468	0.1523975771970507	0.5670449348101302	0.0001470020731088442	0.3348118770554518	-0.5472100191962973	-0.4436007253152257	-0.9838861221357849	-0.8217021487444849	0.211056731959104	-0.6326514370298553	0.00016786608271947086
F927P	missense	66	145	179	78	143	7	56	53	40	99	94	6	55	62	40	45	103	0.00021040070342921743	0.00042966830195675655	0.0006947929131122863	0.00026147598227259036	0.0003726872041471804	0.00013012361743656474	0.000736357999173212	0.0001654153303252249	0.00016754936576435204	0.0003293070063358668	0.0004080580731068253	8.924245901221346e-05	0.0007409269525409825	0.00023654864266135997	0.00014689391035172135	0.0002002969620176	0.00019599787417690315	0.5820502217701466	0.00043965610037220346	0.24123403896992324	0.7289032419323616	0.0002675824438830673	1.5758001641242845	0.6140589359423866	0.0001949343473018961	0.7198905774071372	0.7527328808264696	2.5142965968916773	0.9192038648561588	2.3007327975462935	0.8456415935004483	2.4075146972189856	0.0003007242971857223
F927E	missense	45	30	26	89	253	11	109	37	30	128	88	14	179	33	36	49	113	0.0001444542142946866	9.12309408264346e-05	0.00010421893696684294	0.0002978840304371283	0.0006573788184262765	0.0001951854261548471	0.0014210417527904093	0.00011640338059923235	0.0001266836667974369	0.00042480603817326816	0.0003822859842790258	0.00019123384074045744	0.0023815509188817295	0.0001276611722299403	0.00013256279714667535	0.00021771408914956524	0.00021484382361699	0.8305366081427644	0.00028767818166417056	2.6249048981669403	0.7554265879357135	0.00026254476746224076	1.782564677368148	0.6875556280952924	0.00017319547053579271	1.321881686710336	0.862159451256522	2.7632864253277325	1.09529512391184	2.5896489837329897	1.9097837540818083	2.676467704530361	0.00024113947322073468
F927_	nonsense	59	533	471	415	60	103	26	387	306	170	54	142	27	194	223	96	72	0.00018841854038437382	0.0015715265290747122	0.0018219014166055505	0.001376886185131615	0.00015787444064568057	0.0016916070266753415	0.00034880115750310044	0.0011885397808553198	0.0012545769582842944	0.0005631149808343322	0.00023624414758816203	0.0018230959483923608	0.0003704634762704913	0.0007321743701423047	0.0008025423394825751	0.00042236533295015655	0.00013757543091263394	0.5061436639239866	0.0012320471428643894	-0.48691953355022877	0.48820835442642385	0.0008106189668905272	-0.3005528891127505	0.4958635032450946	0.0005236643683719177	-0.24821557213201959	-0.6857215629938712	-0.7587706643074787	-0.6920641282586274	-0.342904405071554	-0.34522933159833297	-0.5508375346895164	0.0008554434927089447
F927F	silent	123	173	106	69	51	28	11	124	117	83	38	20	9	125	124	56	144	0.0003893983167943726	0.0005120704420580523	0.00041301578723897017	0.00023168757922887754	0.00013458149038648182	0.0004716981132075472	0.00015502273666804465	0.00038290585723431696	0.00048221524780959856	0.0002766178853221281	0.0001675185773806967	0.0002677273770366404	0.0001323083843823183	0.00047309728532271995	0.00044784728765768703	0.00024819406163050433	0.0002732662668812592	0.497827886317255	0.00032283882472809543	-0.5666908121385252	0.5436791790409289	0.00032731439193668514	0.1318736248423287	0.5557453232683792	0.0003606012253730426	0.24225987930619045	-0.4832687397054094	-0.29810838147360924	-0.30610541686970416	0.29034519242697576	-0.06418576933000204	-0.0038815945233167393	0.0003369181473459411
F927S	missense	211	85	62	105	193	33	21	123	90	115	102	101	14	66	62	77	148	0.0006657455093581208	0.0002530922874539799	0.00024317751958930018	0.00035084119140372887	0.0005020924833649514	0.0005530253741054002	0.00028420835055808184	0.0003798426103764424	0.0003718778605989277	0.0003819961273496055	0.00044242085821055797	0.0013003901170351106	0.00019846257657347746	0.00025156760410017647	0.00022571503297947427	0.00033963397907332176	0.00028080464665729396	0.7041822982104542	0.0003373008704529901	1.4128180272670954	0.6406912876977051	0.00039403436413388334	0.8881379899282493	0.6479600719914326	0.0002744303157025666	0.997565420981672	-0.28910822407412706	0.14368553828549957	-0.8163950348420211	-0.5468964234593037	1.0995071460590056	-0.20160544258690205	0.0003352551834298133
F927W	missense	75	8	10	31	71	3	24	32	15	61	63	3	14	39	34	45	184	0.00023866348448687351	2.6486402175416498e-05	4.245956691241749e-05	0.00010591432193320116	0.0001863436020735902	6.506180871828237e-05	0.000322964034725093	0.00010108714630985967	6.53851183470642e-05	0.00020417034392823742	0.00027490228082986126	5.099569086412198e-05	0.00019846257657347746	0.00015018961438816505	0.00012539724054415238	0.0002002969620176	0.00034865006464160657	0.8129223774634979	9.030097327365633e-05	2.4559357687500043	0.7528436712858697	0.00016138622235375565	1.7624293783079568	0.7266151499650914	0.000206133470397881	1.6418074440537325	0.6958280294899971	2.3848149809024006	0.590145145591934	1.7608400697009174	1.9533908637038977	2.0728275253016593	0.00015260688867509763
F927L	missense	253	332	230	236	158	31	44	314	267	265	108	73	33	214	237	141	335	0.0007976384876271825	0.0009799968804904105	0.0008916509051607673	0.0007844279468177711	0.0004115087879125117	0.000520494469746259	0.0005813352625051674	0.0009649227602304787	0.0010952007323133254	0.0008759566368534057	0.00046819294703835744	0.0009434202809862567	0.00044984850689988224	0.0008072691773363872	0.0008527012357002361	0.0006183080131847653	0.0006332239011869179	0.5511353996918036	0.0007668961300953652	-0.05532450325501754	0.5622320647956751	0.0008510682691088918	0.2765038834780349	0.5925198159794487	0.0007278755818520767	0.5434695938215377	0.04801054760135953	0.9107674708743371	-0.3216389248245059	0.2648590785762995	0.254882991348185	0.5878132747253183	0.0007819466603521114
F927Y	missense	113	37	31	52	65	41	11	77	73	44	41	116	14	31	24	27	68	0.00035799522673031026	0.00011183147585175854	0.0001235187401088509	0.00017542059570186443	0.0001708149685674577	0.0006831489915419649	0.00015502273666804465	0.00023893325491421377	0.000302406172355172	0.00014818815285114005	0.00018040462179459645	0.001491623957775568	0.00019846257657347746	0.00012015169151053205	8.95694575315374e-05	0.00012191988992375652	0.00013003705113659922	0.6741871408998414	0.0001453964450574829	1.12508161062847	0.5776106864798152	0.00021748305047878053	0.3963889547839289	0.6417883511801112	0.0001154195225256063	0.9470145601376568	-0.6441200322043538	-0.664110309210446	-0.8759807248262652	-0.6446597672724513	0.822828375183352	-0.6543850382414487	0.00015943300602062324
F927A	missense	134	129	109	113	211	26	44	128	76	142	128	18	81	111	108	76	170	0.0004239417158648411	0.0003825813647560161	0.00042459566912417496	0.00037731977188702916	0.0005486783838833489	0.000439167208848406	0.0005813352625051674	0.0003951588446658151	0.0003146658820452465	0.0004709090190602895	0.0005540999097976891	0.00024222953160457942	0.0010849287519350101	0.00042053092028686214	0.0003905228348375031	0.00033527969729033047	0.000322265735425485	0.6575280994989737	0.0004332937974126423	0.9652753849873664	0.6706143396211532	0.0004337084138922601	1.1214051374797203	0.5952064137862136	0.0003671497969600452	0.5654747745524099	0.12179676176227827	1.0786610339520262	0.6511741292951029	1.8609714522177188	0.8840517656731656	1.4698162430848725	0.00041138400275498254
F927H	missense	54	47	22	40	28	14	7	43	15	89	26	23	8	49	38	31	102	0.00017271699535234268	0.00014126081160222131	8.877909445323657e-05	0.000135702724976914	7.505506194630717e-05	0.00024398178269355888	0.00010334849111202976	0.00013478286174647955	6.53851183470642e-05	0.0002963763057022801	0.00011597439972509772	0.0003059741451847319	0.00011907754594408647	0.0001877370179852063	0.00013972835374919835	0.00013933701705572175	0.00019411327923289447	0.5819832088335696	0.00011019942324466977	0.2405911997929373	0.6606245869345622	0.00015312967138023039	1.0435293539564592	0.6285438422699292	0.00016522891700575522	0.8385324451272419	-0.37305325991781585	-0.04732346428704485	-0.409854854408066	0.12012157103120794	0.7075509996255461	0.03639905337208155	0.00014285267054355182
F927D	missense	75	116	65	60	15	12	10	85	41	61	17	10	1	45	52	30	50	0.00023866348448687351	0.0003443232282804145	0.00025475740147450494	0.00020189917618516472	4.140968934968671e-05	0.0002114508783344177	0.00014210417527904092	0.00026343922977721003	0.00017163593566104355	0.00020417034392823742	7.731626648339847e-05	0.00014023814987633546	2.646167687646366e-05	0.0001727180565463898	0.0001898872499668593	0.00013498273527273044	9.61143421444429e-05	0.48231083313326073	0.0002105973738224427	-0.7155422161741279	0.533271258086826	0.00017914044396247239	0.050737982692060854	0.5650550541807037	0.00014842559598260562	0.3185133143256181	-0.17260265500268984	0.40878295969728623	-0.7242488116300287	-0.39571041045283956	-0.115430306385483	0.006536274622223337	0.00017938780458917356
F927I	missense	83	290	207	132	44	41	41	185	136	93	17	60	25	76	88	36	46	0.00026378595653812334	0.0008563936703384668	0.0008028718107075308	0.0004402064005348673	0.00011646475129599387	0.0006831489915419649	0.0005425795783381563	0.0005697639155646636	0.0005598600758467373	0.0003095485859557148	7.731626648339847e-05	0.0007776842856778602	0.0003440017993940276	0.00028911500769721775	0.0003188672688122732	0.00016110842597067828	8.857596236840816e-05	0.4793250216981954	0.0005539841582192147	-0.7441843957829128	0.48259420155474625	0.00037912221096262857	-0.3443183923657096	0.5143253040559043	0.00021441666621214436	-0.09700005991941169	-0.10005198785407812	0.5738651522146996	-0.35424260917573386	0.21136561053645164	-0.395167616022678	0.3926153813755756	0.0003825076784646625
F927C	missense	108	81	46	85	268	19	40	98	56	80	92	8	17	69	79	64	196	0.0003422936816982791	0.00024132055315379477	0.00018141814953487475	0.0002846447401954781	0.0006962004021916078	0.00032530904359141186	0.0005296610169491525	0.000303261438929579	0.00023293448411141625	0.00026673867513205213	0.00039946737683089215	0.00011474030444427445	0.00023815509188817295	0.0002628318251792889	0.0002866222641009197	0.0002830283158944348	0.00037126520396971077	0.7557248354741873	0.00035089596126893885	1.9072533397127505	0.6585185332595946	0.0003006004937509849	1.0271114720302845	0.6584067317892178	0.00030093690228608853	1.083131126538847	0.21170187320167613	1.2832316257639054	0.31714387352819634	1.3129218324655807	1.3391653127606273	1.298076729114743	0.00031747778576867076
F927T	missense	92	143	103	83	24	29	9	103	78	68	15	72	8	72	63	43	44	0.0002920487375957794	0.00042378243480666397	0.0004014359053537654	0.00027802509507465306	6.470263960888549e-05	0.00048796356538711777	0.0001291856138900372	0.0003185776732189517	0.00032283902183862954	0.0002272218343717481	6.872557020746531e-05	0.0009306713582702262	0.00011907754594408647	0.00027409604625840123	0.00022929781128073576	0.0001915883984516174	8.480677248039078e-05	0.4964998254486141	0.00029198651871099196	-0.5794305844778924	0.5122938625411373	0.00023434102490919867	-0.11279270376733858	0.5279261101316011	0.00019494725711778632	0.014400386782225327	-0.5771732425737406	-0.511779210840455	-0.8929664728169159	-0.6725285982144538	-0.22594096715433523	-0.5921539045274544	0.00024042493357932562
F927K	missense	64	15	29	13	48	1	6	10	10	26	9	6	7	20	13	18	10	0.00020412008541640498	4.7086937200740445e-05	0.00011579881885204771	4.6337515845775506e-05	0.00012681717363341555	3.2530904359141185e-05	9.042992972302605e-05	3.369571543661989e-05	4.4952268863606643e-05	8.891289171068403e-05	4.2953481379665825e-05	8.924245901221346e-05	0.00010584670750585465	7.884954755378666e-05	5.0158896217660946e-05	8.273135387683478e-05	2.0730544384095528e-05	0.6881357804352457	8.401011138299479e-05	1.2588875952192238	0.6675944348674069	5.262858934764409e-05	1.0978632685023941	0.5487620213129423	5.811758550809448e-05	0.1850615814289644	0.4440160564961975	1.8118406136398448	0.07410582484190192	0.914164810105388	0.847270815050194	1.3630027118726165	6.491876207957779e-05
F927N	missense	58	27	26	15	38	9	9	15	7	23	12	10	5	18	15	24	22	0.0001852782313779676	8.240214010129577e-05	0.00010421893696684294	5.295716096660058e-05	0.00010093611778986136	0.00016265452179570593	0.0001291856138900372	4.901194972599257e-05	3.26925591735321e-05	7.903368152060803e-05	5.5839525793565566e-05	0.00014023814987633546	7.938503062939099e-05	7.134006683437841e-05	5.732445282018394e-05	0.00010885704457478262	4.3345683712199736e-05	0.6265932357150348	8.512858895615015e-05	0.6685245874429496	0.6635680552217221	5.414442905342456e-05	1.0664753573591395	0.6105578757180816	7.021681198538618e-05	0.691214359928099	-0.10005198785407819	0.5738651522146992	-0.24712755691036625	0.38711125827421305	0.8087381015767293	0.4804882052444561	6.982994333165362e-05
F927Q	missense	34	1	5	17	39	1	6	22	2	22	15	1	5	15	18	32	40	0.00010991081522421806	5.885867150092556e-06	2.315976377040954e-05	5.957680608742565e-05	0.00010352422337421678	3.2530904359141185e-05	9.042992972302605e-05	7.045467773111431e-05	1.2259709690074539e-05	7.574061145724937e-05	6.872557020746531e-05	2.549784543206099e-05	7.938503062939099e-05	6.007584575526602e-05	6.807278772396843e-05	0.00014369129883871304	7.726839270435605e-05	0.8392452738538413	4.803666509553613e-05	2.7084450589822437	0.6570744746297962	5.6795142271475885e-05	1.0158542166429685	0.6705432249982468	8.727708125557589e-05	1.1825377909197996	0.4440160564961975	1.8118406136398448	0.49323513258387763	1.6018380186522772	1.635612355515004	1.7068393161460609	6.403629620752931e-05
N928L	missense	184	188	120	225	179	29	57	209	129	246	140	11	36	171	157	192	224	0.0005809571661851527	0.0005562144456837465	0.0004670552360365924	0.0007480198986532331	0.0004658590051839755	0.00048796356538711777	0.0007492765605622158	0.0006432818401536525	0.0005312540865698966	0.000813388305649591	0.0006056440874532881	0.00015298707259236595	0.0004895410222145777	0.0006458153418691097	0.0005660789715993164	0.0008403763841173218	0.0004240338624019539	0.6255530668135563	0.0005592871463893868	0.6585464943357511	0.6331557983110083	0.0006483920799566071	0.8293945796926872	0.6052605547696946	0.0006190761399969255	0.6478254668957413	0.18625475098919672	1.225329102007788	0.5051343558835854	1.6213612944399092	0.7119221803080599	1.4233451982238488	0.0006089184554476397
N928N	silent	47	98	78	99	154	17	32	122	59	93	59	11	25	91	75	56	74	0.00015073483230749907	0.0002913504239295815	0.0003049368896437256	0.00033098225604125364	0.00040115636557509	0.00029277813923227067	0.0004263125258371228	0.0003767793635185679	0.00024519419380149076	0.0003095485859557148	0.0002577208882779949	0.00015298707259236595	0.0003440017993940276	0.0003454361130927796	0.00027229115089587373	0.00024819406163050433	0.00014134462080065132	0.6584477803690375	0.0003321064837974127	0.9740976650395405	0.5942219098832013	0.00029731075788844207	0.5258828550238217	0.5460273651656185	0.00025181648660495227	0.16266276810189154	0.16318944692050327	1.1728461805352515	0.35190597978740834	1.369956663257792	0.5542144293884179	1.2714014218965217	0.0002937445760969357
N928A	missense	115	106	80	102	189	27	49	122	81	149	147	30	101	97	118	72	140	0.00036427584474312273	0.0003148938925299517	0.0003126568109005288	0.0003409117237224912	0.0004917400610275297	0.0004554326610279766	0.000645928069450186	0.0003767793635185679	0.0003350987315287041	0.0004939605095038003	0.0006357115244190541	0.00039521660419694534	0.0013495455206996468	0.0003679645552510044	0.00042635061785011805	0.0003178625701583652	0.00026572788710522446	0.6728352679540859	0.0003650506220451253	1.1121134146915619	0.6885102356132857	0.0004603875322425316	1.2609137885906494	0.5873343171169135	0.000344476407591178	0.5009966046147084	0.15175998513972142	1.1468395194772552	0.5333523557918601	1.6676590888848757	0.9580079359656398	1.4072493041810654	0.0003899715206262783
N928F	missense	92	75	81	128	103	28	33	111	44	80	97	27	30	78	70	60	104	0.0002920487375957794	0.0002236629517035171	0.0003165167715289304	0.0004269671102932172	0.00026916298077296364	0.0004716981132075472	0.0004392310872261265	0.00034308364808194797	0.00018389564535111809	0.00026673867513205213	0.00042094411752072506	0.00035696983604885385	0.00041015599158518673	0.000296624488416626	0.0002543772593895662	0.0002656111887624696	0.00019788246912091185	0.649968501333212	0.00030907745357465705	0.8927579560931168	0.6575630109108079	0.00030366552152146084	1.0196626338137356	0.5898849902478706	0.00025362385142239344	0.5218884638616551	-0.03097106871077913	0.7310522607761424	0.06031754035626861	0.8915421166848889	0.8114363512561691	0.8112971887305156	0.0002887889421728371
N928S	missense	165	206	124	97	163	22	13	131	62	88	63	17	16	125	135	81	135	0.0005212912950634342	0.0006091872500345795	0.0004824950785501988	0.0003243626109204286	0.00042444931583428876	0.0003741054001301236	0.0001808598594460521	0.0004043485852394387	0.0002574539034915653	0.00029308323563892143	0.00027490228082986126	0.0002294806088885489	0.00022492425344994112	0.00047309728532271995	0.0004872578489715635	0.00035705110620528696	0.00025630491238518103	0.5766199067068506	0.0004601235638348739	0.18914231691788652	0.5891493513932838	0.00030744700129994667	0.4863393869057241	0.5629981628023022	0.0003934277882211879	0.3016658850559576	-0.3156517881934329	0.08328816450166107	-0.008709705860816956	0.7782878369042879	0.32571586295985605	0.4307880007029745	0.00038699945111866945
N928C	missense	97	44	35	63	140	9	31	91	48	72	76	7	19	92	66	52	154	0.00030775028262781056	0.0001324320108770825	0.00013895858262245726	0.0002118286438664023	0.00036492288739411414	0.00016265452179570593	0.00041339396444811904	0.00028181871092445725	0.00020024192493788413	0.00024039411462518277	0.0003307418066234268	0.00010199138172824396	0.0002646167687646366	0.00034919085345248374	0.00024004614618452024	0.00023077693449853913	0.00029211221632134606	0.7385338447864759	0.00021203553119001405	1.7423442509646168	0.6471850180199218	0.0002632991392777377	0.9387602978768907	0.6047117077269925	0.0002780315376142223	0.643330012333151	0.4050979904658278	1.7232862292167401	0.41405388653625275	1.471923883514221	1.1081448537248864	1.5976050563654804	0.000251122069360658
N928V	missense	179	231	122	104	208	39	27	169	153	135	100	18	10	144	124	82	169	0.0005652556211531214	0.0006827605894107364	0.00047477515729339563	0.0003475313688433163	0.0005409140671302826	0.0006506180871828237	0.0003617197188921042	0.000520751965838671	0.000629331764090493	0.00044785752861677884	0.0004338301619346248	0.00024222953160457942	0.00014553922282055013	0.0005444373521570983	0.00044784728765768703	0.00036140538798827825	0.00032038114048147634	0.5912274902641106	0.0005114952956694328	0.3292693949321819	0.5977922366950331	0.000507942855120142	0.5537155758757316	0.5683558628608335	0.00041851779207113495	0.34554932670580824	-0.2549539478398213	0.22140036884736392	-0.2212470379303888	0.42957390451983457	0.4095114325045739	0.32548713668359924	0.0004793186476202366
N928K	missense	53	27	11	27	31	5	6	8	15	49	39	0	0	11	12	21	42	0.00016957668634593644	8.240214010129577e-05	4.631952754081908e-05	9.267503169155101e-05	8.281937869937342e-05	9.759271307742355e-05	9.042992972302605e-05	2.756922172087082e-05	6.53851183470642e-05	0.0001646535031679334	0.0001718139255186633	1.2748922716030496e-05	1.323083843823183e-05	4.505688431644952e-05	4.657611791639945e-05	9.57941992258087e-05	8.103758259237342e-05	0.6445614332141719	7.605401950825982e-05	0.840889236453394	0.7798601325444079	0.00010735544218863294	1.9730380044212459	0.6981754151166932	6.711619601275778e-05	1.4088654295470409	-0.0331051982234649	0.7261962505846906	0.01611387786421517	0.8190163499252244	1.407597556807227	0.7726063002549575	8.350855256988351e-05
N928G	missense	207	183	141	149	122	38	27	154	107	150	76	28	23	110	156	118	150	0.0006531842733324959	0.000541499777808515	0.0005481144092330259	0.0004964733840618805	0.00031833698687571657	0.0006343526350032531	0.0003617197188921042	0.000474803262970553	0.0004413495488426834	0.0004972535795671588	0.0003307418066234268	0.00036971875876488436	0.00031754012251756396	0.000416776179927158	0.0005624961932980549	0.0005181595321759652	0.0002845738365453113	0.5776675003383464	0.0004761061394947845	0.19919163369587797	0.5980326572343768	0.0004360370495009555	0.5555897902295671	0.5940697060559141	0.00044550143548662235	0.5561643154355166	-0.24395856353835815	0.24641932758883173	-0.0660728783231349	0.684171018702982	0.43698191312032053	0.46529517314590685	0.0004525482081607875
N928W	missense	28	10	22	17	33	5	7	5	18	20	21	2	3	9	22	19	51	9.106896118578068e-05	3.237226932550905e-05	8.877909445323657e-05	5.957680608742565e-05	8.799558986808426e-05	9.759271307742355e-05	0.00010334849111202976	1.8379481147247212e-05	7.764482803713875e-05	6.915447133053203e-05	9.449765903526481e-05	3.824676814809149e-05	5.292335375292732e-05	3.754740359704126e-05	8.240390092901442e-05	8.708563565982608e-05	9.799893708845157e-05	0.6890377284641931	6.718093993356389e-05	1.2675397683402418	0.7308356397957684	6.49191098875457e-05	1.5908643005861887	0.701235432069246	7.625896931858334e-05	1.4339291833813146	0.024886748754221824	0.8581514500568059	0.14105261447251513	1.0240056462788847	1.4307777507692485	0.9410785481678453	6.945300637989766e-05
N928H	missense	61	22	17	31	11	1	3	15	13	35	19	4	3	17	32	32	33	0.0001946991583971863	6.768747222606438e-05	6.947929131122863e-05	0.00010591432193320116	3.105726701226503e-05	3.2530904359141185e-05	5.167424555601488e-05	4.901194972599257e-05	5.721197855368118e-05	0.00011855052228091205	8.590696275933165e-05	6.374461358015247e-05	5.292335375292732e-05	6.758532647467428e-05	0.00011823168394162938	0.00014369129883871304	6.407622809629526e-05	0.5915061526624384	6.85345881206898e-05	0.3319425371036488	0.6942122120329863	7.767035332997936e-05	1.3053639261712695	0.6297424118406798	9.8396134337828e-05	0.8483495974961147	0.200978007809903	1.2588304826633299	-0.08079613514384125	0.6600142988765841	0.828552020257011	0.9594223907699571	8.153369192949904e-05
N928_	nonsense	103	491	358	335	79	69	46	282	165	144	34	126	22	179	165	66	53	0.00032659213666624793	0.0014479233189227687	0.0013857258655961709	0.0011121003802986122	0.00020704844674843356	0.0011385816525699415	0.0006071723852831748	0.0008668988607784936	0.0006783706028507912	0.0004774951591870069	0.0001503371848288304	0.001619113184935873	0.0003043092840793321	0.0006758532647467428	0.0005947411980094083	0.00029173687946041743	0.00010176812697646895	0.5047121214813909	0.0010381995028914965	-0.5006519800392775	0.48979231764226705	0.0005432754519112806	-0.28820499819134815	0.47287119329757454	0.00041602486729825933	-0.4365392335827253	-0.27305216993261755	0.18021957339546343	-0.7259620070741488	-0.39852128190984404	-0.4084654039377836	-0.1091508542571903	0.0006658332740336788
N928D	missense	87	102	68	103	142	15	6	95	72	75	40	3	6	89	98	62	88	0.0002763471925637483	0.0003031221582297666	0.00026633728335970973	0.00034422154628290376	0.000370099098562825	0.0002602472348731295	9.042992972302605e-05	0.0002940716983559554	0.00029831960245848047	0.00025027332481525875	0.00017610927365662986	5.099569086412198e-05	9.261586906762282e-05	0.0003379266323733714	0.0003546950518248881	0.00027431975232845217	0.0001677289500167729	0.652147862674107	0.0003209450216088013	0.9136640515770028	0.5756841567075429	0.00025469347482158115	0.38137056341794723	0.5598964737276608	0.00028366759663587117	0.27626080637741807	-0.4590739304957461	-0.24305537770604632	0.2591519265505096	1.2177733722854174	0.523765140457456	0.4873589972896855	0.0002864353643554179
N928T	missense	64	24	33	32	35	0	0	24	18	18	29	1	1	25	42	26	39	0.00020412008541640498	7.357333937615695e-05	0.00013123866136565408	0.0001092241444936137	9.31718010367951e-05	1.6265452179570593e-05	1.291856138900372e-05	7.658117144686338e-05	7.764482803713875e-05	6.256833120381469e-05	0.00012886044413899745	2.549784543206099e-05	2.646167687646366e-05	9.762324935230729e-05	0.00015405946695424435	0.00011756560814076522	7.538379776034737e-05	0.6362905667873701	0.00010180198656805495	0.7615487801423795	0.6762655008577944	8.641369370670357e-05	1.165459141910723	0.5959838177354081	0.00011115803055191605	0.5718422756200583	-0.10005198785407819	0.5738651522146992	0.01611387786421517	0.8190163499252244	0.8329500658910535	0.6964407510699618	9.979123694222485e-05
N928P	missense	69	103	94	121	59	25	10	69	60	50	26	23	1	38	57	44	93	0.0002198216304484361	0.0003060650918048129	0.0003666962596981511	0.00040379835237032945	0.00015528633506132515	0.0004229017566688354	0.00014210417527904092	0.00021442728005121748	0.0002492807636981823	0.00016794657323129206	0.00011597439972509772	0.0003059741451847319	2.646167687646366e-05	0.00014643487402846094	0.00020780114147316678	0.00019594268023460871	0.00017715192473681632	0.5828646433448162	0.00030796150973365463	0.24904659161306955	0.5620187581293598	0.0001869072541764474	0.2748410371302629	0.6387992077857052	0.00018183265511826318	0.9225313120464204	-0.47363265066667104	-0.2761823707513442	-1.0630673681834097	-0.9516162838825408	0.48213964692991756	-0.6138993273169425	0.00022556713967612175
N928E	missense	63	26	27	23	31	2	5	30	19	29	36	10	9	24	20	16	71	0.00020097977640999874	7.94592065262495e-05	0.00010807889759524453	7.943574144990087e-05	8.281937869937342e-05	4.8796356538711774e-05	7.751136833402232e-05	9.49606525941106e-05	8.173139793383026e-05	9.879210190076005e-05	0.00015892788110476354	0.00014023814987633546	0.0001323083843823183	9.386850899260315e-05	7.523834432649142e-05	7.402279031085218e-05	0.00013569083596862527	0.618366566896532	8.744830606769209e-05	0.5896081082861233	0.6851279353955763	0.00010860300838336612	1.2345468415971994	0.6659994422173576	9.4705119899643e-05	1.145320920927752	0.20097800780990308	1.2588304826633299	-0.025278807294009945	0.7511026056765134	0.9898252902703583	1.0049665441699216	9.691881145023374e-05
N928M	missense	59	100	163	165	52	28	19	90	100	104	42	35	4	44	111	41	58	0.00018841854038437382	0.000297236291079674	0.0006330335430578608	0.0005494305450284811	0.00013716959597083722	0.0004716981132075472	0.0002583712277800744	0.00027875546406658274	0.0004127435595658428	0.00034577235665266015	0.00018469996993256303	0.0004589612177770978	6.615419219115915e-05	0.0001689633161866857	0.00040127116974128757	0.0001828798348856348	0.00011119110169651236	0.581412459564956	0.0004042174937842133	0.23511613768043169	0.5892854059903844	0.0003054928375544122	0.4874000095941483	0.5683493114637976	0.00021607635562753013	0.34549566602185655	-0.2614199900890531	0.2066875002637173	-0.8412186185670533	-0.5876249364802402	0.3560039377654789	-0.19046871810826144	0.0003085955623220519
N928I	missense	78	41	48	33	30	10	3	60	33	61	24	1	3	31	33	37	64	0.0002480844115060922	0.00012360321015194366	0.00018913807079167793	0.00011253396705402623	8.0231273115018e-05	0.0001789199739752765	5.167424555601488e-05	0.00018685805833034666	0.00013894337648751146	0.00020417034392823742	0.00010738370344916456	2.549784543206099e-05	5.292335375292732e-05	0.00012015169151053205	0.00012181446224289088	0.00016546270775366956	0.00012249867136056446	0.573882975240008	0.00012637663027816645	0.16288758370546372	0.5910322806422177	0.00015933887054881503	0.501017887483262	0.6369566313120626	0.00013248188321691423	0.9074392769785505	-0.5393846816843407	-0.4257949087123763	0.31714387352819634	1.3129218324655807	0.5237815827224255	0.4435634618766022	0.0001393991280146319
N928Y	missense	90	93	57	65	46	6	11	62	40	44	31	24	8	53	32	40	67	0.00028576811958296695	0.0002766357560543501	0.00022387771644729224	0.0002184482889872274	0.0001216409624647047	0.00011385816525699414	0.00015502273666804465	0.00019298455204609573	0.00016754936576435204	0.00014818815285114005	0.00013745114041493063	0.0003187230679007624	0.00011907754594408647	0.00020275597942402283	0.00011823168394162938	0.00017852555310264348	0.00012815245619259051	0.5550481376600052	0.00021015068098839362	-0.01779053766991698	0.5890263932682817	0.0001615433027691296	0.4853808586392587	0.5924355497569112	0.00015691641816522155	0.5427793924628611	0.13403121817928987	1.1064993842933388	-0.4275836213684976	0.09103365512062349	0.336789904477401	0.5987665197069811	0.0001762034673075816
N928R	missense	182	93	58	128	111	12	26	59	60	101	89	11	44	64	99	59	186	0.0005746765481723402	0.0002766357560543501	0.00022773767707569382	0.0004269671102932172	0.00028986782544780697	0.0002114508783344177	0.00034880115750310044	0.00018379481147247213	0.0002492807636981823	0.0003358931464625841	0.0003865813324169924	0.00015298707259236595	0.0005953877297204324	0.0002440581233807682	0.0003582778301261496	0.00026125690697947825	0.00035241925452962397	0.6494558635004654	0.00030530209221776703	0.8878403431764567	0.7001776116449986	0.0002888875135125577	1.3518675968215323	0.6484436881306165	0.000304003028754005	1.0015265872270667	0.2173684239980724	1.2961253270384125	0.590145145591934	1.7608400697009174	1.0804115090750186	1.528482698369665	0.00029939754482810995
N928Q	missense	49	6	8	43	27	5	15	20	15	56	30	3	24	27	13	24	45	0.00015701545032031152	2.0600535025323943e-05	3.4739645655614314e-05	0.0001456321926581516	7.246695636195174e-05	9.759271307742355e-05	0.00020669698222405952	6.432818401536524e-05	6.53851183470642e-05	0.0001877049936114441	0.00013315579227696404	5.099569086412198e-05	0.00033077096095579576	0.00010513273007171553	5.0158896217660946e-05	0.00010885704457478262	8.669136742439947e-05	0.7468240127086798	6.83598324252604e-05	1.8218698619346068	0.7162177121984571	0.00011264352206270939	1.4769092707830056	0.6262021363181753	8.771000957213964e-05	0.8193521783388341	0.325916744418203	1.5431167805054362	0.8119938952082904	2.1248314171032177	1.3727104370188155	1.833974098804327	8.957112135336982e-05
S929G	missense	302	107	84	137	307	15	66	127	118	192	170	26	58	135	135	170	367	0.0009515136289410878	0.000317836826104998	0.0003280966534141352	0.00045675551333693	0.0007971365199814692	0.0002602472348731295	0.0008655436130632492	0.00039209559780794054	0.00048630181770629007	0.0006355625222282229	0.0007345045315922856	0.0003442209133328234	0.000780619467855678	0.0005106446889197612	0.0004872578489715635	0.000744582184891513	0.0006935309393951958	0.728072488168429	0.0004749563782093831	1.641990942752742	0.6904050531996543	0.0005621161173336847	1.2756849654957765	0.6663576511360371	0.0006090039155445084	1.148254911261215	0.5219028321908235	1.9890646172929507	0.355602125347372	1.3760209976518003	1.355310273169911	1.6825428074723754	0.0005486921370291921
S929K	missense	117	91	55	118	272	26	74	97	69	111	113	33	118	112	99	72	223	0.0003705564627559352	0.0002707498889042575	0.00021615779519048906	0.0003938688846890918	0.0007065528245290295	0.000439167208848406	0.000968892104175279	0.00030019819207170446	0.00028605989276840593	0.0003688238470961708	0.0004896696877281903	0.00043346337234503684	0.001574469774149588	0.0004242856606465663	0.0003582778301261496	0.0003178625701583652	0.00042214926745794525	0.7419511431141403	0.000396832348328217	1.7751255818042933	0.6813399992457227	0.00036118790491611785	1.2050177326331828	0.6211558191357935	0.0003806438320972566	0.7780191878391017	0.3436455113786346	1.5834569156893525	0.5601819222144908	1.7116788548257738	1.2527208340921925	1.6475678852575633	0.00037955469511386387
S929S	silent	361	516	279	394	862	72	182	406	226	389	322	68	223	273	343	249	705	0.0011367918603190554	0.0015214966582989256	0.0010807889759524452	0.001307379911362952	0.0022335351192987267	0.0011873780091086533	0.0023640967341876807	0.001246741471154936	0.0009276513665489735	0.0012842973247098805	0.001387397448563206	0.0008796756674061041	0.00296370781016393	0.0010287988585589306	0.0012324757356339548	0.001088570445747826	0.001330524030470131	0.673075637751517	0.0015358001662282624	1.1144192250417053	0.6450835692854081	0.001211521902744249	0.9223783140712373	0.6453314689075536	0.0011700922676027108	0.976035259010708	0.29907624175589537	1.4820437511053477	0.5275128054611227	1.658078030633322	1.0042775993745503	1.570060890869335	0.0013058047788584075
S929R	missense	287	633	578	367	286	76	92	340	283	306	208	150	78	239	291	217	502	0.0009044089938449944	0.00186581988657934	0.0022349172038445206	0.0012180147022318134	0.0007427863027100053	0.0012524398178269357	0.001201426209177346	0.0010445671785352167	0.0011605858506603898	0.001010972509451111	0.0008977277608350157	0.0019250873301206047	0.0010452362366203147	0.0009011376863289904	0.001046171263968357	0.0009492334286921043	0.0009479512568363682	0.5345525924234064	0.0015153845238414197	-0.21439943297806807	0.6070687700997922	0.0010284633248704334	0.6260314109058615	0.626414454033702	0.000961123408956455	0.8210912141151477	-0.01805976447262491	0.7604307144232727	-0.2652359781385128	0.35740043658348974	0.41090773068098035	0.5589155755033812	0.0011683237525561027
S929M	missense	109	202	118	89	88	29	20	130	98	82	71	48	13	78	99	72	181	0.00034543399070468536	0.0005974155157343943	0.00045933531477978926	0.0002978840304371283	0.00023034139700763232	0.00048796356538711777	0.00027128978916907815	0.0004012853383815642	0.0004045704197724598	0.00027332481525876943	0.0003092650659335939	0.0006246972130854942	0.00018523173813524564	0.000296624488416626	0.0003582778301261496	0.0003178625701583652	0.00034299627980958054	0.5254185682449151	0.00039624406448973606	-0.30201995649770147	0.5883307194106875	0.00034711140983659683	0.47995768667129657	0.6343767125612542	0.00032894029212768034	0.8863078749355827	-0.2549539478398213	0.22140036884736392	-0.5279541664860604	-0.07364615497532452	0.3547485350363926	0.0738771069360197	0.0003574319221513377
S929_	nonsense	118	776	558	492	139	102	43	403	300	239	54	194	65	271	351	130	195	0.0003736967717623414	0.0022866593878109577	0.002157717991276489	0.0016317425222833804	0.0003623347818097587	0.001675341574495771	0.0005684167011161637	0.0012375517305813124	0.0012300575389041454	0.0007903368152060804	0.00023624414758816203	0.0024860399296259468	0.0008732353369233009	0.0010212893778395224	0.0012611379620440467	0.0005704109135718609	0.0003693806090257021	0.5027084409817374	0.0016096136707951464	-0.5198728109583739	0.5018082429777015	0.000873547558069925	-0.1945340506102344	0.5223357541860201	0.0008055547156202831	-0.03138867499049531	-0.46943653607306296	-0.2666345082106978	-0.4543767979564342	0.047073594654671716	-0.2485985121863679	-0.10978045677801304	0.0010962386481617847
S929C	missense	171	115	94	97	97	30	25	194	103	176	66	41	10	95	133	96	218	0.0005401331491018716	0.0003413802947053682	0.0003666962596981511	0.0003243626109204286	0.0002536343472668311	0.0005042290175666884	0.00033588259611409674	0.0005973331372855344	0.00042500326925591734	0.0005828734012144842	0.000287788325243761	0.0005354547540732808	0.00014553922282055013	0.00036045507453159615	0.0004800922923690405	0.00042236533295015655	0.0004127262927379018	0.5952999587405229	0.00032151837814769476	0.3683356173274228	0.5741042614668762	0.0004732495332499242	0.3690543846684235	0.6323917096431787	0.0004189097481471738	0.8700492641924448	-0.17644033371753284	0.4000506841535483	-0.5657427273754603	-0.13564654586466954	0.5358130887294305	0.13220206914443938	0.00040455921984826424
S929L	missense	306	270	186	245	212	70	53	306	194	254	168	59	34	201	305	208	401	0.0009640748649667127	0.0007975349988375412	0.0007218126375110974	0.000814216349861484	0.0005512664894677043	0.001154847104749512	0.0006976023150062009	0.0009404167853674824	0.000796881129854845	0.0008397328661564603	0.0007259138353163523	0.0007649353629618298	0.0004630793453381141	0.0007584575526602336	0.0010963301601860178	0.0009100448926451826	0.000757607167491491	0.596991343113184	0.0007212076189194567	0.3845606657080124	0.6022681204365463	0.000825736154173785	0.5886076261861691	0.618298805827163	0.0008806099432457313	0.7546181807927118	-0.21891657675018497	0.30340000394175526	-0.21796932816915288	0.4349517035583646	0.5759288242289644	0.3691758537500599	0.0008091845721129909
S929V	missense	238	486	415	434	396	123	114	319	319	293	221	372	67	256	229	153	434	0.0007505338525310891	0.0014332086510475371	0.0016057436214150615	0.0014397728137794533	0.0010274779169891016	0.0020169160702667535	0.001485634559735428	0.0009802389945198513	0.0013077023669412842	0.0009681625986274483	0.0009535672866285812	0.004755348173079375	0.0008996970137997645	0.0009649682724439605	0.0008240390092901441	0.0006705593945806609	0.0008197988006437777	0.5935998906823985	0.0013765507508077884	0.35202726841559956	0.6125419341737545	0.0010524178116792912	0.668697826580324	0.6025494667242651	0.0008198413692396358	0.6256196933829502	-0.13277583266270152	0.4994051332938329	-0.7230860412382362	-0.39380263156132006	0.5487815961262913	0.05280125086625642	0.0010829366439089052
S929Q	missense	101	109	59	91	57	6	10	113	82	93	44	7	6	86	96	55	131	0.0003203115186534355	0.0003237226932550905	0.00023159763770409542	0.00030450367555795335	0.00015011012389261433	0.00011385816525699414	0.00014210417527904092	0.00034921014179769704	0.0003391853014253956	0.0003095485859557148	0.0001932906662084962	0.00010199138172824396	9.261586906762282e-05	0.000326662411294259	0.00034752949522236514	0.00024383977984751304	0.00024876653260914633	0.569559296400371	0.0002524835326024384	0.12141155998835414	0.5728067646783526	0.00029780867384682593	0.3589396618924712	0.5888565021414904	0.00029169955474332086	0.5134644017994221	0.09624265728989004	1.0205150821652602	-0.04187806911347157	0.7238678897450609	0.33127187456008245	0.8721914859551605	0.0002806639203975284
S929I	missense	120	244	168	113	204	31	42	116	71	114	98	42	32	87	77	70	245	0.00037997738977515387	0.000721018725886338	0.0006523333461998687	0.00037731977188702916	0.000530561644792861	0.000520494469746259	0.0005554981397271599	0.00035839988237132067	0.00029423303256178896	0.0003787030572862468	0.0004252394656586916	0.0005482036767893113	0.00043661766846165044	0.00033041715165396315	0.0002794567074983967	0.00030915400659238263	0.0004636103562261363	0.5786224140491711	0.0005703083721915242	0.20835189401745335	0.6494570901698151	0.000364143859469512	0.9564723879000825	0.6638095839161918	0.0003456595554927197	1.127384396312562	0.02826648940560234	0.8658417307778261	-0.09884063783748383	0.6304083495078294	0.7640695594100326	0.7481250401428278	0.00042670392905125196
S929T	missense	171	174	95	122	290	18	60	160	142	198	199	31	45	143	146	140	401	0.0005401331491018716	0.0005150133756330986	0.00037055622032655265	0.000407108174930742	0.000753138725047427	0.00030904359141184127	0.0007880322447292269	0.0004931827441178003	0.0005843794952268864	0.000655320942608375	0.0008590696275933165	0.00040796552691297586	0.0006086185681586642	0.0005406826117973942	0.00052666841028544	0.000613953731401774	0.000757607167491491	0.6708819256479149	0.000511454123984455	1.093375466101194	0.6813572228969591	0.0006479882023865945	1.205152000755452	0.6628272674512596	0.0006097279802440247	1.1193385134151241	0.4065242462038599	1.7265315394747778	0.17372173122588327	1.0776064704713364	1.13928866009059	1.402069004973057	0.0005897234355383582
S929W	missense	179	98	72	125	315	20	53	124	76	176	145	19	36	106	101	142	350	0.0005652556211531214	0.0002913504239295815	0.0002817771258733161	0.00041703764261197956	0.0008178413646563126	0.00034157449577098246	0.0006976023150062009	0.00038290585723431696	0.0003146658820452465	0.0005828734012144842	0.000627120828143121	0.0002549784543206099	0.0004895410222145777	0.00040175721848834155	0.0003654433867286726	0.0006226622949677566	0.0006614928253470482	0.7435513772207063	0.0004520016392677974	1.790476247341336	0.6905843918605534	0.0004768914921592922	1.2770830119911896	0.6881549245649793	0.0005128389313829548	1.3267903585977423	0.31012247723497105	1.5071784168998628	0.283285606267229	1.2573699470376087	1.464783205976756	1.3822741819687359	0.0004805773542700148
S929A	missense	231	363	244	175	420	56	40	195	118	219	253	181	68	122	188	134	350	0.0007285516894862455	0.0010712278213168452	0.0009456903539583896	0.0005825287706326064	0.0010895924510136315	0.0009271307742355238	0.0005296610169491525	0.0006003963841434089	0.00048630181770629007	0.000724475413938907	0.001091018427043512	0.00232030393431755	0.0009129278522379963	0.00046183306424360754	0.0006771450989384228	0.0005878280407038261	0.0006614928253470482	0.6145613850555339	0.0009222598492303682	0.5531059030718246	0.6986529362846788	0.0007255480107080294	1.3399818883331847	0.6516749587696846	0.0005970747573082262	1.0279930327158597	-0.24314298680683402	0.24827509543077866	-0.4051084193836043	0.12790913477857607	0.9736936080402897	0.18809211510467738	0.0007482942057488746
S929E	missense	142	177	146	231	164	28	34	196	116	166	135	39	26	135	138	117	298	0.00044906418791609094	0.0005238421763582374	0.0005674142123750338	0.0007678788340157084	0.0004270374214186442	0.0004716981132075472	0.00045214964861513024	0.0006034596310012835	0.00047812867791290704	0.0005499427005808975	0.0005841673467634552	0.0005099569086412198	0.0003572326378322594	0.0005106446889197612	0.000498006183875348	0.0005138052503929739	0.0005634938882585965	0.62008186513125	0.000571543161041906	0.6060625566630176	0.6257862741060362	0.0005539245890646358	0.7719449621034368	0.6354476775316644	0.0005214875028616699	0.8950798532610951	-0.018381941402758586	0.7596976312402326	-0.1545823493047599	0.5389518923559601	0.7576957906758498	0.6493247617980964	0.0005489850843227373
S929H	missense	95	77	45	75	100	11	33	78	47	109	100	17	10	78	85	76	167	0.00030146966461499814	0.00022954881885360967	0.00017755818890647314	0.00025154651459135277	0.00026139866401989737	0.0001951854261548471	0.0004392310872261265	0.0002419965017720883	0.00019615535504119262	0.0003622377069694535	0.0004338301619346248	0.0002294806088885489	0.00014553922282055013	0.000296624488416626	0.0003081189339084887	0.00033527969729033047	0.00031661195059345894	0.6480337289143886	0.00023001304659283324	0.8741981440195014	0.7001064941034754	0.0003085549314293398	1.3513131952820625	0.6336663137112926	0.000314158767552226	0.8804891941322835	0.35224568314055216	1.6030257944644513	-0.1977659420808659	0.4680997728491833	1.0353335111446158	1.0355627836568173	0.0002842422485247997
S929P	missense	150	97	47	74	80	45	15	118	90	87	37	109	10	89	107	75	132	0.0004741866599673408	0.0002884074903545352	0.00018527811016327633	0.00024823669203094024	0.00020963655233278896	0.0007482108002602472	0.00020669698222405952	0.00036452637608706974	0.0003718778605989277	0.0002897901655755628	0.00016322322924273012	0.0014023814987633545	0.00014553922282055013	0.0003379266323733714	0.00038694005653624157	0.00033092541550733913	0.000250651127553155	0.6017386900529591	0.00023288971122038517	0.430100836837834	0.5529061957101662	0.0002973544078760726	0.2038034488572461	0.5945890770728084	0.0003266108079925268	0.5604183400105225	-0.5586898368797274	-0.46972196647485404	-0.9838861221357849	-0.8217021487444849	0.39810754190186753	-0.6457120576096694	0.0002856183090296615
S929F	missense	187	202	125	142	231	32	40	167	91	169	154	40	60	132	158	94	278	0.0005903780932043713	0.0005974155157343943	0.00048635503917860036	0.00047330462613899267	0.0006004404955704573	0.0005367599219258296	0.0005296610169491525	0.0005146254721229219	0.0003759644304956192	0.0005598219107709736	0.0006657789613848203	0.0005227058313572503	0.0008070811447321417	0.0004993804678406488	0.0005696617499005779	0.0004136567693841739	0.0005258019893784229	0.6247696729637648	0.0005393789191556112	0.6510315832845605	0.66264535053137	0.0005290476936935837	1.0592823513883096	0.6202240242349383	0.0005021252441259559	0.7703871131214812	-0.005782071012230144	0.7883674465741562	0.1886598561552467	1.102115728378382	0.8269003492647838	0.9452415874762692	0.0005235172856583836
S929N	missense	88	27	16	49	122	10	28	34	7	74	111	5	28	29	33	68	195	0.0002794875015701545	8.240214010129577e-05	6.561933068282704e-05	0.00016549112802062682	0.00031833698687571657	0.0001789199739752765	0.0003746382802811079	0.00010721364002560874	3.26925591735321e-05	0.00024698025475190013	0.0004810789914522572	7.649353629618297e-05	0.0003836943147087231	0.0001126422107911238	0.00012181446224289088	0.0003004454430264	0.0003693806090257021	0.7847841392883167	0.00015796239642011656	2.1860123361368937	0.8173872311007725	0.00021699136135082454	2.2655830047949026	0.7561600549757383	0.0002260706812715292	1.883801602166518	0.32095332488665296	1.5318229880310867	0.7003606253795276	1.9416726462281795	2.1117989810327713	1.736747817129633	0.00020034147968082342
S929Y	missense	153	116	88	74	77	10	7	71	54	65	62	19	0	99	69	46	99	0.0004836075869865595	0.0003443232282804145	0.00034353649592774155	0.00024823669203094024	0.00020187223557972272	0.0001789199739752765	0.00010334849111202976	0.00022055377376696656	0.0002247613443180332	0.0002173426241816721	0.0002706069326918947	0.0002549784543206099	1.323083843823183e-05	0.0003754740359704126	0.00025079448108830476	0.00020465124380059132	0.00018845949440086842	0.5675892816595255	0.00028449216295470476	0.10251367669385365	0.6441184720246645	0.00023331616873964163	0.9148548339897494	0.550544533736689	0.00025484481381504427	0.19966164845083237	-0.23835468602035959	0.259170421736254	-1.284916117799766	-1.3156076312848413	0.4056767197114785	-0.5282186047742936	0.00025755104850313024
S929D	missense	97	24	26	53	93	0	18	28	19	56	57	5	6	42	43	67	150	0.00030775028262781056	7.357333937615695e-05	0.00010421893696684294	0.00017873041826227696	0.0002432819249294094	1.6265452179570593e-05	0.0002454526663910707	8.883415887836153e-05	8.173139793383026e-05	0.0001877049936114441	0.0002491301920020618	7.649353629618297e-05	9.261586906762282e-05	0.00016145383546727743	0.00015764224525550584	0.0002960911612434087	0.0002845738365453113	0.74663069834473	0.00014995115488367156	1.8200154431765483	0.7457731679551957	0.0001518501856064244	1.7073107978931334	0.6955477447499292	0.00022494026962787582	1.3873429072043957	1.1787016130987509	3.483548225182414	0.08306066749482832	0.9288571860987209	1.6382230494246925	2.2062027056405675	0.0001755805367059906
A930_	nonsense	57	202	167	222	52	30	33	192	135	125	36	30	15	173	153	67	57	0.00018213792237156137	0.0005974155157343943	0.0006484733855714672	0.0007380904309719956	0.00013716959597083722	0.0005042290175666884	0.0004392310872261265	0.0005912066435697854	0.0005557735059500458	0.0004149268279831922	0.00015892788110476354	0.00039521660419694534	0.0002116934150117093	0.000653324822588518	0.0005517478583942704	0.0002960911612434087	0.00010930650675250369	0.5489138341080473	0.0005302872320621737	-0.07663545401211079	0.520567915903545	0.0004302087146519467	-0.048291768786669784	0.47848134119202973	0.00040261758724467517	-0.39058806142232544	-0.05993476464609572	0.6651481055653348	-0.27112783331413276	0.3477335608053672	-0.171838428073702	0.5064408331853509	0.0004543711779862652
A930G	missense	129	86	70	86	167	12	25	138	73	116	112	11	24	92	94	104	199	0.00040824017083280996	0.00025603522102902613	0.00027405720461651294	0.00028795456275589065	0.00043480173817171046	0.0002114508783344177	0.00033588259611409674	0.00042579131324456046	0.000302406172355172	0.00038528919741296415	0.0004853743395902238	0.00015298707259236595	0.00033077096095579576	0.00034919085345248374	0.00034036393861984216	0.00045719958721408696	0.00037691898880173685	0.6798945872212719	0.00031321218164328504	1.1798317869879276	0.6454545689397106	0.0003997152556507301	0.9252704666271709	0.6414093613197577	0.00038091834202203743	0.9439103588496008	0.20097800780990308	1.2588304826633299	0.3348726404886279	1.342009748376165	1.016337537488233	1.3004201155197475	0.00036461525977201753
A930K	missense	32	85	87	38	17	5	1	83	48	42	13	11	1	43	50	18	36	0.00010363019721140561	0.0002530922874539799	0.0003396765352993399	0.00012908307985608892	4.658590051839755e-05	9.759271307742355e-05	2.583712277800744e-05	0.00025731273606146096	0.00020024192493788413	0.00014160201272442273	6.013487393153215e-05	0.00015298707259236595	2.646167687646366e-05	0.00016520857582698158	0.0001827216933643363	8.273135387683478e-05	6.973001292832132e-05	0.4899675008063187	0.00019210945078195157	-0.6420936225620183	0.5017287589012175	0.000164822886913825	-0.19515367403115527	0.5284691029022802	0.0001250979089991185	0.018847890619332865	-0.5771732425737406	-0.511779210840455	-0.7620373725194285	-0.45771080134218445	-0.27279980199128023	-0.4847450060913197	0.00016067674889829836
A930D	missense	48	136	98	75	7	31	10	113	59	45	17	29	10	62	58	22	55	0.00015387514131390528	0.00040318189978134005	0.00038213610221175744	0.00025154651459135277	2.0704844674843356e-05	0.000520494469746259	0.00014210417527904092	0.00034921014179769704	0.00024519419380149076	0.00015148122291449873	7.731626648339847e-05	0.0003824676814809149	0.00014553922282055013	0.00023654864266135997	0.00021138391977442827	0.0001001484810088	0.00010553731686448631	0.4739436249105567	0.0002643923403148234	-0.7958068564405176	0.48691196235001244	0.00020580045624927123	-0.31065900003173236	0.5285619547319256	0.00016340459007726862	0.019608414314912958	-0.5638092810157591	-0.48137077820411606	-0.41961469169722226	0.10410842544688284	-0.3622858140524457	-0.1886311763786166	0.00021119912888045443
A930A	silent	67	96	50	65	86	16	30	70	48	71	57	18	15	44	51	35	105	0.00021354101243562366	0.0002854645567794889	0.0001968579920484811	0.0002184482889872274	0.0002251651858389215	0.0002765126870527001	0.00040047540305911534	0.00021749052690909202	0.00020024192493788413	0.0002371010445618241	0.0002491301920020618	0.00024222953160457942	0.0002116934150117093	0.0001689633161866857	0.0001863044716655978	0.00015675414418768696	0.00019976706406492052	0.6034936793939795	0.0002314840059135297	0.44693603256609626	0.6432222633210123	0.0002259909221027155	0.9078683792508883	0.6360392469715018	0.00017794724902622273	0.8999252351808242	0.16086078460192058	1.1675475293126945	-0.05851974043268904	0.6965635917628397	0.7515765489992696	0.9320555605377671	0.00021180739234748932
A930S	missense	116	206	125	110	40	44	22	239	192	109	58	97	10	149	118	68	138	0.00036741615374952897	0.0006091872500345795	0.00048635503917860036	0.0003673903042057915	0.00010611232895857219	0.0007319453480806766	0.0002971269119470856	0.0007351792458898885	0.000788707990061462	0.0003622377069694535	0.00025342554014002835	0.0012493944261709885	0.00014553922282055013	0.0005632110539556189	0.00042635061785011805	0.0003004454430264	0.0002619586972172071	0.4952881706110057	0.00039226123059438585	-0.5910537014219378	0.5156469247185105	0.0005348876207652081	-0.0866536838679126	0.5420679021209154	0.00038799145301233605	0.1302318997089718	-0.3915366656118289	-0.08938070865264551	-0.9337195126700547	-0.7393928645785225	-0.18249182852695953	-0.414386786615584	0.00043838010145731
A930C	missense	64	79	46	45	61	10	17	88	37	61	39	14	17	50	41	53	77	0.00020412008541640498	0.00023543468600370222	0.00018141814953487475	0.00015225183777897667	0.000160462546230036	0.0001789199739752765	0.00023253410500206697	0.00027262897035083367	0.0001552896560742775	0.00020417034392823742	0.0001718139255186633	0.00019123384074045744	0.00023815509188817295	0.00019149175834491045	0.00015047668865298284	0.00023513121628153044	0.00014699840563267737	0.5814668744241183	0.0001823918048868974	0.23563812649432933	0.5855729050199054	0.00020097572396800297	0.45845896060351804	0.6165713194447701	0.00018102451722802528	0.740468816880124	0.11382783209100296	1.060528486949302	0.09529512391183992	0.9489304850632803	0.47818863465932376	1.004729486006291	0.00018813068202764186
A930L	missense	124	36	33	99	192	11	45	75	71	161	139	13	102	39	91	88	176	0.0003925386258007788	0.00010888854227671227	0.00013123866136565408	0.00033098225604125364	0.000499504377780596	0.0001951854261548471	0.0005942538238941712	0.0002328067611984647	0.00029423303256178896	0.0005334773502641043	0.0006013487393153216	0.00017848491802442692	0.0013627763591378785	0.00015018961438816505	0.0003296156037160577	0.0003875310786862261	0.0003335733050895371	0.7851407357619147	0.00026765345936605395	2.189433081373751	0.7261566475922714	0.00041546647083491985	1.5543889047102073	0.6882922896655144	0.0003002274004699965	1.3279154782028344	0.48352459777987117	1.9017385687463597	0.8828230668911493	2.241042149328737	1.6905791547622642	2.071390359037548	0.0003277824435569901
A930I	missense	74	105	55	69	60	4	17	136	118	59	45	9	14	105	108	65	76	0.00023552317548046728	0.0003119509589549054	0.00021615779519048906	0.00023168757922887754	0.00015787444064568057	8.132726089785297e-05	0.00023253410500206697	0.0004196648195288114	0.00048630181770629007	0.0001975842038015201	0.00019758601434646277	0.00012748922716030494	0.00019846257657347746	0.0003980024781286374	0.0003905228348375031	0.0002873825976774261	0.0001451138106886687	0.5641530460139219	0.00022941769350498815	0.06955068466306809	0.5332577261664515	0.0003252842138457711	0.05063249370401518	0.5367740675264482	0.0003052554303330588	0.08687156243881398	0.4562505129132091	1.8396789639811575	0.19220513691989644	1.1079325361119206	0.06901824693529908	1.4738057500465391	0.00028665244589460605
A930R	missense	126	118	85	104	69	21	21	144	84	115	60	14	11	135	106	77	145	0.00039881924381359124	0.00035020909543050706	0.00033195661404253677	0.0003475313688433163	0.00018116739090487936	0.000357839947950553	0.00028420835055808184	0.0004441707943918077	0.0003473584412187786	0.0003819961273496055	0.0002620162364159615	0.00019123384074045744	0.00015877006125878198	0.0005106446889197612	0.0003833572782349801	0.00033963397907332176	0.0002751508618252679	0.574256257484762	0.00030271611730530985	0.16646839158015111	0.5804326753732583	0.00035888539984403834	0.4183879574685303	0.5628470191712284	0.0003771967020133327	0.30042790931216556	-0.10005198785407812	0.5738651522146996	-0.08079613514384125	0.6600142988765841	0.295094752786949	0.6169397255456419	0.00034626607305422697
A930E	missense	39	61	28	42	81	14	13	52	40	34	55	12	11	23	34	26	114	0.00012561236025624922	0.0001824618816528692	0.00011193885822364612	0.00014232237009773906	0.00021222465791714438	0.00024398178269355888	0.0001808598594460521	0.00016235208346735037	0.00016754936576435204	0.00011525745221755339	0.0002405394957261286	0.00016573599530839644	0.00015877006125878198	9.011376863289904e-05	0.00012539724054415238	0.00011756560814076522	0.00021672841856099868	0.6480511311133258	0.0001622369419728497	0.8743650791787996	0.6582271309041204	0.0001714245992938461	1.02483982552761	0.7095782352616784	0.00013745125896970383	1.502262780464324	-0.13001521123152135	0.5056866666894704	-0.01864822839499675	0.7619815191330134	1.133822561723578	0.6338340929112418	0.0001570376000787999
A930N	missense	45	23	17	40	34	4	3	21	13	12	18	0	0	19	19	22	53	0.0001444542142946866	7.063040580111066e-05	6.947929131122863e-05	0.000135702724976914	9.058369545243968e-05	8.132726089785297e-05	5.167424555601488e-05	6.739143087323978e-05	5.721197855368118e-05	4.2809910823662684e-05	8.161161462136506e-05	1.2748922716030496e-05	1.323083843823183e-05	7.509480719408253e-05	7.165556602522992e-05	0.0001001484810088	0.00010176812697646895	0.6680146829426097	9.159902938542323e-05	1.0658706881427245	0.639184565256933	6.225623371798718e-05	0.8763922346219438	0.6639027640199242	8.716674530114536e-05	1.1281476088105362	-0.19696200086213458	0.3533555683194792	0.01611387786421517	0.8190163499252244	1.0234701771917347	0.5861859591223518	8.034066946818525e-05
A930M	missense	35	16	19	6	19	10	0	23	26	19	4	11	3	20	13	18	32	0.0001130511242306243	5.002987077578672e-05	7.719921256803181e-05	2.3168757922887753e-05	5.176211168710839e-05	0.0001789199739752765	1.291856138900372e-05	7.351792458898885e-05	0.00011033738721067085	6.586140126717336e-05	2.1476740689832912e-05	0.00015298707259236595	5.292335375292732e-05	7.884954755378666e-05	5.0158896217660946e-05	8.273135387683478e-05	6.219163315228658e-05	0.5948050162769282	5.053998823845367e-05	0.36358775188226816	0.532538541739213	6.779836343916649e-05	0.0450260435219098	0.617059470186357	6.848285770014225e-05	0.7444671248015706	-1.1414446730123031	-1.7957255696096373	-0.4610073768554473	0.036194681198171916	0.3843603067352495	-0.8797654442057327	6.227373645925414e-05
A930P	missense	45	42	26	24	11	2	1	39	23	20	20	1	0	17	27	27	53	0.0001444542142946866	0.00012654614372698995	0.00010421893696684294	8.274556401031341e-05	3.105726701226503e-05	4.8796356538711774e-05	2.583712277800744e-05	0.0001225298743149814	9.807767752059631e-05	6.915447133053203e-05	9.020231089729822e-05	2.549784543206099e-05	1.323083843823183e-05	6.758532647467428e-05	0.00010031779243532189	0.00012191988992375652	0.00010176812697646895	0.5132876231978665	8.614197792910282e-05	-0.4183892297817874	0.5835796990810119	9.4991083515852e-05	0.4429207907324161	0.6646301421433306	9.789778395255541e-05	1.134105362153793	-0.2761432469097594	0.17318611960817545	-0.284916117799766	0.32511086738486816	0.3862123077014739	0.2491484934965218	9.301028179917008e-05
A930T	missense	39	53	41	64	75	3	21	54	21	83	46	7	28	33	15	46	83	0.00012561236025624922	0.000158918413052499	0.0001621183463928668	0.00021513846642681487	0.00019669602441101187	6.506180871828237e-05	0.00028420835055808184	0.00016847857718309945	8.990453772721329e-05	0.0002766178853221281	0.00020188136248442935	0.00010199138172824396	0.0003836943147087231	0.0001276611722299403	5.732445282018394e-05	0.00020465124380059132	0.00015830597529672947	0.653373495693344	0.00018321781257079811	0.92542125789592	0.6736715583816238	0.00018422059067921753	1.1452378902858265	0.6795816965072895	0.00013698571103686126	1.2565694150752664	0.6403107016401657	2.2584905435904057	0.5754218887712277	1.7366833498745193	1.1090761877523376	1.9975869467324625	0.00016814137142895898
A930Q	missense	38	31	16	14	27	3	6	25	25	19	23	3	2	14	22	8	34	0.00012247205124984298	9.417387440148089e-05	6.561933068282704e-05	4.964733840618804e-05	7.246695636195174e-05	6.506180871828237e-05	9.042992972302605e-05	7.964441830473792e-05	0.00010625081731397933	6.586140126717336e-05	0.00010308835531119797	5.099569086412198e-05	3.9692515314695496e-05	5.63211053955619e-05	8.240390092901442e-05	3.918853604692174e-05	6.596082304030395e-05	0.5890428392124761	7.047687496311193e-05	0.3083125565101112	0.6355477023880133	8.871124804927215e-05	0.8480408274981278	0.6176723479506926	6.09685913529505e-05	0.749487037322968	0.14298606083221632	1.1268752831912145	-0.10882485874408475	0.6140270535715644	0.6352801404437356	0.8704511683813895	7.338557145511152e-05
A930Y	missense	46	105	71	75	11	17	6	127	76	52	19	10	0	72	75	44	49	0.00014759452330109283	0.0003119509589549054	0.0002779171652449145	0.00025154651459135277	3.105726701226503e-05	0.00029277813923227067	9.042992972302605e-05	0.00039209559780794054	0.0003146658820452465	0.0001745327133580094	8.590696275933165e-05	0.00014023814987633546	1.323083843823183e-05	0.00027409604625840123	0.00027229115089587373	0.00019594268023460871	9.422974720043421e-05	0.5004900128157717	0.00021811797645085944	-0.5411536652121147	0.48817491101802873	0.00024180028899263204	-0.30081359943403346	0.532964215919226	0.00020913990614732948	0.05566612001508237	-0.5102264529431274	-0.35944811247046393	-1.02527880729401	-0.889615892993196	-0.2621003815436886	-0.62453200273183	0.00022301939053027365
A930F	missense	64	49	28	51	22	7	11	86	45	51	30	7	1	79	83	39	62	0.00020412008541640498	0.0001471466787523139	0.00011193885822364612	0.00017211077314145188	5.952642844017465e-05	0.00013012361743656474	0.00015502273666804465	0.0002665024766350846	0.0001879822152478096	0.00017123964329465073	0.00013315579227696404	0.00010199138172824396	2.646167687646366e-05	0.0003003792287763301	0.0003009533773059657	0.00017417127131965217	0.0001187294814725471	0.5733698175943536	0.00012268068463939665	0.15796498434709763	0.5563490678650521	0.00018972003186362724	0.23064258842794266	0.5311023415712314	0.00022355833971862376	0.04041602138750529	0.07603927120160313	0.9745441848212235	-0.5859461134637473	-0.16879461515548824	0.14300786472084853	0.40287478483286765	0.00017865301874054923
A930V	missense	163	111	52	41	31	21	1	77	69	49	42	14	0	76	94	53	104	0.0005150106770506218	0.0003296085604051831	0.0002045779133052843	0.00013901254753732653	8.281937869937342e-05	0.000357839947950553	2.583712277800744e-05	0.00023893325491421377	0.00028605989276840593	0.0001646535031679334	0.00018469996993256303	0.00019123384074045744	1.323083843823183e-05	0.00028911500769721775	0.00034036393861984216	0.00023513121628153044	0.00019788246912091185	0.4917471401916759	0.00018900459998679185	-0.62502196481577	0.584383064194415	0.00021858665519577903	0.4491834770695356	0.5804196510692524	0.00026562315792987554	0.44436048450425925	-1.1414446730123031	-1.7957255696096373	-1.159977381191466	-1.110618334931181	0.08950733225267495	-1.453171952270409	0.0002244048043708155
A930H	missense	46	86	34	18	16	4	2	72	18	18	12	0	6	38	24	18	20	0.00014759452330109283	0.00025603522102902613	0.00013509862199405565	6.288662864783819e-05	4.399779493404213e-05	8.132726089785297e-05	3.875568416701116e-05	0.0002236170206248411	7.764482803713875e-05	6.256833120381469e-05	5.5839525793565566e-05	1.2748922716030496e-05	9.261586906762282e-05	0.00014643487402846094	8.95694575315374e-05	8.273135387683478e-05	3.957649382418237e-05	0.44721428431232974	0.00012450456665124052	-1.0522150693798096	0.47059018248867374	0.00010491742641484001	-0.4378965238296989	0.5107793346074655	8.957804481525387e-05	-0.12604411645164176	-0.3219007374704345	0.06906927047737274	0.8612119178784721	2.20558433736613	-0.53871856988705	1.1373268039217515	0.00010633334596044481
A930W	missense	0	0	0	0	0	0	0	0	1	0	0	0	0	0	0	0	1	3.1403090064062303e-06	2.942933575046278e-06	3.85996062840159e-06	3.309822560412536e-06	2.5881055843554194e-06	1.6265452179570593e-05	1.291856138900372e-05	3.0632468578745355e-06	8.173139793383025e-06	3.293070063358668e-06	4.295348137966582e-06	1.2748922716030496e-05	1.323083843823183e-05	3.7547403597041264e-06	3.582778301261496e-06	4.354281782991305e-06	3.7691898880173684e-06	0.6091090797529298	3.175205587053956e-06	0.5008032338794212	0.617139587242615	4.706201213145702e-06	0.7045391378057991	0.6315879679209843	3.865247582993574e-06	0.8634660376993329	-0.10005198785407819	0.5738651522146992	0.01611387786421517	0.8190163499252244	0.6896028031281843	0.6964407510699618	3.915551461064411e-06
I931V	missense	116	444	349	130	100	41	23	233	125	125	49	55	17	120	147	53	134	0.00036741615374952897	0.0013096054408955936	0.0013509862199405566	0.00043358675541404227	0.00026139866401989737	0.0006831489915419649	0.0003100454733360893	0.0007167997647426413	0.0005149078069831306	0.0004149268279831922	0.00021476740689832912	0.0007139396720977077	0.00023815509188817295	0.0004543235835241993	0.0005302511885867014	0.00023513121628153044	0.00025442031744117235	0.4736840080713237	0.0008388942700675223	-0.7982972990891886	0.5171459322463393	0.0004653504516518233	-0.07496807068014788	0.5491220234137065	0.00036853157645840083	0.18801025922169673	-0.3430900365403726	0.020855021238184276	-0.4768016440386792	0.010280734857711407	-0.22841837018254654	0.01556787804794784	0.0005575920993925821
I931W	missense	46	23	7	16	18	5	11	15	6	30	12	0	10	14	13	30	15	0.00014759452330109283	7.063040580111066e-05	3.087968502721272e-05	5.6266983527013114e-05	4.917400610275297e-05	9.759271307742355e-05	0.00015502273666804465	4.901194972599257e-05	2.860598927684059e-05	0.00010208517196411871	5.5839525793565566e-05	1.2748922716030496e-05	0.00014553922282055013	5.63211053955619e-05	5.0158896217660946e-05	0.00013498273527273044	3.0153519104138947e-05	0.6014546405671177	5.173777011452236e-05	0.42737601761592836	0.6748645978612839	5.888565919012935e-05	1.154538309141783	0.6279090122743939	6.790406399752305e-05	0.8333327279421993	0.20097800780990308	1.2588304826633299	1.0575065630224403	2.5276485928436445	0.8050823515666369	1.8932395377534872	5.950916443405826e-05
I931L	missense	137	163	124	188	463	53	118	159	111	181	184	107	82	114	119	117	328	0.0004333626428840598	0.00048264110630758954	0.0004824950785501988	0.0006255564639179693	0.0012008809911409147	0.000878334417696812	0.0015373088052914427	0.0004901194972599256	0.00045769582842944943	0.0005993387515312776	0.0007946394055238177	0.0013768836533312935	0.0010981595903732419	0.00043179514136597454	0.00042993339615137957	0.0005138052503929739	0.0006200317365788571	0.7278891467796071	0.000697893409979168	1.6402321923753111	0.6813244931538999	0.0005854483706861176	1.2048968538599063	0.6656264309490829	0.0004988913811222963	1.1422656886364249	0.2431012137154841	1.3546778602279184	-0.09823178524666067	0.631407305216556	1.3291315782905475	0.9930425827222371	0.0005940777205958606
I931A	missense	63	6	32	38	46	1	16	11	23	31	35	0	4	23	17	15	65	0.00020097977640999874	2.0600535025323943e-05	0.00012737870073725247	0.00012908307985608892	0.0001216409624647047	3.2530904359141185e-05	0.00021961554361306325	3.6758962294494424e-05	9.807767752059631e-05	0.00010537824202747737	0.00015463253296679695	1.2748922716030496e-05	6.615419219115915e-05	9.011376863289904e-05	6.449000942270693e-05	6.966850852786088e-05	0.00012438326630457317	0.7205678314529804	9.967581952084251e-05	1.5700005541361721	0.739259731413603	9.871185370234127e-05	1.6565348687966688	0.6637154998772001	8.716388822201e-05	1.126613779930501	0.8293669378602146	2.6886701575196055	0.715083882200234	1.9658293660545776	1.4510497342877808	2.3272497617870913	9.518385381506459e-05
I931P	missense	42	60	92	88	32	15	17	83	58	53	17	16	4	54	56	26	56	0.0001350332872754679	0.00017951894807782294	0.0003589763384413479	0.0002945742078767157	8.540748428372885e-05	0.0002602472348731295	0.00023253410500206697	0.00025731273606146096	0.00024110762390479928	0.00017782578342136806	7.731626648339847e-05	0.00021673168617251842	6.615419219115915e-05	0.00020651071978372695	0.0002042183631719053	0.00011756560814076522	0.000107421911808495	0.5778109400132467	0.00022961924466990383	0.2005676164130962	0.5249301117407001	0.0001883906024677567	-0.014285980119214153	0.5495105489611003	0.00015892915072622312	0.19119256468901782	-0.048899465406696846	0.6902578869791168	-0.51536503917804	-0.05299094091894741	0.1258247336609666	0.3186334730300847	0.00019231299928796123
I931R	missense	106	19	24	59	102	9	34	46	12	70	63	4	9	52	34	78	165	0.00033601306368546665	5.8858671500925554e-05	9.649901571003975e-05	0.00019858935362475217	0.0002665748751886082	0.00016265452179570593	0.00045214964861513024	0.00014397260232010316	5.312540865698967e-05	0.00023380797449846542	0.00027490228082986126	6.374461358015247e-05	0.0001323083843823183	0.0001990012390643187	0.00012539724054415238	0.00034398826085631305	0.0003128427607054416	0.7710945476399035	0.00015513047900608142	2.0546913363711488	0.7265629223876565	0.00017645206657635487	1.557556046981791	0.6963537944700411	0.0002453073752925564	1.3939450378710954	0.4440160564961975	1.8118406136398448	0.31714387352819634	1.3129218324655807	1.6687308070746782	1.5623812230527128	0.00019229664029166423
I931S	missense	118	77	43	36	31	9	8	25	38	29	60	12	4	78	54	45	125	0.0003736967717623414	0.00022954881885360967	0.00016983826764966996	0.00012246343473526383	8.281937869937342e-05	0.00016265452179570593	0.00011626705250103349	7.964441830473792e-05	0.00015937622597096901	9.879210190076005e-05	0.0002620162364159615	0.00016573599530839644	6.615419219115915e-05	0.000296624488416626	0.0001970528065693823	0.0002002969620176	0.0002374589629450942	0.5242088176070997	0.00015116747498447922	-0.313624806905608	0.7263895927804078	0.00014995724564810715	1.5562048444649972	0.601615014201451	0.0002328583049871756	0.6179658508177676	-0.14580947841475328	0.4697483030838967	-0.39885947010660283	0.13816190145460108	0.6201819627923856	0.3039551022692489	0.000177994341873254
I931Y	missense	55	19	20	19	10	3	9	22	11	13	5	1	3	14	10	8	14	0.0001758573043587489	5.8858671500925554e-05	8.10591731964334e-05	6.619645120825072e-05	2.8469161427909612e-05	6.506180871828237e-05	0.0001291856138900372	7.045467773111431e-05	4.9038838760298155e-05	4.610298088702135e-05	2.5772088827799493e-05	2.549784543206099e-05	5.292335375292732e-05	5.63211053955619e-05	3.941056131387646e-05	3.918853604692174e-05	2.8268924160130263e-05	0.5685002507143543	5.8645864333379824e-05	0.11125238637257803	0.5355236997756274	4.784214655155833e-05	0.06829704214618712	0.5603675007584689	4.079728172912259e-05	0.28011885871258985	0.2978880208179594	1.4793400665585499	0.31714387352819634	1.3129218324655807	0.15322276241045166	1.3961309495120653	4.9095097538020246e-05
I931N	missense	54	78	60	67	45	17	11	56	42	43	28	13	6	61	61	36	53	0.00017271699535234268	0.00023249175242865593	0.000235457598332497	0.00022506793410805246	0.0001190528568803493	0.00029277813923227067	0.00015502273666804465	0.00017460507089884852	0.00017572250555773506	0.0001448950827877814	0.0001245650960010309	0.00017848491802442692	9.261586906762282e-05	0.00023279390230165583	0.00022213225467821276	0.00016110842597067828	0.00010176812697646895	0.5710166165397689	0.00020301753543738865	0.13539128579753656	0.5885061870107932	0.00015494693881134896	0.4813255560540408	0.5459216633618472	0.00017945067748175396	0.16179699381676846	-0.2761432469097594	0.17318611960817545	-0.284916117799766	0.32511086738486816	0.2595046118894486	0.2491484934965218	0.00017913838391016385
I931K	missense	63	45	43	44	35	3	6	49	26	30	34	3	0	39	46	16	61	0.00020097977640999874	0.00013537494445212876	0.00016983826764966996	0.00014894201521856415	9.31718010367951e-05	6.506180871828237e-05	9.042992972302605e-05	0.00015316234289372677	0.00011033738721067085	0.00010208517196411871	0.0001503371848288304	5.099569086412198e-05	1.323083843823183e-05	0.00015018961438816505	0.00016839058015929032	7.402279031085218e-05	0.00011684488652853843	0.5913122605328263	0.0001368317570892895	0.3300825759768804	0.6209471376914104	0.00012898052172433667	0.7342211513457632	0.5773008181145928	0.00012736196784671148	0.41881498503877473	0.14298606083221632	1.1268752831912145	-0.5859461134637473	-0.16879461515548824	0.4943729041204728	0.47904033401786317	0.00013105808222011256
I931M	missense	50	12	12	11	38	3	3	20	9	25	43	2	4	18	32	35	85	0.00016015575932671776	3.825813647560161e-05	5.017948816922067e-05	3.9717870724950433e-05	0.00010093611778986136	6.506180871828237e-05	5.167424555601488e-05	6.432818401536524e-05	4.086569896691513e-05	8.561982164732537e-05	0.00018899531807052962	3.824676814809149e-05	6.615419219115915e-05	7.134006683437841e-05	0.00011823168394162938	0.00015675414418768696	0.00016207516518474684	0.7218893645043513	5.727290328990852e-05	1.5826777066756061	0.7628177912510115	9.495225567503383e-05	1.8401832959082403	0.7013982856385167	0.0001271002650371104	1.4352630719951762	-0.10005198785407819	0.5738651522146992	0.23796262748057148	1.183007697327525	1.6193746915263407	0.8784364247711121	9.31084746673509e-05
I931F	missense	55	10	15	56	66	1	7	17	13	40	31	0	8	22	14	42	82	0.0001758573043587489	3.237226932550905e-05	6.175937005442545e-05	0.00018865988594351458	0.0001734030741518131	3.2530904359141185e-05	0.00010334849111202976	5.513844344174164e-05	5.721197855368118e-05	0.00013501587259770538	0.00013745114041493063	1.2748922716030496e-05	0.00011907754594408647	8.63590282731949e-05	5.3741674518922446e-05	0.00018723411666862608	0.0001564213803527208	0.7757012936476644	0.00011404864986881554	2.098882756169718	0.7304857301868322	9.62043587520147e-05	1.5881365568859065	0.7138049337974386	0.00012093904995336606	1.5368825009673766	0.5020080034738842	1.9437958131119601	0.97035638730354	2.3846596873793295	1.7413006046743336	2.1642277502456446	0.00011039735285806543
I931_	nonsense	49	156	108	79	53	23	23	95	49	66	38	43	7	78	56	37	44	0.00015701545032031152	0.00046204057128226557	0.0004207357084957733	0.0002647858048330029	0.00013975770155519264	0.0003903708523096942	0.0003100454733360893	0.0002940716983559554	0.00020432849483457564	0.00022063569424503074	0.0001675185773806967	0.0005609525995053418	0.00010584670750585465	0.000296624488416626	0.0002042183631719053	0.00016546270775366956	8.480677248039078e-05	0.5159751752332851	0.0003218299465415586	-0.39260818172148654	0.573769057918141	0.00022163861620406463	0.36644128304153656	0.512798273530046	0.00018777808295564793	-0.1095075452670349	-0.10005198785407812	0.5738651522146996	-0.7242488116300287	-0.39571041045283956	-0.045224814648994964	0.08907737088093001	0.0002437488819004237
I931I	silent	51	47	34	25	38	5	4	54	18	33	16	5	3	30	19	25	55	0.00016329606833312397	0.00014126081160222131	0.00013509862199405565	8.605538657072594e-05	0.00010093611778986136	9.759271307742355e-05	6.45928069450186e-05	0.00016847857718309945	7.764482803713875e-05	0.00011196438215419471	7.30209183454319e-05	7.649353629618297e-05	5.292335375292732e-05	0.00011639695115082791	7.165556602522992e-05	0.00011321132635777392	0.00010553731686448631	0.5791337615474308	0.00011583773448921605	0.21325712906198835	0.5519170921823916	0.00010777717642996621	0.19609282631956715	0.6277583677074353	0.00010170029009957951	0.8320988398947587	-0.17923323390170298	0.39369570350339567	-0.15997738119146607	0.5301001637385283	0.41381626509210473	0.461897933620962	0.00010843840033958727
I931G	missense	74	39	37	20	41	7	8	54	26	44	24	0	1	39	46	24	69	0.00023552317548046728	0.00011771734300185111	0.00014667850387926044	6.950627376866327e-05	0.00010870043454292761	0.00013012361743656474	0.00011626705250103349	0.00016847857718309945	0.00011033738721067085	0.00014818815285114005	0.00010738370344916456	1.2748922716030496e-05	2.646167687646366e-05	0.00015018961438816505	0.00016839058015929032	0.00010885704457478262	0.0001319216460806079	0.5955653090270823	0.0001106506387981756	0.3708810595739156	0.5909812008410756	0.00013359695517351874	0.5006196914857286	0.5994489978768917	0.00013983972130071146	0.6002246092489961	-0.048899465406696846	0.6902578869791168	0.31714387352819634	1.3129218324655807	0.4905751201028801	1.0015898597223487	0.00012802910509080194
I931Q	missense	43	1	5	8	41	0	5	1	17	25	20	0	4	12	18	13	50	0.00013817359628187414	5.885867150092556e-06	2.315976377040954e-05	2.9788403043712825e-05	0.00010870043454292761	1.6265452179570593e-05	7.751136833402232e-05	6.126493715749071e-06	7.355825814044724e-05	8.561982164732537e-05	9.020231089729822e-05	1.2748922716030496e-05	6.615419219115915e-05	4.881162467615364e-05	6.807278772396843e-05	6.095994496187826e-05	9.61143421444429e-05	0.8600802377111848	4.188361712678563e-05	2.908309916466628	0.7542964256478355	6.387672110020498e-05	1.773754421855509	0.6865034811294647	6.84896748766108e-05	1.3132638414637652	0.6780992625295655	2.344474845718484	0.715083882200234	1.9658293660545776	1.9984427265953009	2.155152105886531	5.808333770120047e-05
I931H	missense	18	77	32	20	53	11	8	29	22	37	34	4	6	18	20	22	53	5.966587112171838e-05	0.00022954881885360967	0.00012737870073725247	6.950627376866327e-05	0.00013975770155519264	0.0001951854261548471	0.00011626705250103349	9.189740573623606e-05	9.39911076239048e-05	0.00012513666240762937	0.0001503371848288304	6.374461358015247e-05	9.261586906762282e-05	7.134006683437841e-05	7.523834432649142e-05	0.0001001484810088	0.00010176812697646895	0.5527528491237025	0.00014154787372867953	-0.03980869519275731	0.6809389185418491	0.00011534059014915016	1.2018910812484944	0.6666771799900013	8.712375478653469e-05	1.1508720838661008	-0.22499072446237806	0.28957885437259306	0.16224191354245326	1.0587713212367769	0.7709848233072792	0.6741750878046849	0.00011467073955478812
I931T	missense	81	27	10	28	48	5	10	39	18	45	46	0	0	46	53	35	88	0.0002575053385253109	8.240214010129577e-05	4.245956691241749e-05	9.598485425196355e-05	0.00012681717363341555	9.759271307742355e-05	0.00014210417527904092	0.0001225298743149814	7.764482803713875e-05	0.00015148122291449873	0.00020188136248442935	1.2748922716030496e-05	1.323083843823183e-05	0.00017647279690609393	0.00019347002826812078	0.00015675414418768696	0.0001677289500167729	0.6921519521550453	8.691593372477308e-05	1.2974137762055011	0.6954313120108125	0.00013838432193776206	1.314867501379276	0.6136691612827618	0.00017360647984466864	0.7166980408064746	0.16318944692050327	1.1728461805352515	0.01611387786421517	0.8190163499252244	1.109659772797084	0.9959312652302379	0.0001329689118357346
I931C	missense	48	23	22	37	4	8	4	33	26	31	12	1	0	12	12	17	21	0.00015387514131390528	7.063040580111066e-05	8.877909445323657e-05	0.00012577325729567639	1.2940527921777098e-05	0.00014638906961613534	6.45928069450186e-05	0.0001041503931677342	0.00011033738721067085	0.00010537824202747737	5.5839525793565566e-05	2.549784543206099e-05	1.323083843823183e-05	4.881162467615364e-05	4.657611791639945e-05	7.837707209384348e-05	4.1461088768191055e-05	0.5679449671382545	7.453082136795018e-05	0.1059256829734028	0.5751299128985289	9.392638704986199e-05	0.3770499188290357	0.6306622752518805	5.380647586364691e-05	0.8558839446768566	-0.3553244929573843	-0.006983329103128431	-0.284916117799766	0.32511086738486816	0.44628651549309833	0.15906376914086987	7.408789476048636e-05
I931D	missense	61	116	64	43	25	14	9	42	20	29	26	5	4	28	27	19	55	0.0001946991583971863	0.0003443232282804145	0.00025089744084610336	0.0001456321926581516	6.729074519324091e-05	0.00024398178269355888	0.0001291856138900372	0.00013171961488860502	8.581796783052178e-05	9.879210190076005e-05	0.00011597439972509772	7.649353629618297e-05	6.615419219115915e-05	0.00010888747043141967	0.00010031779243532189	8.708563565982608e-05	0.00010553731686448631	0.48016765068663914	0.0002020359017444776	-0.7361012561220702	0.6150933415097743	0.00010807602108624614	0.6885874926824932	0.6177572851455823	0.00010045705384776349	0.7501827344308917	-0.2761432469097594	0.17318611960817545	-0.06306736818340972	0.6891022147871685	0.23422299033043822	0.43114416719767196	0.00013685632555949576
I931E	missense	32	29	15	17	3	7	1	8	11	18	10	1	1	15	18	8	34	0.00010363019721140561	8.828800725138832e-05	6.175937005442545e-05	5.957680608742565e-05	1.0352422337421678e-05	0.00013012361743656474	2.583712277800744e-05	2.756922172087082e-05	4.9038838760298155e-05	6.256833120381469e-05	4.7248829517632405e-05	2.549784543206099e-05	2.646167687646366e-05	6.007584575526602e-05	6.807278772396843e-05	3.918853604692174e-05	6.596082304030395e-05	0.4909009000496601	5.4994151432665265e-05	-0.6331397454147485	0.6736577911545901	4.660630530065402e-05	1.1451305669490202	0.6189833816729403	5.832449814161503e-05	0.7602253524997634	-0.7021119791820406	-0.7960655086825615	0.01611387786421517	0.8190163499252244	0.424072058011345	0.011475420621331445	5.330831829164477e-05
G932L	missense	63	41	46	56	147	10	37	56	27	82	84	4	48	33	40	51	95	0.00020097977640999874	0.00012360321015194366	0.00018141814953487475	0.00018865988594351458	0.00038303962648460205	0.0001789199739752765	0.0004909053327821414	0.00017460507089884852	0.00011442395710736236	0.00027332481525876943	0.0003651045917271595	6.374461358015247e-05	0.0006483110834733597	0.0001276611722299403	0.00014689391035172135	0.00022642265271554784	0.0001809211146248337	0.7370012951658735	0.00021918021802873376	1.7276428666182515	0.7234409911375882	0.00023186460874803492	1.533218823645806	0.6688680475806392	0.0001704747124805108	1.1688168752926413	0.438338923604507	1.7989228338067076	1.00733995355671	2.4453393086776822	1.4765595218522332	2.122131071242195	0.00020717317975242652
G932D	missense	29	25	13	28	15	1	4	15	9	24	27	3	2	30	31	20	69	9.420927019218691e-05	7.651627295120322e-05	5.4039448797622264e-05	9.598485425196355e-05	4.140968934968671e-05	3.2530904359141185e-05	6.45928069450186e-05	4.901194972599257e-05	4.086569896691513e-05	8.23267515839667e-05	0.0001202697478630643	5.099569086412198e-05	3.9692515314695496e-05	0.00011639695115082791	0.00011464890564036788	9.14399174428174e-05	0.0001319216460806079	0.5954355837886018	6.698756633761895e-05	0.36963663618645287	0.734084191137701	7.311853703498468e-05	1.6161885992956164	0.6314273533912618	0.00011360185507865527	0.8621504884400997	0.2978880208179594	1.4793400665585499	-0.10882485874408475	0.6140270535715644	0.9493252413073897	1.0466835600650573	8.456931948375298e-05
G932_	nonsense	33	140	128	182	25	40	7	120	105	65	28	65	11	76	107	26	34	0.00010677050621781183	0.00041495363408152516	0.0004979349210638052	0.0006056975285554942	6.729074519324091e-05	0.0006668835393623943	0.00010334849111202976	0.0003706528698028188	0.00043317640904930036	0.0002173426241816721	0.0001245650960010309	0.0008414288992580127	0.00015877006125878198	0.00028911500769721775	0.00038694005653624157	0.00011756560814076522	6.596082304030395e-05	0.5512847812221522	0.0003964692072235164	-0.05389152173038679	0.520907927923606	0.0002864342497587056	-0.045641182400771065	0.48847469562594104	0.00021489537385363213	-0.30873525492030574	-0.8097458575818701	-1.0409762356783576	-0.7242488116300287	-0.39571041045283956	-0.1360893196838212	-0.7183433230655986	0.0002992662769452847
G932A	missense	63	40	31	45	115	1	20	27	33	83	57	5	24	45	45	45	120	0.00020097977640999874	0.00012066027657689738	0.0001235187401088509	0.00015225183777897667	0.00030022024778522866	3.2530904359141185e-05	0.00027128978916907815	8.577091202048699e-05	0.00013894337648751146	0.0002766178853221281	0.0002491301920020618	7.649353629618297e-05	0.00033077096095579576	0.0001727180565463898	0.00016480780185802884	0.0002002969620176	0.0002280359882250508	0.7268108292412375	0.00017416277556248842	1.629888148459286	0.7295609309274332	0.0001876155914580471	1.5809272225623359	0.6578786051882419	0.00019146470216176734	1.078805387392484	0.92113731121586	2.897484976694999	0.6359026361526091	1.8359152309165216	1.4298735861380354	2.3667001038057602	0.00018441435639410093
G932G	silent	107	141	114	119	110	21	29	133	89	139	75	36	10	84	90	67	247	0.0003391533726918729	0.00041789656765657145	0.0004438954722661829	0.00039717870724950433	0.00028727971986345155	0.000357839947950553	0.0003875568416701116	0.00041047507895518775	0.00036779129070223617	0.00046102980887021355	0.00032644645848546025	0.00047171014049312833	0.00014553922282055013	0.00031915293057485075	0.00032603282541479616	0.0002960911612434087	0.0004673795461141537	0.5895459033201774	0.00038656261675892753	0.31313833095731713	0.6123185302387696	0.00039143565925327446	0.666956266301011	0.6618026372325223	0.0003521641158368023	1.110946050245217	0.03464658604337805	0.8803590382379981	-0.5106951610445548	-0.045328985478805095	0.6970135491678485	0.4175150263795965	0.00037672079728300143
G932V	missense	93	73	52	100	71	12	28	108	68	93	32	34	15	59	59	63	135	0.00029518904660218566	0.00021777708455342454	0.0002045779133052843	0.00033429207860166617	0.0001863436020735902	0.0002114508783344177	0.0003746382802811079	0.0003338939075083244	0.0002819733228717144	0.0003095485859557148	0.00014174648855289722	0.00044621229506106735	0.0002116934150117093	0.0002252844215822476	0.00021496669807568978	0.0002786740341114435	0.00025630491238518103	0.6296943356205725	0.0002357476696334913	0.6982727019541578	0.5607095224330063	0.0002667905762221627	0.2646348029151756	0.6450938237403188	0.0002438075165386405	0.9740887730716322	0.24840265773804118	1.3667407955136732	-0.32383418383013574	0.26125727651639136	0.6456654259803218	0.8139990360150323	0.0002487819207980982
G932C	missense	34	38	28	26	18	5	5	28	35	33	28	10	2	33	40	28	69	0.00010991081522421806	0.00011477440942680483	0.00011193885822364612	8.936520913113848e-05	4.917400610275297e-05	9.759271307742355e-05	7.751136833402232e-05	8.883415887836153e-05	0.00014711651628089448	0.00011196438215419471	0.0001245650960010309	0.00014023814987633546	3.9692515314695496e-05	0.0001276611722299403	0.00014689391035172135	0.00012627417170674784	0.0001319216460806079	0.5499235565312609	9.13131207210856e-05	-0.06694942673622245	0.6440591807761495	0.0001181200383286204	0.9143926251064028	0.6231608860051804	0.00013318772509225436	0.7944421368667682	-0.10005198785407812	0.5738651522146996	-0.5481575525743475	-0.1067942242661434	0.5472951117456496	0.2335354639742781	0.00011420696138065345
G932M	missense	40	17	5	16	15	6	9	32	17	39	16	7	6	35	30	19	40	0.00012875266926265546	5.2972804350832996e-05	2.315976377040954e-05	5.6266983527013114e-05	4.140968934968671e-05	0.00011385816525699414	0.0001291856138900372	0.00010108714630985967	7.355825814044724e-05	0.00013172280253434673	7.30209183454319e-05	0.00010199138172824396	9.261586906762282e-05	0.00013517065294934856	0.00011106612733910638	8.708563565982608e-05	7.726839270435605e-05	0.6238621683477881	4.345231024948559e-05	0.6423261071445244	0.6164223491920291	9.484728133252139e-05	0.6989478607327396	0.5648162147543643	0.00010264770216315926	0.3165570465400112	0.05484997213166504	0.926329935582035	-0.04187806911347157	0.7238678897450609	0.5526103381390918	0.825098912663548	8.031576458172208e-05
G932R	missense	84	32	26	80	195	6	24	20	27	106	126	4	29	31	43	72	316	0.0002669262655445296	9.711680797652717e-05	0.00010421893696684294	0.0002680956273934154	0.0005072686945336622	0.00011385816525699414	0.000322964034725093	6.432818401536524e-05	0.00011442395710736236	0.0003523584967793775	0.000545509213521756	6.374461358015247e-05	0.00039692515314695493	0.00012015169151053205	0.00015764224525550584	0.0003178625701583652	0.0005974165972507529	0.8034494029172272	0.0002441750167176119	2.3650637748935677	0.8202264796584635	0.0002691549628559653	2.2877165563436077	0.7917977256121472	0.000298268276043789	2.1756999210018866	0.4527899808037026	1.8318048499258854	0.7942651282478589	2.0957435011926333	2.2761600840796876	1.9637741755592595	0.0002705327518724554
G932F	missense	50	33	12	54	105	2	23	16	9	54	49	1	25	19	19	35	88	0.00016015575932671776	0.00010005974155157344	5.017948816922067e-05	0.0001820402408226895	0.00027433919194167443	4.8796356538711774e-05	0.0003100454733360893	5.20751965838671e-05	4.086569896691513e-05	0.00018111885348472674	0.00021476740689832912	2.549784543206099e-05	0.0003440017993940276	7.509480719408253e-05	7.165556602522992e-05	0.00015675414418768696	0.0001677289500167729	0.759907468297637	0.0001516546656212895	1.9473763425118953	0.785672790431635	0.0001222067889834595	2.018350966765956	0.7212901172467254	0.00011780836685594308	1.5981915715660862	0.8030379991378654	2.6287611435605904	1.1300572301710519	2.6466838145252005	1.8546396269479792	2.6377224790428953	0.00013055660715356404
G932P	missense	44	19	19	30	75	9	12	35	18	65	79	7	3	20	26	34	110	0.00014131390528828035	5.8858671500925554e-05	7.719921256803181e-05	0.00010260449937278863	0.00019669602441101187	0.00016265452179570593	0.00016794129805704837	0.00011027688688348328	7.764482803713875e-05	0.0002173426241816721	0.0003436278510373266	0.00010199138172824396	5.292335375292732e-05	7.884954755378666e-05	9.673501413406039e-05	0.00015239986240469565	0.00020919003878496395	0.7510218413202959	0.00010883960196318947	1.8621386343188124	0.7651654837075919	0.0001872230475349052	1.8584848890771335	0.7289434934163155	0.00013429361571937664	1.6608782622903575	0.013891364452758636	0.833132491315338	-0.284916117799766	0.32511086738486816	1.7938339285621012	0.5791216793501031	0.00014345208840582378
G932S	missense	91	56	49	85	103	11	35	48	34	89	75	15	22	38	44	60	131	0.0002889084285893732	0.00016774721377763784	0.0001929980314200795	0.0002846447401954781	0.00026916298077296364	0.0001951854261548471	0.00046506821000413394	0.00015009909603585223	0.00014302994638420297	0.0002963763057022801	0.00032644645848546025	0.00020398276345648793	0.0003043092840793321	0.00014643487402846094	0.00016122502355676732	0.0002656111887624696	0.00024876653260914633	0.6791103173363728	0.00022863824154153978	1.1723084723401123	0.7181255937463169	0.00022898795165194892	1.4917822886714849	0.6875550965462196	0.00020550940473921105	1.3218773329386684	0.37706926686558434	1.659509515269854	0.17372173122588327	1.0776064704713364	1.3286560313167552	1.368557992870595	0.0002210451993108999
G932I	missense	33	2	1	5	13	1	0	27	2	10	12	0	0	12	3	17	15	0.00010677050621781183	8.828800725138832e-06	7.71992125680318e-06	1.9858935362475217e-05	3.623347818097587e-05	3.2530904359141185e-05	1.291856138900372e-05	8.577091202048699e-05	1.2259709690074539e-05	3.622377069694535e-05	5.5839525793565566e-05	1.2748922716030496e-05	1.323083843823183e-05	4.881162467615364e-05	1.4331113205045985e-05	7.837707209384348e-05	3.0153519104138947e-05	0.787361597514194	1.8160283881348274e-05	2.2107372804427294	0.5817121226859416	4.7523479550268106e-05	0.42836197435141954	0.6308771812546888	4.291833226979551e-05	0.8576441803995389	-0.4010819835180594	-0.11110017823393115	0.01611387786421517	0.8190163499252244	1.1655811450645628	0.35395808584564664	3.6200698567137295e-05
G932H	missense	33	43	32	61	28	2	21	56	31	46	19	4	31	28	28	31	45	0.00010677050621781183	0.0001294890773020362	0.00012737870073725247	0.00020520899874557725	7.505506194630717e-05	4.8796356538711774e-05	0.00028420835055808184	0.00017460507089884852	0.0001307702366941284	0.0001547742929778574	8.590696275933165e-05	6.374461358015247e-05	0.0004233868300234186	0.00010888747043141967	0.00010390057073658339	0.00013933701705572175	8.669136742439947e-05	0.6051092250785287	0.00013428295968279328	0.46243357843239924	0.5695821448746957	0.0001365141408325415	0.3338019230862372	0.6161261689167881	0.00010970410641203106	0.7368227118338005	0.7652494382484657	2.542776841432512	0.8222938518481023	2.1417307464976534	0.5110194044508124	2.3422537939650825	0.0001268337356424553
G932T	missense	50	6	2	16	35	1	2	5	4	19	21	0	3	8	15	26	43	0.00016015575932671776	2.0600535025323943e-05	1.157988188520477e-05	5.6266983527013114e-05	9.31718010367951e-05	3.2530904359141185e-05	3.875568416701116e-05	1.8379481147247212e-05	2.0432849483457566e-05	6.586140126717336e-05	9.449765903526481e-05	1.2748922716030496e-05	5.292335375292732e-05	3.379266323733714e-05	5.732445282018394e-05	0.00011756560814076522	8.292217753638211e-05	0.8055982638028635	4.5404800368584235e-05	2.3856772867576685	0.7968263126076117	4.979284773328574e-05	2.1052989929832755	0.7140030041430161	7.290122543366711e-05	1.5385048404708497	0.07603927120160313	0.9745441848212235	0.6181738691921775	1.806827315005937	2.009827040070598	1.3906857499135803	5.603295784517903e-05
G932N	missense	38	28	25	24	47	15	15	18	7	25	25	11	17	18	8	14	52	0.00012247205124984298	8.534507367634205e-05	0.00010035897633844135	8.274556401031341e-05	0.00012422906804906013	0.0002602472348731295	0.00020669698222405952	5.8201690299616175e-05	3.26925591735321e-05	8.561982164732537e-05	0.00011167905158713113	0.00015298707259236595	0.00023815509188817295	7.134006683437841e-05	3.2245004711353466e-05	6.531422674486956e-05	9.988353203246026e-05	0.6565265939148063	9.816967051853924e-05	0.9556681798959646	0.7175418276518036	7.20482806769012e-05	1.4872315011364186	0.6802023809915106	6.719570758076542e-05	1.2616532702834196	-0.10005198785407819	0.5738651522146992	0.19220513691989638	1.1079325361119206	1.2348509837719341	0.8408988441633098	7.913788625873529e-05
G932K	missense	40	3	6	61	45	6	21	3	13	42	21	0	17	17	9	36	53	0.00012875266926265546	1.1771734300185111e-05	2.7019724398811132e-05	0.00020520899874557725	0.0001190528568803493	0.00011385816525699414	0.00028420835055808184	1.2252987431498142e-05	5.721197855368118e-05	0.00014160201272442273	9.449765903526481e-05	1.2748922716030496e-05	0.00023815509188817295	6.758532647467428e-05	3.582778301261496e-05	0.00016110842597067828	0.00010176812697646895	0.7971622632123058	9.07633285812307e-05	2.3047527376528842	0.7604558119952166	7.639115943621672e-05	1.8217703290429434	0.7027489333678053	9.157241560860912e-05	1.4463258545642304	0.39727265295387126	1.7054804126138907	1.2713863829675212	2.878565169919686	1.8576163070866862	2.2920227912667883	8.624230120868552e-05
G932Q	missense	24	0	2	20	97	0	14	1	3	21	23	0	11	1	1	14	50	7.850772516015576e-05	2.942933575046278e-06	1.157988188520477e-05	6.950627376866327e-05	0.0002536343472668311	1.6265452179570593e-05	0.0001937784208350558	6.126493715749071e-06	1.634627958676605e-05	7.24475413938907e-05	0.00010308835531119797	1.2748922716030496e-05	0.00015877006125878198	7.509480719408253e-06	7.165556602522992e-06	6.531422674486956e-05	9.61143421444429e-05	0.924855027747807	8.441585912393635e-05	3.5296790855178792	0.8440477610021739	4.950216750190095e-05	2.4734169442680782	0.8549521723229527	4.402590155281093e-05	2.692980553901288	1.0760392712016031	3.249949760062335	1.09529512391184	2.5896489837329897	2.898692194562415	2.9197993718976623	5.931464272621607e-05
G932Y	missense	20	15	16	37	21	5	11	10	10	29	20	4	3	11	20	23	19	6.594648913453083e-05	4.7086937200740445e-05	6.561933068282704e-05	0.00012577325729567639	5.6938322855819224e-05	9.759271307742355e-05	0.00015502273666804465	3.369571543661989e-05	4.4952268863606643e-05	9.879210190076005e-05	9.020231089729822e-05	6.374461358015247e-05	5.292335375292732e-05	4.505688431644952e-05	7.523834432649142e-05	0.0001045027627917913	3.7691898880173686e-05	0.6629581346281075	7.385446200876577e-05	1.0173644216975022	0.7293181227268176	6.69105992745712e-05	1.579034395035765	0.6284141610882	6.562247257872648e-05	0.8374702623791737	0.20097800780990308	1.2588304826633299	-0.08079613514384125	0.6600142988765841	1.1446230263708137	0.9594223907699571	6.879584462068781e-05
G932W	missense	37	26	31	36	32	8	1	32	26	23	14	4	2	41	27	17	64	0.00011933174224343676	7.94592065262495e-05	0.0001235187401088509	0.00012246343473526383	8.540748428372885e-05	0.00014638906961613534	2.583712277800744e-05	0.00010108714630985967	0.00011033738721067085	7.903368152060803e-05	6.443022206949873e-05	6.374461358015247e-05	3.9692515314695496e-05	0.00015769909510757332	0.00010031779243532189	7.837707209384348e-05	0.00012249867136056446	0.6301081825040825	0.00010271221641352327	0.702242636769472	0.5752398276338097	8.872210927765932e-05	0.37790676648075294	0.5902582153843591	0.00011472315774932579	0.5249454478884619	-0.7532645016294218	-0.9124582434469789	-0.2057348717521411	0.45502500252292416	0.5350316170462289	-0.22871662046202737	0.00010205249448016946
G932E	missense	47	8	3	7	13	0	3	12	7	19	17	0	0	11	17	13	32	0.00015073483230749907	2.6486402175416498e-05	1.543984251360636e-05	2.647858048330029e-05	3.623347818097587e-05	1.6265452179570593e-05	5.167424555601488e-05	3.982220915236896e-05	3.26925591735321e-05	6.586140126717336e-05	7.731626648339847e-05	1.2748922716030496e-05	1.323083843823183e-05	4.505688431644952e-05	6.449000942270693e-05	6.095994496187826e-05	6.219163315228658e-05	0.6731180943014379	2.6159575838324755e-05	1.114826500636581	0.7094089718305476	5.392310901911823e-05	1.4238312810076306	0.6507168545550546	5.8174617963330324e-05	1.0201454656744304	0.5020080034738842	1.9437958131119601	0.01611387786421517	0.8190163499252244	1.186267749106214	1.3814060815185922	4.608576760692444e-05
K933C	missense	69	23	18	8	69	7	27	47	13	40	24	9	1	34	43	36	78	0.0002198216304484361	7.063040580111066e-05	7.333925193963022e-05	2.9788403043712825e-05	0.00018116739090487936	0.00013012361743656474	0.0003617197188921042	0.0001470358491779777	5.721197855368118e-05	0.00013501587259770538	0.00010738370344916456	0.00012748922716030494	2.646167687646366e-05	0.00013141591258964444	0.00015764224525550584	0.00016110842597067828	0.00014888300057668604	0.7264509191452437	8.873136292233326e-05	1.6264356164301683	0.6134829334072371	0.00011166185094463221	0.6760334488826273	0.6366575167840555	0.00014976239609812864	0.9049893124801606	0.4440160564961975	1.8118406136398448	-0.6828561264718036	-0.32779666620412845	1.069152792597652	0.7420219737178582	0.00011671853665503137
K933Q	missense	31	2	3	13	59	4	7	13	9	29	38	0	4	18	12	44	88	0.00010048988820499937	8.828800725138832e-06	1.543984251360636e-05	4.6337515845775506e-05	0.00015528633506132515	8.132726089785297e-05	0.00010334849111202976	4.2885456010243496e-05	4.086569896691513e-05	9.879210190076005e-05	0.0001675185773806967	1.2748922716030496e-05	6.615419219115915e-05	7.134006683437841e-05	4.657611791639945e-05	0.00019594268023460871	0.0001677289500167729	0.8852290295871349	5.647312353646146e-05	3.149556301082726	0.7791962464859082	8.751545856465384e-05	1.9678626363618117	0.7388248306447045	0.00012039695375053987	1.7418135667955101	0.1040679948018466	1.0383208987681096	0.715083882200234	1.9658293660545776	2.2864108347466825	1.5020751324113437	8.812851195055172e-05
K933P	missense	60	35	31	51	28	6	6	36	30	54	17	6	0	41	41	28	74	0.00019155884939078005	0.00010594560870166599	0.0001235187401088509	0.00017211077314145188	7.505506194630717e-05	0.00011385816525699414	9.042992972302605e-05	0.00011334013374135781	0.0001266836667974369	0.00018111885348472674	7.731626648339847e-05	8.924245901221346e-05	1.323083843823183e-05	0.00015769909510757332	0.00015047668865298284	0.00012627417170674784	0.00014134462080065132	0.6134397776508415	0.00011915754597456898	0.5423465897546921	0.6115494394623228	0.00012461473012673	0.6609607678442071	0.6090946009899315	0.00014394864406698884	0.679229080713331	-0.10005198785407812	0.5738651522146996	-0.8289841621500417	-0.5675516375156809	0.6275121461040767	0.0031567573495093204	0.0001292403067227626
K933T	missense	82	342	329	151	89	42	6	200	146	127	56	84	15	91	103	76	101	0.0002606456475317171	0.0010094262162408732	0.0012737870073725249	0.0005030930291827055	0.00023292950259198774	0.0006994144437215354	9.042992972302605e-05	0.0006157126184327817	0.0006007257748136525	0.0004215129681099095	0.00024483484386409517	0.001083658430862592	0.0002116934150117093	0.0003454361130927796	0.0003726089433311956	0.00033527969729033047	0.0001922286842888858	0.4966486401565395	0.0007548089388470227	-0.5780030403460794	0.5392330840041826	0.0004706965513051097	0.09721379436722079	0.5751274376022322	0.0003113883595007979	0.40101342544134483	-0.8884224034194078	-1.2199972867178037	-0.7091850651941528	-0.37099504301622804	-0.02659194017917127	-0.7954961648670159	0.0005122979498843101
K933_	nonsense	71	128	125	97	58	29	10	165	107	84	33	29	14	133	126	60	99	0.0002261022484612486	0.0003796384311809698	0.00048635503917860036	0.0003243626109204286	0.00015269822947696976	0.00048796356538711777	0.00014210417527904092	0.0005084989784071729	0.0004413495488426834	0.0002799109553854868	0.0001460418366908638	0.0003824676814809149	0.00019846257657347746	0.0005031352082003529	0.00045501284426021	0.0002656111887624696	0.00018845949440086842	0.5465581765179002	0.0003357635776892421	-0.09923271752360069	0.5115379396479898	0.0003439503298315517	-0.11868555111140247	0.52467658972501	0.00035305468390597525	-0.012215537512672583	-0.5357805574155156	-0.4175940642572297	-0.284916117799766	0.32511086738486816	-0.07671126871589191	-0.04624159843618078	0.00034425619714225633
K933G	missense	189	395	338	375	200	54	21	275	222	177	110	70	39	274	195	180	282	0.0005966587112171838	0.001165401695718326	0.0013085266530281391	0.0012444932827151136	0.0005202092224554393	0.0008945998698763826	0.00028420835055808184	0.0008454561327733718	0.0009113050869622073	0.0005861664712778429	0.0004767836433142906	0.0009051735128381652	0.0005292335375292732	0.0010325535989186348	0.0007022245470472533	0.0007881250027214261	0.0005333403691544576	0.566030168142214	0.0010596577134792545	0.08755747119846403	0.5615557359259423	0.000704927833581928	0.2712315166535249	0.5672600315805624	0.000764060879460443	0.33657367530306026	-0.4979919965261158	-0.33160976212915133	-0.23308447952689776	0.41015199511552003	0.2317875543850164	0.03927111649318435	0.0008428821421738752
K933R	missense	139	52	73	90	179	21	48	71	53	146	137	23	20	65	52	133	362	0.0004396432608968722	0.0001559754794774527	0.00028563708650171767	0.0003011938529975408	0.0004658590051839755	0.000357839947950553	0.0006330095080611823	0.00022055377376696656	0.0002206747744213417	0.00048408129931372417	0.0005927580430393883	0.0003059741451847319	0.00027784760720286846	0.00024781286374047235	0.0001898872499668593	0.0005834737589208349	0.0006841079646751524	0.7227532041457788	0.00030216635604017166	1.5909643150904522	0.7386328735121213	0.00037951697263535517	1.651648156205559	0.7497940204454894	0.00042632045932582976	1.8316591713105257	0.24772141135222933	1.3651906836892842	-0.04187806911347157	0.7238678897450609	1.6914238808688458	1.0445292867171725	0.0003693345960004522
K933S	missense	160	213	128	136	151	27	37	174	73	183	149	30	40	114	195	124	319	0.0005055897500314031	0.0006297877850599034	0.0004979349210638052	0.0004534456907765175	0.00039339204882202374	0.0004554326610279766	0.0004909053327821414	0.0005360682001280437	0.000302406172355172	0.0006059248916579949	0.0006443022206949874	0.00039521660419694534	0.0005424643759675051	0.00043179514136597454	0.0007022245470472533	0.000544285222873913	0.000603070382082779	0.5772883408916579	0.0004936401114305625	0.19555444721957266	0.6625963718106971	0.0005221753712090494	1.0589005345037448	0.6444995535703475	0.00057034382334248	0.9692212702171835	0.032573577420512784	0.8756421028600077	0.13753604074967796	1.0182359387198898	0.7412254173135003	0.9469390207899487	0.0005287197686606974
K933N	missense	59	77	63	67	98	11	17	37	31	89	53	16	26	36	42	68	98	0.00018841854038437382	0.00022954881885360967	0.0002470374802177018	0.00022506793410805246	0.0002562224528511865	0.0001951854261548471	0.00023253410500206697	0.00011640338059923235	0.0001307702366941284	0.0002963763057022801	0.00023194879945019544	0.00021673168617251842	0.0003572326378322594	0.00013892539330905267	0.00015405946695424435	0.0003004454430264	0.00018657489945685975	0.632575525734378	0.0002394691715076376	0.7259112740881905	0.7075665972642557	0.00019387468061145906	1.4094689271641874	0.6713673981751614	0.0001950013006866392	1.1892883658163758	0.07603927120160313	0.9745441848212235	0.21702872064492856	1.1486610491328573	1.1082228556895846	1.0616026169770403	0.00020944838426857862
K933H	missense	57	28	41	48	32	4	17	36	23	50	29	4	18	30	33	24	72	0.00018213792237156137	8.534507367634205e-05	0.0001621183463928668	0.0001621813054602143	8.540748428372885e-05	8.132726089785297e-05	0.00023253410500206697	0.00011334013374135781	9.807767752059631e-05	0.00016794657323129206	0.00012886044413899745	6.374461358015247e-05	0.0002513859303264048	0.00011639695115082791	0.00012181446224289088	0.00010885704457478262	0.00013757543091263394	0.6250631728544356	0.00012376305245328798	0.6538470579943912	0.6536363977968559	0.0001270562071580609	0.9890524593244137	0.638045150980361	0.00012116097222028384	0.9163550409867323	0.4562505129132091	1.8396789639811575	0.5958974744810254	1.7702780221196817	0.8530848527685123	1.8049784930504196	0.00012399341061054424
K933K	silent	42	20	19	16	50	4	1	28	17	31	16	2	4	13	17	12	51	0.0001350332872754679	6.180160507597183e-05	7.719921256803181e-05	5.6266983527013114e-05	0.0001319933848021264	8.132726089785297e-05	2.583712277800744e-05	8.883415887836153e-05	7.355825814044724e-05	0.00010537824202747737	7.30209183454319e-05	3.824676814809149e-05	6.615419219115915e-05	5.256636503585777e-05	6.449000942270693e-05	5.660566317888696e-05	9.799893708845157e-05	0.6974356867946021	8.181529649328579e-05	1.348099387083012	0.6192707879434308	8.519789434792951e-05	0.7211530550496296	0.6840871443917949	6.791524368147581e-05	1.293472294517221	-0.4979919965261158	-0.33160976212915133	0.23796262748057148	1.183007697327525	1.1209082455499544	0.4256989675991868	7.830947817423038e-05
K933A	missense	77	39	18	44	47	11	19	70	53	83	51	3	4	78	54	53	148	0.00024494410249968596	0.00011771734300185111	7.333925193963022e-05	0.00014894201521856415	0.00012422906804906013	0.0001951854261548471	0.0002583712277800744	0.00021749052690909202	0.0002206747744213417	0.0002766178853221281	0.00022335810317426226	5.099569086412198e-05	6.615419219115915e-05	0.000296624488416626	0.0001970528065693823	0.00023513121628153044	0.00028080464665729396	0.6506172625218039	0.00011605691955227641	0.8989813680168001	0.6347994087476251	0.000234535322456706	0.842207454502926	0.623838525987378	0.00025240328948120816	0.7999924988305782	0.1217967617622782	1.0786610339520262	0.11302389087227156	0.9780184009738648	0.8470604404501015	1.0283397174629454	0.00020099851049673018
K933F	missense	63	7	17	33	151	5	16	25	17	33	53	9	33	16	22	29	77	0.00020097977640999874	2.3543468600370222e-05	6.947929131122863e-05	0.00011253396705402623	0.00039339204882202374	9.759271307742355e-05	0.00021961554361306325	7.964441830473792e-05	7.355825814044724e-05	0.00011196438215419471	0.00023194879945019544	0.00012748922716030494	0.00044984850689988224	6.383058611497015e-05	8.240390092901442e-05	0.00013062845348973912	0.00014699840563267737	0.8655465339861552	0.0001497371939469122	2.96074679773241	0.7495482465077395	0.00012427896451239383	1.7367396745995431	0.7128023007425178	0.00010596533654160027	1.528670210491771	0.35224568314055216	1.6030257944644513	0.5475927949064703	1.6910236407693962	2.0753855609412413	1.6470247176169237	0.00012666049833363544
K933D	missense	45	40	37	102	213	11	23	104	68	132	83	4	14	42	62	107	205	0.0001444542142946866	0.00012066027657689738	0.00014667850387926044	0.0003409117237224912	0.0005538545950520597	0.0001951854261548471	0.0003100454733360893	0.00032164092007682624	0.0002819733228717144	0.00043797831842670287	0.0003608092435891929	6.374461358015247e-05	0.00019846257657347746	0.00016145383546727743	0.00022571503297947427	0.0004702624325630609	0.00038822655846578895	0.7856799781123063	0.0002905262748076772	2.1946059051064197	0.6493787091834056	0.0003506004512411091	0.9558613636914289	0.717808948454802	0.0003114144648689004	1.5696782793166637	0.20097800780990308	1.2588304826633299	0.49323513258387763	1.6018380186522772	1.5733818493715042	1.4303342506578036	0.00031751373030589557
K933L	missense	113	95	52	112	252	20	35	107	77	95	115	6	22	113	107	71	170	0.00035799522673031026	0.00028252162320444263	0.0002045779133052843	0.0003740099493266166	0.000654790712841921	0.00034157449577098246	0.00046506821000413394	0.0003308306606504498	0.00031875245194193803	0.0003161347260824321	0.0004982603840041236	8.924245901221346e-05	0.0003043092840793321	0.00042804040100627043	0.00038694005653624157	0.0003135082883753739	0.000322265735425485	0.7310623339563563	0.00037897504966956613	1.6706718229498907	0.6676638385446031	0.0003659945556697359	1.0984043094981641	0.5913316769025769	0.00036268862033584276	0.5337378747476441	0.13403121817928978	1.1064993842933386	0.5327436738675513	1.6666604131918565	1.1009380023985662	1.3865798987425975	0.0003692194085583816
K933V	missense	120	112	63	143	153	21	42	104	124	166	68	17	43	132	93	132	250	0.00037997738977515387	0.0003325514939802294	0.0002470374802177018	0.0004766144486994052	0.0003985682599907346	0.000357839947950553	0.0005554981397271599	0.00032164092007682624	0.0005108212370864391	0.0005499427005808975	0.00029637902151969416	0.0002294806088885489	0.0005821568912822005	0.0004993804678406488	0.00033678116031858065	0.0005791194771378435	0.00047303333094617973	0.6617435034259359	0.00036369292072201777	1.005712753195445	0.6222700303602349	0.0004196959698159643	0.7445338494008577	0.6358097003736259	0.0004720786090608132	0.8980450823869461	0.19099378690330215	1.2361123307480113	0.4042940492470965	1.455910737929896	0.8827638949944164	1.3460115343389536	0.00041848916653293173
K933I	missense	56	151	80	70	32	31	14	123	83	73	12	17	6	135	156	41	95	0.00017899761336515513	0.0004473259034070342	0.0003126568109005288	0.00023499740178929007	8.540748428372885e-05	0.000520494469746259	0.0001937784208350558	0.0003798426103764424	0.0003432718713220871	0.00024368718468854142	5.5839525793565566e-05	0.0002294806088885489	9.261586906762282e-05	0.0005106446889197612	0.0005624961932980549	0.0001828798348856348	0.0001809211146248337	0.4903938334178256	0.00027009690009514544	-0.6380039151248852	0.494016382703943	0.00025566029804515914	-0.2552760171993775	0.5059288021378282	0.00035923545793207107	-0.16577348843525821	-0.4291107071183029	-0.17487689218081734	-0.39406058722483406	0.14603551737166853	-0.35301780691984025	-0.014420687404574403	0.0002949975520241252
K933W	missense	44	134	129	118	24	48	9	92	105	51	22	86	7	74	64	27	31	0.00014131390528828035	0.0003972960326312475	0.0005017948816922067	0.0003938688846890918	6.470263960888549e-05	0.000797007156798959	0.0001291856138900372	0.0002848819577823318	0.00043317640904930036	0.00017123964329465073	9.879300717323138e-05	0.0011091562762946532	0.00010584670750585465	0.00028160552697780946	0.00023288058958199724	0.00012191988992375652	6.0307038208277895e-05	0.5231976166703731	0.00033941560965535786	-0.3233250172103021	0.5212388581590902	0.00024702275432487856	-0.04306139367242092	0.48598003836185577	0.00017417826117296028	-0.32916830367049493	-0.7902480678825918	-0.996610856291741	-1.0203153877624598	-0.8814723187511231	-0.2318515715177393	-0.939041587521432	0.0002535388750510656
K933E	missense	58	40	42	37	73	17	10	40	47	35	51	11	0	55	32	32	84	0.0001852782313779676	0.00012066027657689738	0.00016597830702126838	0.00012577325729567639	0.00019151981324230102	0.00029277813923227067	0.00014210417527904092	0.00012559312117285594	0.00019615535504119262	0.00011855052228091205	0.00022335810317426226	0.00015298707259236595	1.323083843823183e-05	0.00021026546014343107	0.00011823168394162938	0.00014369129883871304	0.00016019057024073817	0.6606773732362936	0.0001509829135340358	0.9954856196198063	0.6656252929226246	0.00016591427541730574	1.0825126911027882	0.600338157138815	0.00015809475329112792	0.6075074672219625	-0.3139318077991592	0.08720181748009694	-1.0630673681834097	-0.9516162838825408	0.8951685926481856	-0.43220723320122195	0.0001583306474141565
K933M	missense	28	15	8	99	232	8	49	5	12	108	91	3	41	11	15	69	185	9.106896118578068e-05	4.7086937200740445e-05	3.4739645655614314e-05	0.00033098225604125364	0.0006030286011548127	0.00014638906961613534	0.000645928069450186	1.8379481147247212e-05	5.312540865698967e-05	0.0003589446369060948	0.00039517202869292553	5.099569086412198e-05	0.0005556952144057369	4.505688431644952e-05	5.732445282018394e-05	0.0003047997248093913	0.00035053465958561524	0.8666808443960412	0.00025395936001310526	2.9716279679598787	0.8424417657652877	0.0002064053888508143	2.4608973012567943	0.8170094444265968	0.00018942893038290999	2.3822021475915602	0.6446755070426158	2.268422246137983	1.0373031769341532	2.494500523552826	2.604909138936078	2.3814613848454043	0.00021659789308227652
K933Y	missense	70	93	94	81	51	17	21	131	72	92	59	10	8	67	97	49	88	0.00022296193945484235	0.0002766357560543501	0.0003666962596981511	0.000271405449953828	0.00013458149038648182	0.00029277813923227067	0.00028420835055808184	0.0004043485852394387	0.00029831960245848047	0.00030625551589235614	0.0002577208882779949	0.00014023814987633546	0.00011907754594408647	0.0002553223444598806	0.00035111227352362665	0.00021771408914956524	0.0001677289500167729	0.5628818990498388	0.00026232973902320277	0.05735687388625505	0.5823728909214636	0.0003166611479670675	0.43351303721382917	0.5750721731093077	0.00024796941428746134	0.40056076924109746	-0.012901812135178013	0.7721671479287273	-0.07103629785468504	0.6760274444609092	0.2971435601137272	0.7240972961948182	0.00027565343375924385
I934L	missense	111	35	64	108	90	30	18	104	57	129	54	53	13	68	91	80	151	0.0003517146087174978	0.00010594560870166599	0.00025089744084610336	0.00036077065908496646	0.00023551760817634316	0.0005042290175666884	0.0002454526663910707	0.00032164092007682624	0.00023702105400810777	0.00042809910823662684	0.00023624414758816203	0.0006884418266656468	0.00018523173813524564	0.0002590770848195847	0.0003296156037160577	0.0003526968244222957	0.00028645843148932	0.6903883163670572	0.00023828282920226973	1.280495637166044	0.618345054701618	0.0003057513074774307	0.7139364398038422	0.6357123668275974	0.0003069619861118145	0.8972478501900976	-0.3126600807355219	0.0900955123308823	-0.5701518462805153	-0.14288066881502764	0.9638933090533279	-0.026392578242072674	0.0002836653742638383
I934Y	missense	29	296	230	81	19	40	6	147	99	50	7	113	15	41	82	22	21	9.420927019218691e-05	0.0008740512717887444	0.0008916509051607673	0.000271405449953828	5.176211168710839e-05	0.0006668835393623943	9.042992972302605e-05	0.00045336053496543126	0.0004086569896691513	0.00016794657323129206	3.436278510373266e-05	0.0014533771896274765	0.0002116934150117093	0.00015769909510757332	0.00029737059900470416	0.0001001484810088	4.1461088768191055e-05	0.44026415467181035	0.000522217434647612	-1.1188860115331747	0.4491020110940715	0.00026608172074240184	-0.6054089974951314	0.5106303189054334	0.00014916981597231713	-0.12726466291628066	-0.8677378045595568	-1.1729314351504727	-0.8366709908163327	-0.5801635595045692	-0.6171865573148623	-0.8765474973275209	0.000312489657120777
I934K	missense	59	5	10	15	27	2	4	19	6	21	16	0	2	12	20	13	29	0.00018841854038437382	1.7657601450277664e-05	4.245956691241749e-05	5.295716096660058e-05	7.246695636195174e-05	4.8796356538711774e-05	6.45928069450186e-05	6.12649371574907e-05	2.860598927684059e-05	7.24475413938907e-05	7.30209183454319e-05	1.2748922716030496e-05	3.9692515314695496e-05	4.881162467615364e-05	7.523834432649142e-05	6.095994496187826e-05	5.6537848320260525e-05	0.7428482043346224	4.6385321422811866e-05	1.7837308769329057	0.667018835524677	5.883484654341348e-05	1.0933761454256905	0.6296058549060445	6.038694057119597e-05	0.8472310973547323	0.1217967617622782	1.0786610339520262	0.49323513258387763	1.6018380186522772	1.241446039904443	1.3402495263021517	5.520236951247377e-05
I934Q	missense	50	66	50	32	49	15	3	75	31	32	27	8	2	40	52	30	72	0.00016015575932671776	0.0001971765495281006	0.0001968579920484811	0.0001092241444936137	0.00012940527921777097	0.0002602472348731295	5.167424555601488e-05	0.0002328067611984647	0.0001307702366941284	0.00010867131209083605	0.0001202697478630643	0.00011474030444427445	3.9692515314695496e-05	0.0001539443547478692	0.0001898872499668593	0.00013498273527273044	0.00013757543091263394	0.5675153647020527	0.00015816599132199158	0.10180460888494648	0.5491141346145509	0.00014812951446162336	0.17424218360335272	0.6039071600653044	0.0001540974427250232	0.6367401846122075	-0.7021119791820406	-0.7960655086825615	-0.4610073768554472	0.036194681198172096	0.3042623257001689	-0.37993541374219475	0.00015346431616954605
I934G	missense	115	32	26	52	108	1	18	51	18	95	62	5	11	27	31	72	119	0.00036427584474312273	9.711680797652717e-05	0.00010421893696684294	0.00017542059570186443	0.0002821035086947407	3.2530904359141185e-05	0.0002454526663910707	0.00015928883660947584	7.764482803713875e-05	0.0003161347260824321	0.0002706069326918947	7.649353629618297e-05	0.00015877006125878198	0.00010513273007171553	0.00011464890564036788	0.0003178625701583652	0.0002261513932810421	0.7437964636024131	0.0001647149623349938	1.7928273027636825	0.7118734576014488	0.00020591883085523534	1.443043344250044	0.7176736247850624	0.00019094889978787268	1.5685698805074753	0.8776716174347696	2.7985828947337836	0.31714387352819634	1.3129218324655807	1.6014801758404005	2.055752363599682	0.0001871942309927006
I934W	missense	76	174	203	210	87	43	21	90	127	124	35	74	22	79	76	63	109	0.00024180379349327975	0.0005150133756330986	0.0007874319681939245	0.0006983725602470452	0.0002277532914232769	0.000715679895901106	0.00028420835055808184	0.00027875546406658274	0.0005230809467765136	0.0004116337579198335	0.00015463253296679695	0.0009561692037022871	0.0003043092840793321	0.0003003792287763301	0.0002758739291971352	0.0002786740341114435	0.00020730544384095528	0.5716676416655747	0.0005571427988743363	0.14163641513295777	0.580794986960378	0.0003420256754324317	0.42121238161712593	0.5924716676292286	0.00026555815898146606	0.5430752239810586	-0.40108198351805935	-0.11110017823393102	-0.497219549509892	-0.02321930035299691	0.3686413402437141	-0.06715973929346397	0.00038824221109607797
I934V	missense	93	150	101	96	117	24	25	126	68	103	96	14	24	61	71	76	178	0.00029518904660218566	0.00044438296983198794	0.0003937159840969622	0.000321052788360016	0.0003053964589539395	0.0004066363044892648	0.00033588259611409674	0.00038903235095006603	0.0002819733228717144	0.00034247928658930147	0.0004166487693827585	0.00019123384074045744	0.00033077096095579576	0.00023279390230165583	0.00025796003769082773	0.00033527969729033047	0.00033734249497755446	0.5832104289947946	0.0003661370503107264	0.2523636311878085	0.6375298788523373	0.0003575334324484601	0.863493016364404	0.6670076348037561	0.0002908440330650921	1.153578747990426	-0.08301864855529774	0.6126229074201179	0.23796262748057148	1.183007697327525	0.7564784651808795	0.8978153023738215	0.00033817150527475954
I934F	missense	50	69	65	84	97	12	12	83	58	73	60	13	12	59	61	30	79	0.00016015575932671776	0.00020600535025323943	0.00025475740147450494	0.0002813349176350656	0.0002536343472668311	0.0002114508783344177	0.00016794129805704837	0.00025731273606146096	0.00024110762390479928	0.00024368718468854142	0.0002620162364159615	0.00017848491802442692	0.0001720008996970138	0.0002252844215822476	0.00022213225467821276	0.00013498273527273044	0.00015076759552069474	0.6462738598803596	0.00024893300415741027	0.8573161385557185	0.6270776897930659	0.0002510309452676908	0.7820122792469996	0.5720277585800949	0.00018329175176347138	0.37562481054779023	-0.10005198785407812	0.5738651522146996	-0.016070805507186037	0.7662103445439391	0.6716510761168362	0.6700377483793194	0.0002277519003961908
I934R	missense	118	74	39	61	55	10	9	110	52	40	45	13	3	103	89	51	93	0.0003736967717623414	0.00022072001812847083	0.00015439842513606362	0.00020520899874557725	0.00014493391272390349	0.0001789199739752765	0.0001291856138900372	0.00034002040122407346	0.00021658820452465018	0.00013501587259770538	0.00019758601434646277	0.00017848491802442692	5.292335375292732e-05	0.00039049299740922914	0.00032245004711353465	0.00022642265271554784	0.00017715192473681632	0.594571703108851	0.0001813153386835038	0.36134963410072285	0.5534652654318812	0.00022230262317322295	0.20816171417057364	0.5425952759355976	0.000279129405493782	0.1345514729906856	-0.14144467301230315	0.4796800056314742	-0.5279541664860604	-0.07364615497532452	0.23468760708732736	0.20301692532807486	0.00022758245578350292
I934_	nonsense	51	155	123	133	37	12	4	86	59	56	17	5	0	99	106	52	43	0.00016329606833312397	0.00045909763770721933	0.0004786351179217972	0.00044351622309527985	9.834801220550593e-05	0.0002114508783344177	6.45928069450186e-05	0.0002665024766350846	0.00024519419380149076	0.0001877049936114441	7.731626648339847e-05	7.649353629618297e-05	1.323083843823183e-05	0.0003754740359704126	0.0003833572782349801	0.00023077693449853913	8.292217753638211e-05	0.5306020171217801	0.0003698992477324506	-0.2522963631118133	0.5244088126983469	0.0001941794826328545	-0.01834980158174876	0.50492928990253	0.0002681326065600785	-0.17396021713914947	-0.5150253358248962	-0.3703675173345697	-0.7620373725194285	-0.45771080134218445	-0.1482021272775705	-0.4140391593383771	0.0002774037789751279
I934M	missense	37	38	38	38	20	5	5	63	20	37	29	5	4	30	45	48	54	0.00011933174224343676	0.00011477440942680483	0.00015053846450766202	0.00012908307985608892	5.435021727146381e-05	9.759271307742355e-05	7.751136833402232e-05	0.00019604779890397027	8.581796783052178e-05	0.00012513666240762937	0.00012886044413899745	7.649353629618297e-05	6.615419219115915e-05	0.00011639695115082791	0.00016480780185802884	0.00021335980736657392	0.00010365272192047764	0.5685293340114154	0.00011218654276550489	0.11153137553051894	0.5871537109101286	0.00013396571832027972	0.47078223838241184	0.6271562645636652	0.00014955432057397707	0.8271671793150008	-0.10005198785407812	0.5738651522146996	-0.06306736818340972	0.6891022147871685	0.4698269310759772	0.6314836835009341	0.00013190219388658724
I934E	missense	70	3	3	13	85	5	19	8	7	39	41	1	18	13	10	40	98	0.00022296193945484235	1.1771734300185111e-05	1.543984251360636e-05	4.6337515845775506e-05	0.00022257708025456607	9.759271307742355e-05	0.0002583712277800744	2.756922172087082e-05	3.26925591735321e-05	0.00013172280253434673	0.00018040462179459645	2.549784543206099e-05	0.0002513859303264048	5.256636503585777e-05	3.941056131387646e-05	0.00017852555310264348	0.00018657489945685975	0.9049962363457027	7.403154322853327e-05	3.33917841843874	0.812148430916385	9.309730130583653e-05	2.2247435884569393	0.7729893285090872	0.00011426934472730936	2.021645534272068	0.4228267574262594	1.7636263644006565	0.993837483153063	2.4231855557086783	2.5285225137225824	2.0934059600546675	9.379939642055972e-05
I934A	missense	103	24	38	40	159	12	41	16	18	95	139	1	8	50	25	65	259	0.00032659213666624793	7.357333937615695e-05	0.00015053846450766202	0.000135702724976914	0.0004140968934968671	0.0002114508783344177	0.0005425795783381563	5.20751965838671e-05	7.764482803713875e-05	0.0003161347260824321	0.0006013487393153216	2.549784543206099e-05	0.00011907754594408647	0.00019149175834491045	9.31522358327989e-05	0.0002873825976774261	0.0004899946854422579	0.7876049980895298	0.0001934778555894	2.2130721643251396	0.8501604564225939	0.0002618008725046899	2.5210688692194547	0.7532623953059835	0.0002655053193243483	1.8600676720006568	0.4092539502369856	1.7327427232505104	0.6693263916395589	1.8907542048389732	2.1980695685150837	1.8117484640447419	0.00024026134913947942
I934S	missense	96	99	59	61	38	16	8	91	83	74	34	39	13	81	53	37	104	0.0003046099736214043	0.0002942933575046278	0.00023159763770409542	0.00020520899874557725	0.00010093611778986136	0.0002765126870527001	0.00011626705250103349	0.00028181871092445725	0.0003432718713220871	0.00024698025475190013	0.0001503371848288304	0.0005099569086412198	0.00018523173813524564	0.0003078887094957384	0.00019347002826812078	0.00016546270775366956	0.00019788246912091185	0.5338891170793777	0.00020800902793604044	-0.22076399429848298	0.5650024031037029	0.0002556020054568187	0.29810024057822115	0.5732444170226996	0.00021617597865961015	0.38559012387077524	-0.3762583997930272	-0.0546164574285284	-0.43981807778550913	0.07096035615606432	0.15430879005017115	0.008171949363767958	0.00022659567068415644
I934I	silent	38	40	40	43	33	13	12	21	19	39	40	15	4	19	19	21	47	0.00012247205124984298	0.00012066027657689738	0.0001582583857644652	0.0001456321926581516	8.799558986808426e-05	0.0002277163305139883	0.00016794129805704837	6.739143087323978e-05	8.173139793383026e-05	0.00013172280253434673	0.00017610927365662986	0.00020398276345648793	6.615419219115915e-05	7.509480719408253e-05	7.165556602522992e-05	9.57941992258087e-05	9.046055731241685e-05	0.5980218952983546	0.00012813661121689962	0.39444650794079067	0.7278944346686395	0.00011423872624951166	1.5679359397985146	0.6513644150191922	8.325128243938451e-05	1.0254494546122739	-0.13223667122547936	0.5006319442340432	-0.48903610045569085	-0.009792564106847942	0.9959439674505264	0.24541969006359765	0.00010854220663526526
I934T	missense	51	9	4	20	41	2	1	25	26	35	41	2	0	26	21	24	64	0.00016329606833312397	2.9429335750462777e-05	1.9299803142007953e-05	6.950627376866327e-05	0.00010870043454292761	4.8796356538711774e-05	2.583712277800744e-05	7.964441830473792e-05	0.00011033738721067085	0.00011855052228091205	0.00018040462179459645	3.824676814809149e-05	1.323083843823183e-05	0.00010137798971201142	7.882112262775292e-05	0.00010885704457478262	0.00012249867136056446	0.7836460284660653	5.6733961801015405e-05	2.175094709456657	0.7043798018843738	0.00012223423739772933	1.3846260511769037	0.6533674131840871	0.00010288870706877786	1.04185545945272	-0.2761432469097594	0.17318611960817545	-0.4610073768554473	0.036194681198171916	1.5338587400287604	0.10469040040317368	9.39523020891742e-05
I934D	missense	52	25	23	32	22	7	11	33	31	39	29	4	3	38	34	19	61	0.0001664363773395302	7.651627295120322e-05	9.263905508163816e-05	0.0001092241444936137	5.952642844017465e-05	0.00013012361743656474	0.00015502273666804465	0.0001041503931677342	0.0001307702366941284	0.00013172280253434673	0.00012886044413899745	6.374461358015247e-05	5.292335375292732e-05	0.00014643487402846094	0.00012539724054415238	8.708563565982608e-05	0.00011684488652853843	0.6122803182695434	8.447647524165742e-05	0.5312241714203602	0.6439410018542693	0.0001238759691338017	0.9134713534367135	0.5916110898679242	0.00011894065919024445	0.5360264691868765	0.07603927120160313	0.9745441848212235	-0.08079613514384125	0.6600142988765841	0.6602406646813167	0.8172792418489039	0.00010909770118856786
I934H	missense	32	81	51	61	8	12	0	58	63	22	11	7	6	54	41	11	19	0.00010363019721140561	0.00024132055315379477	0.0002007179526768827	0.00020520899874557725	2.3292950259198775e-05	0.0002114508783344177	1.291856138900372e-05	0.0001807315646145976	0.0002615404733882568	7.574061145724937e-05	5.1544177655598985e-05	0.00010199138172824396	9.261586906762282e-05	0.00020651071978372695	0.00015047668865298284	5.225138139589565e-05	3.7691898880173686e-05	0.5039051879847989	0.00016763511370886336	-0.5083927013287407	0.49916487795617115	0.00014238920677892567	-0.21514057898465277	0.45587932166022416	0.0001117326721781948	-0.5757149618566637	-1.213995340160915	-1.9608077621270505	-0.04187806911347157	0.7238678897450609	-0.4330827473900191	-0.6184699361909949	0.0001405856642219946
I934N	missense	62	25	15	14	20	5	5	70	18	36	8	6	0	52	25	26	24	0.0001978394674035925	7.651627295120322e-05	6.175937005442545e-05	4.964733840618804e-05	5.435021727146381e-05	9.759271307742355e-05	7.751136833402232e-05	0.00021749052690909202	7.764482803713875e-05	0.00012184359234427071	3.865813324169924e-05	8.924245901221346e-05	1.323083843823183e-05	0.0001990012390643187	9.31522358327989e-05	0.00011756560814076522	4.7114873600217106e-05	0.5844413460121205	6.056829967082013e-05	0.2641715256448098	0.4899422869293188	0.00011390927013305019	-0.2870359026091066	0.5070015134005331	0.00011420848915952498	-0.15698720671179922	-0.10005198785407812	0.5738651522146996	-0.8289841621500417	-0.5675516375156809	-0.059950527892032014	0.0031567573495093204	9.622868632113176e-05
I934P	missense	46	23	21	13	46	3	2	36	32	34	44	3	3	15	26	28	73	0.00014759452330109283	7.063040580111066e-05	8.491913382483498e-05	4.6337515845775506e-05	0.0001216409624647047	6.506180871828237e-05	3.875568416701116e-05	0.00011334013374135781	0.00013485680659081992	0.00011525745221755339	0.0001932906662084962	5.099569086412198e-05	5.292335375292732e-05	6.007584575526602e-05	9.673501413406039e-05	0.00012627417170674784	0.00013946002585664264	0.6692195287836756	8.088200448410648e-05	1.0774284880008906	0.674450875127523	0.00013918626468955683	1.1513131059697097	0.7041902819460775	0.00010563626436317923	1.4581315427402572	-0.22499072446237806	0.28957885437259306	0.01611387786421517	0.8190163499252244	1.2289577122369524	0.5542976021489088	0.00010856817784561418
I934C	missense	32	14	1	10	31	0	1	10	5	18	31	0	1	8	19	33	48	0.00010363019721140561	4.414400362569416e-05	7.71992125680318e-06	3.64080481645379e-05	8.281937869937342e-05	1.6265452179570593e-05	2.583712277800744e-05	3.369571543661989e-05	2.4519419380149078e-05	6.256833120381469e-05	0.00013745114041493063	1.2748922716030496e-05	2.646167687646366e-05	3.379266323733714e-05	7.165556602522992e-05	0.00014804558062170436	9.234515225642552e-05	0.7307287895118656	4.277283793660216e-05	1.6674722103506419	0.7940880976315948	6.455865160887858e-05	2.083953055460851	0.7161000166427168	8.645974053517424e-05	1.5556808907656194	0.200978007809903	1.2588304826633299	0.31714387352819634	1.3129218324655807	1.7690353855257042	1.2858761575644553	6.459707669355166e-05
Q935S	missense	152	164	138	195	322	27	91	208	124	227	179	31	137	141	150	114	295	0.00048046727798015327	0.00048558403988263583	0.0005365345273478211	0.0006487252218408572	0.0008359581037468005	0.0004554326610279766	0.0011885076477883424	0.000640218593295778	0.0005108212370864391	0.0007508199744457764	0.0007731626648339848	0.00040796552691297586	0.0018258557044759927	0.000533173131077986	0.0005409995234904859	0.0005007424050440001	0.0005578401034265706	0.683007819116978	0.0006267004732045286	1.2096962807980203	0.6548516628934467	0.0006687556174154945	0.9985261394599096	0.6269777116933095	0.0005331887907597606	0.8257047020613157	0.416577808149258	1.7494074703763685	0.6508429859455457	1.8604281391983888	1.0113090407730818	1.8049178047873786	0.0006095482937932612
Q935_	nonsense	60	225	217	203	57	44	33	308	221	161	33	71	20	160	203	69	64	0.00019155884939078005	0.0006651029879604588	0.0008414714169915466	0.0006752038023241574	0.00015011012389261433	0.0007319453480806766	0.0004392310872261265	0.0009465432790832315	0.0009072185170655158	0.0005334773502641043	0.0001460418366908638	0.0009179224355541956	0.00027784760720286846	0.0006045131979123643	0.0007308867734573452	0.0003047997248093913	0.00012249867136056446	0.5332692884561704	0.0005829720827921943	-0.22670986299738197	0.48806071491434255	0.0006333202457759288	-0.3017038227787817	0.4922397201657627	0.00044067459188491635	-0.277896978626651	-0.22178558458716663	0.29687184751407675	-0.518999323833134	-0.05895377898199155	-0.2687702214676049	0.1189590342660426	0.0005523223068176798
Q935A	missense	124	80	78	212	892	15	164	57	62	245	368	28	284	70	43	129	567	0.0003925386258007788	0.00023837761957874848	0.0003049368896437256	0.0007049922053678703	0.0023111782868293893	0.0002602472348731295	0.002131562629185614	0.00017766831775672305	0.0002574539034915653	0.0008100952355862323	0.0015849834629096688	0.00036971875876488436	0.0037707889548960717	0.000266586565538993	0.00015764224525550584	0.0005660566317888696	0.0010704499281969327	0.8574232759386623	0.0008898712503549334	2.8828223135294384	0.8358766701970165	0.0007075502299360473	2.4097186607714836	0.7960557135630292	0.0005151838426950753	2.210575924463625	0.9133119737039034	2.8796791600921496	1.0085607399737693	2.4473422755350764	2.501038966254849	2.663510717813613	0.0007042017743286853
Q935T	missense	91	15	14	32	50	6	24	37	26	55	68	0	17	57	39	48	107	0.0002889084285893732	4.7086937200740445e-05	5.7899409426023855e-05	0.0001092241444936137	0.0001319933848021264	0.00011385816525699414	0.000322964034725093	0.00011640338059923235	0.00011033738721067085	0.0001844119235480854	0.00029637902151969416	1.2748922716030496e-05	0.00023815509188817295	0.00021777494086283933	0.00014331113205045984	0.00021335980736657392	0.0002035362539529379	0.7354999464030604	8.655096898062609e-05	1.7132407846867177	0.7334759608515505	0.00017688292821942068	1.6114470995225418	0.6293915877665628	0.00019449553355820276	0.8454760943851366	0.4527899808037026	1.8318048499258854	1.2713863829675212	2.878565169919686	1.3900546595314653	2.355185009922786	0.00015264314358608318
Q935W	missense	81	62	40	53	80	5	19	46	21	60	51	11	15	29	33	55	122	0.0002575053385253109	0.0001854048152279155	0.0001582583857644652	0.00017873041826227696	0.00020963655233278896	9.759271307742355e-05	0.0002583712277800744	0.00014397260232010316	8.990453772721329e-05	0.00020087727386487874	0.00022335810317426226	0.00015298707259236595	0.0002116934150117093	0.0001126422107911238	0.00012181446224289088	0.00024383977984751304	0.00023180517811306815	0.6409090511956621	0.00018300754289686164	0.8058528036279681	0.6913126041588185	0.00016452812927161435	1.2827598395441664	0.7094094349739116	0.00017752540774864896	1.5008801839214483	0.4228267574262594	1.7636263644006565	0.14105261447251513	1.0240056462788847	1.1964976090311943	1.3938160053397706	0.00017502035997237498
Q935L	missense	160	68	97	156	177	8	31	133	72	198	157	6	17	114	106	115	305	0.0005055897500314031	0.00020306241667819314	0.00037827614158335586	0.0005196421419847682	0.00046068279401526464	0.00014638906961613534	0.00041339396444811904	0.00041047507895518775	0.00029831960245848047	0.000655320942608375	0.00067866500579872	8.924245901221346e-05	0.00023815509188817295	0.00043179514136597454	0.0003833572782349801	0.0005050966868269913	0.0005766860528666574	0.6981773470862965	0.00039041587356539544	1.3552139580280962	0.6960778181295957	0.0005106951574551908	1.3199073829591674	0.6616652057377761	0.00047423378982365083	1.1098203868234764	0.4508554810265029	1.8274030783475426	0.4262883429532644	1.4919971824787803	1.26164724260358	1.6597001304131616	0.0004584482736147457
Q935D	missense	72	50	45	28	75	5	18	42	16	67	54	10	22	21	36	39	86	0.00022924255746765483	0.00015008961232736015	0.00017755818890647314	9.598485425196355e-05	0.00019669602441101187	9.759271307742355e-05	0.0002454526663910707	0.00013171961488860502	6.947168824375573e-05	0.00022392876430838942	0.00023624414758816203	0.00014023814987633546	0.0003043092840793321	8.260428791349079e-05	0.00013256279714667535	0.00017417127131965217	0.00016395976012875552	0.6367369032506556	0.00015508216997420218	0.7658303797763141	0.7134593283715169	0.00016534105375722805	1.455406105637667	0.6895390979779217	0.00013832452912714347	1.3381277407834824	0.4005503627151072	1.7129385316786292	0.336449028723583	1.3445961577143413	1.1864547420658214	1.5287673446964853	0.00015291591761952455
Q935E	missense	70	63	56	65	87	9	14	37	47	74	64	8	9	30	21	75	147	0.00022296193945484235	0.00018834774880296178	0.00022001775581889066	0.0002184482889872274	0.0002277532914232769	0.00016265452179570593	0.0001937784208350558	0.00011640338059923235	0.00019615535504119262	0.00024698025475190013	0.0002791976289678278	0.00011474030444427445	0.0001323083843823183	0.00011639695115082791	7.882112262775292e-05	0.00033092541550733913	0.0002789200517132853	0.6420623177326192	0.0002136417712580892	0.8169158154780801	0.7053600964191595	0.00020968415484003822	1.3922680026220562	0.7398470830092665	0.0002012658852498013	1.750186553618512	0.07603927120160305	0.9745441848212232	0.061871368424890265	0.8940915111408287	1.3197901239062162	0.9343178479810259	0.0002081972704493096
Q935Q	silent	48	38	26	59	48	1	5	44	36	48	21	1	3	52	52	33	51	0.00015387514131390528	0.00011477440942680483	0.00010421893696684294	0.00019858935362475217	0.00012681717363341555	3.2530904359141185e-05	7.751136833402232e-05	0.0001378461086043541	0.000151203086177586	0.00016136043310457473	9.449765903526481e-05	2.549784543206099e-05	5.292335375292732e-05	0.0001990012390643187	0.0001898872499668593	0.00014804558062170436	9.799893708845157e-05	0.6549638913401927	0.00013609996841295387	0.9406775454267077	0.5974980733746619	0.0001362268217304449	0.5514224060870077	0.5571092596361815	0.00015873325168533348	0.25343150544365084	0.37706926686558434	1.659509515269854	0.31714387352819634	1.3129218324655807	0.5818438189857887	1.4862156738677172	0.00014368668060957742
Q935G	missense	194	117	114	182	327	43	45	177	105	183	174	53	49	150	185	131	467	0.0006123602562492149	0.0003472661618554608	0.0004438954722661829	0.0006056975285554942	0.0008488986316685775	0.000715679895901106	0.0005942538238941712	0.0005452579407016673	0.00043317640904930036	0.0006059248916579949	0.0007516859241441519	0.0006884418266656468	0.0006615419219115915	0.000566965794315323	0.0006663967640346383	0.0005747651953548522	0.0008819904337960642	0.7177693243414882	0.0005614394485864288	1.5431551403962158	0.667381053062207	0.0005840112913882786	1.0961998364044347	0.6646563594179521	0.0006725295468752194	1.1343201006103139	-0.08074683265869141	0.6177922099771773	-0.01730987762273456	0.7641773760027729	1.2578916924703216	0.6909847929899751	0.0006059934289499757
Q935P	missense	73	32	37	66	207	9	64	22	24	120	121	12	49	31	33	59	222	0.00023238286647406104	9.711680797652717e-05	0.00014667850387926044	0.00022175811154763993	0.0005383259615459273	0.00016265452179570593	0.0008397064902852418	7.045467773111431e-05	0.00010216424741728782	0.0003984614776663988	0.000524032472831923	0.00016573599530839644	0.0006615419219115915	0.00012015169151053205	0.00012181446224289088	0.00026125690697947825	0.0004202646725139366	0.7991627392377353	0.0002509698462373387	2.323942828812197	0.8141392490674728	0.000273778218911681	2.2402631441689036	0.7657410935621056	0.00023087193331170944	1.9622772434223805	0.7128613687887774	2.4235727361078188	0.6011405298933972	1.7788804001243104	2.175494405467827	2.1012265681160645	0.00025187333282024305
Q935R	missense	146	158	127	154	134	40	28	157	118	138	95	11	13	155	189	108	204	0.00046162542394171584	0.00046792643843235815	0.0004940749604354036	0.0005130224968639431	0.0003493942538879816	0.0006668835393623943	0.0003746382802811079	0.0004839930035441766	0.00048630181770629007	0.00045773673880685487	0.0004123534212447919	0.00015298707259236595	0.00018523173813524564	0.0005857394961138437	0.0006807278772396843	0.00047461671434605217	0.00038634196352178027	0.6019344943431165	0.0004561045374049216	0.4319791408663457	0.6084624393624615	0.0004600962453255284	0.6368958526200528	0.5777419672115002	0.0005318565128053401	0.42242831546816184	-0.2504378466748576	0.23167633061647522	0.08306066749482832	0.9288571860987209	0.4971011029848535	0.5802667583575981	0.0004826857651785967
Q935I	missense	43	22	30	32	95	10	18	30	15	48	64	3	17	22	18	37	149	0.00013817359628187414	6.768747222606438e-05	0.0001196587794804493	0.0001092241444936137	0.00024845813609812025	0.0001789199739752765	0.0002454526663910707	9.49606525941106e-05	6.53851183470642e-05	0.00016136043310457473	0.0002791976289678278	5.099569086412198e-05	0.00023815509188817295	8.63590282731949e-05	6.807278772396843e-05	0.00016546270775366956	0.00028268924160130263	0.7469838332101945	0.0001362571330745619	1.8234029820291273	0.7599396958880784	0.00015022595825339434	1.817746911497651	0.7673828103825782	0.00015064594133803387	1.975724092538554	0.1373089279405258	1.1139575033580773	0.6693263916395589	1.8907542048389732	1.8722913286884442	1.5023558540985253	0.00014570967755533004
Q935Y	missense	91	41	25	57	210	24	34	61	33	109	112	28	57	58	59	43	169	0.0002889084285893732	0.00012360321015194366	0.00010035897633844135	0.0001919697085039271	0.0005460902782989935	0.0004066363044892648	0.00045214964861513024	0.0001899213051882212	0.00013894337648751146	0.0003622377069694535	0.0004853743395902238	0.00036971875876488436	0.0007673886294174461	0.00022152968122254345	0.00021496669807568978	0.0001915883984516174	0.00032038114048147634	0.8015905160940967	0.0002405055433233264	2.3472319153075176	0.7429000620089093	0.0002941191820588525	1.684913308812877	0.6610023582426316	0.00023711647955783176	1.1043911860361715	0.0460760478241599	0.9063656992959943	0.31714387352819634	1.3129218324655807	1.712178803385522	1.1096437658807874	0.00025724706831333687
Q935M	missense	49	9	15	66	181	6	35	23	33	55	99	1	30	21	13	37	199	0.00015701545032031152	2.9429335750462777e-05	6.175937005442545e-05	0.00022175811154763993	0.00047103521635268633	0.00011385816525699414	0.00046506821000413394	7.351792458898885e-05	0.00013894337648751146	0.0001844119235480854	0.00042953481379665823	2.549784543206099e-05	0.00041015599158518673	8.260428791349079e-05	5.0158896217660946e-05	0.00016546270775366956	0.00037691898880173685	0.8617427312527852	0.00019599550842630363	2.924257821969884	0.7934275749560156	0.00020660200960531097	2.0788039068773574	0.8098210552203299	0.00016878622017163953	2.3233240366776573	0.6111524728989522	2.192143747348493	1.2064455760345065	2.772015586666151	2.4421285885082997	2.482079667007322	0.00019046124606775138
Q935F	missense	47	10	8	22	54	2	12	10	19	24	25	3	6	14	21	17	64	0.00015073483230749907	3.237226932550905e-05	3.4739645655614314e-05	7.612591888948834e-05	0.00014234580713954806	4.8796356538711774e-05	0.00016794129805704837	3.369571543661989e-05	8.173139793383026e-05	8.23267515839667e-05	0.00011167905158713113	5.099569086412198e-05	9.261586906762282e-05	5.63211053955619e-05	7.882112262775292e-05	7.837707209384348e-05	0.00012249867136056446	0.7875210767336904	7.139591025253995e-05	2.212267126699945	0.7197480655593802	7.735822913538699e-05	1.5044303759315738	0.6986897518047747	8.40044928694307e-05	1.4130782193249714	0.5367701097330962	2.0228937035012953	0.2591519265505096	1.2177733722854174	1.7099252406521632	1.6203335378933563	7.758621075245254e-05
Q935N	missense	74	8	26	66	182	12	61	30	28	84	86	2	22	32	26	76	143	0.00023552317548046728	2.6486402175416498e-05	0.00010421893696684294	0.00022175811154763993	0.00047362332193704175	0.0002114508783344177	0.0008009508061182307	9.49606525941106e-05	0.00011851052700405388	0.0002799109553854868	0.0003736952880030926	3.824676814809149e-05	0.0003043092840793321	0.00012390643187023618	9.673501413406039e-05	0.00033527969729033047	0.00027138167193725053	0.8457622101892273	0.00020652169315673528	2.770960480694753	0.7688170785216649	0.00021676935574668597	1.8869511400622172	0.7278901375076383	0.0002068257038079694	1.6522505149267561	0.578396349337339	2.1176102811731115	0.9007204591621456	2.2704067319057093	2.103387378561242	2.1940085065394106	0.00021003891757046355
Q935H	missense	58	16	10	30	37	8	5	33	24	27	22	0	0	22	17	26	44	0.0001852782313779676	5.002987077578672e-05	4.245956691241749e-05	0.00010260449937278863	9.834801220550593e-05	0.00014638906961613534	7.751136833402232e-05	0.0001041503931677342	0.00010216424741728782	9.22059617740427e-05	9.879300717323138e-05	1.2748922716030496e-05	1.323083843823183e-05	8.63590282731949e-05	6.449000942270693e-05	0.00011756560814076522	8.480677248039078e-05	0.7123679433284015	7.336048731662469e-05	1.4913409758125349	0.6168104857843292	9.932840238307403e-05	0.7019736054321043	0.6421347308050925	8.830535457926446e-05	0.9498516599930994	-0.2761432469097594	0.17318611960817545	0.01611387786421517	0.8190163499252244	1.0477220804125795	0.49610123476669993	8.699808142632106e-05
Q935V	missense	150	200	137	249	560	55	98	181	112	304	310	91	116	131	146	169	579	0.0004741866599673408	0.0005915296485843018	0.0005326745667194195	0.0008274556401031341	0.0014519272328233903	0.0009108653220559532	0.0012789375775113683	0.0005575109281331655	0.000461782398326141	0.0010043863693243937	0.001335853270907607	0.0011729008898748055	0.0015480080972731243	0.0004956257274809447	0.00052666841028544	0.0007402279031085218	0.0010930650675250368	0.7306228969447492	0.0008508967720575614	1.666456408116461	0.7320696071393095	0.0008398832416728268	1.600483775335485	0.7128049520471161	0.0007138967770999858	1.5286919265955778	0.14739517973727134	1.1369078169296778	0.12051191226482154	0.990304136191056	1.598544036682508	1.063605976560367	0.0008015589302767913
Q935C	missense	33	7	9	22	64	6	10	8	5	35	38	0	5	1	17	21	87	0.00010677050621781183	2.3543468600370222e-05	3.8599606284015906e-05	7.612591888948834e-05	0.00016822686298310227	0.00011385816525699414	0.00014210417527904092	2.756922172087082e-05	2.4519419380149078e-05	0.00011855052228091205	0.0001675185773806967	1.2748922716030496e-05	7.938503062939099e-05	7.509480719408253e-06	6.449000942270693e-05	9.57941992258087e-05	0.00016584435507276422	0.8173258036598785	7.662396418924418e-05	2.498176789910807	0.8149554216625787	8.453943519065716e-05	2.246625672084074	0.8146924006792853	8.340951111017202e-05	2.3632238821092684	0.09624265728989004	1.0205150821652602	0.7942651282478589	2.0957435011926333	2.3693421147013836	1.5581292916789469	8.152430349669113e-05
Q935K	missense	78	3	3	15	22	2	2	23	19	19	18	0	5	18	20	17	49	0.0002480844115060922	1.1771734300185111e-05	1.543984251360636e-05	5.295716096660058e-05	5.952642844017465e-05	4.8796356538711774e-05	3.875568416701116e-05	7.351792458898885e-05	8.173139793383026e-05	6.586140126717336e-05	8.161161462136506e-05	1.2748922716030496e-05	7.938503062939099e-05	7.134006683437841e-05	7.523834432649142e-05	7.837707209384348e-05	9.422974720043421e-05	0.7867641878419798	3.4923791555141675e-05	2.2050064714135216	0.6284730974407984	7.568058460283938e-05	0.7928902726579256	0.6531215114351955	7.979630761378688e-05	1.0398413461333493	-0.10005198785407812	0.5738651522146996	0.7942651282478589	2.0957435011926333	1.3459126967349322	1.3348043267036664	6.346689459058932e-05
D936R	missense	162	257	185	197	221	36	59	157	78	168	132	41	37	148	108	125	236	0.0005118703680442155	0.0007592768623619396	0.0007179526768826958	0.0006553448669616822	0.0005745594397269031	0.0006018217306441119	0.0007751136833402232	0.0004839930035441766	0.00032283902183862954	0.0005565288407076149	0.0005712813023495554	0.0005354547540732808	0.0005027718606528096	0.0005594563135959148	0.0003905228348375031	0.0005486395046569043	0.0004466490017300582	0.5965215374946898	0.0006767834614833052	0.38005393204489596	0.6570184995557032	0.0004836605421099941	1.0154178592185639	0.6134138523732601	0.0004863169137050951	0.7146068760323347	0.10989753846257043	1.0515854749148321	-0.027351815916875136	0.7477013820810767	0.7033595557652648	0.8996434284979544	0.0005489203057661315
D936P	missense	60	89	57	85	46	29	19	66	47	76	22	52	5	37	54	34	57	0.00019155884939078005	0.000264864021754165	0.00022387771644729224	0.0002846447401954781	0.0001216409624647047	0.00048796356538711777	0.0002583712277800744	0.00020523753947759388	0.00019615535504119262	0.0002535663948786174	9.879300717323138e-05	0.0006756929039496162	7.938503062939099e-05	0.00014268013366875682	0.0001970528065693823	0.00015239986240469565	0.00010930650675250369	0.5734789324217459	0.00022375686021541003	0.15901169695843273	0.5815635557152963	0.00018843807414265884	0.4272038106202779	0.5949109655263896	0.0001503598273488346	0.5630548394442668	-0.2761432469097594	0.17318611960817545	-0.9300107413529302	-0.7333078148711807	0.3830901156743258	-0.28006084763150263	0.00018751825390230114
D936Y	missense	78	46	33	28	34	5	10	54	30	47	39	5	4	57	58	26	124	0.0002480844115060922	0.00013831787802717505	0.00013123866136565408	9.598485425196355e-05	9.058369545243968e-05	9.759271307742355e-05	0.00014210417527904092	0.00016847857718309945	0.0001266836667974369	0.00015806736304121606	0.0001718139255186633	7.649353629618297e-05	6.615419219115915e-05	0.00021777494086283933	0.00021138391977442827	0.00011756560814076522	0.00023557436800108553	0.5760944587615484	0.00011403127227430809	0.18410181963541736	0.6332773717140643	0.00015626088313510392	0.8303423132668406	0.6185414658186534	0.0001955747091947796	0.7566057417724211	0.16318944692050327	1.1728461805352515	-0.06306736818340972	0.6891022147871685	0.590349958224893	0.93097419766121	0.00015528895486806389
D936G	missense	132	210	117	158	176	47	24	189	116	170	112	66	20	148	136	102	215	0.0004176610978520286	0.0006209589843347645	0.00045547535415138763	0.0005262617871055932	0.0004580946884309092	0.0007807417046193884	0.000322964034725093	0.0005820169029961618	0.00047812867791290704	0.0005631149808343322	0.0004853743395902238	0.0008541778219740432	0.00027784760720286846	0.0005594563135959148	0.000490840627272825	0.0004484910236481044	0.0004070725079058758	0.5996573953604124	0.0005151977035056637	0.41013547140897894	0.6128510626017588	0.0005271587253334062	0.6711076578639819	0.5922391402779426	0.00047646511810568	0.5411706566591329	-0.3833532165576278	-0.07076004305001461	-0.487741630102692	-0.007668702652703229	0.5408045953106978	-0.03921437285135892	0.0005062738489815833
D936_	nonsense	47	157	108	123	18	31	10	127	74	62	11	51	15	94	78	34	60	0.00015073483230749907	0.00046498350485731186	0.0004207357084957733	0.0004104179974911545	4.917400610275297e-05	0.000520494469746259	0.00014210417527904092	0.00039209559780794054	0.0003064927422518635	0.0002074634139915961	5.1544177655598985e-05	0.0006629439812335857	0.0002116934150117093	0.00035670033417189203	0.0002830394857996582	0.00015239986240469565	0.00011496029158452974	0.5081361294486764	0.0003363278042367482	-0.4678062852210595	0.4787113160663216	0.00023939898292674977	-0.3745876852329942	0.5070609944155315	0.0002267749934901939	-0.15650001414363732	-0.5638092810157591	-0.48137077820411606	-0.4957694831146592	-0.020840149594039122	-0.3329646615325637	-0.25110546389907756	0.0002675005935512306
D936D	silent	56	70	35	51	21	15	5	72	32	39	24	4	10	44	50	19	58	0.00017899761336515513	0.00020894828382828572	0.00013895858262245726	0.00017211077314145188	5.6938322855819224e-05	0.0002602472348731295	7.751136833402232e-05	0.0002236170206248411	0.00013485680659081992	0.00013172280253434673	0.00010738370344916456	6.374461358015247e-05	0.00014553922282055013	0.0001689633161866857	0.0001827216933643363	8.708563565982608e-05	0.00011119110169651236	0.5333817223666122	0.00014423899061200352	-0.2256313112110326	0.5514044647980749	0.00014939508329979306	0.19209660534577608	0.5638701344485658	0.00013749043672684012	0.30880796401541755	-0.5260207201263593	-0.3953864760760374	0.35853655868642137	1.380835576714292	0.09175775271672033	0.49272455031912726	0.0001437081702128789
D936Q	missense	53	110	83	91	39	18	8	62	55	46	14	26	2	47	35	27	48	0.00016957668634593644	0.0003266656268301368	0.0003242366927857336	0.00030450367555795335	0.00010352422337421678	0.00030904359141184127	0.00011626705250103349	0.00019298455204609573	0.00022884791421472472	0.0001547742929778574	6.443022206949873e-05	0.0003442209133328234	3.9692515314695496e-05	0.00018022753726579807	0.00012898001884541387	0.00012191988992375652	9.234515225642552e-05	0.5436493576814152	0.00026473255463701015	-0.12713632542916706	0.5353529467542448	0.00016025924532704416	0.06696592557640638	0.5603578189113053	0.00013086814957284849	0.28003955737611663	-0.4245630793675822	-0.16452919464270624	-0.9381286315751097	-0.7466269875288806	0.07328971917445198	-0.4555780910857934	0.00018528664984563425
D936V	missense	95	75	57	70	69	10	9	60	65	104	84	14	16	37	62	73	148	0.00030146966461499814	0.0002236629517035171	0.00022387771644729224	0.00023499740178929007	0.00018116739090487936	0.0001789199739752765	0.0001291856138900372	0.00018685805833034666	0.00026971361318163983	0.00034577235665266015	0.0003651045917271595	0.00019123384074045744	0.00022492425344994112	0.00014268013366875682	0.00022571503297947427	0.00032221685194135655	0.00028080464665729396	0.6081587557435275	0.00021592636521124467	0.4916870014729879	0.690398846387568	0.0002918621549729515	1.2756365798780773	0.6907384436828732	0.00024285416631172042	1.3479512502532651	-0.14144467301230315	0.4796800056314742	0.07047154018680778	0.9082019720423437	1.0384249438681101	0.6939409888369089	0.0002502142288319722
D936C	missense	63	32	27	45	105	8	21	18	26	57	59	11	21	44	31	57	133	0.00020097977640999874	9.711680797652717e-05	0.00010807889759524453	0.00015225183777897667	0.00027433919194167443	0.00014638906961613534	0.00028420835055808184	5.8201690299616175e-05	0.00011033738721067085	0.00019099806367480274	0.0002577208882779949	0.00015298707259236595	0.00029107844564110026	0.0001689633161866857	0.00011464890564036788	0.0002525483434134957	0.0002525357224971637	0.7389308685811214	0.0001579466838231057	1.7461528058859528	0.7625474756865616	0.00015431450736577115	1.8380760328917771	0.6865916200485845	0.00019717407193442821	1.3139857630107017	0.2881281835288032	1.4571324783773578	0.2793553126387965	1.2509214415762357	1.632738200596144	1.354026959976797	0.00016981175437443503
D936S	missense	143	380	327	310	75	86	43	205	152	144	61	229	50	185	140	78	171	0.0004522044969224972	0.0011212576920926318	0.0012660670861157216	0.0010293548162882988	0.00019669602441101187	0.0014150943396226414	0.0005684167011161637	0.0006310288527221543	0.0006252451941938015	0.0004774951591870069	0.0002663115845539281	0.002932252224687014	0.0006747727603498234	0.0006983817069049675	0.000505171740477871	0.00034398826085631305	0.0003241503303694937	0.520859246644612	0.000903343904726916	-0.34575644522450383	0.5473842703434249	0.0005000201976642228	0.16075691127187028	0.5392568874349668	0.0004679230096521613	0.10720765467844409	-0.3961185639865092	-0.09980638575958116	-0.6380437820554413	-0.2542722237514446	-0.02593062642472982	-0.17703930475551288	0.0006237623706811
D936L	missense	173	95	43	69	134	14	37	82	47	97	69	12	30	66	72	97	199	0.0005464137671146841	0.00028252162320444263	0.00016983826764966996	0.00023168757922887754	0.0003493942538879816	0.00024398178269355888	0.0004909053327821414	0.00025424948920358645	0.00019615535504119262	0.00032272086620914947	0.0003006743696576608	0.00016573599530839644	0.00041015599158518673	0.00025156760410017647	0.00026154281599208924	0.00042671961473314784	0.00037691898880173685	0.6567467349079567	0.0002583604309927429	0.9577799401334063	0.6559461879187225	0.0002684500200278973	1.0070585823144345	0.67637947163185	0.0003291872559067876	1.230340875415364	0.3036403497070508	1.492428947783409	0.39353221939165106	1.4382536046065306	1.065059799287735	1.4653412761949698	0.0002853325689758093
D936I	missense	34	35	33	22	30	7	10	45	20	48	17	0	3	31	52	32	53	0.00010991081522421806	0.00010594560870166599	0.00013123866136565408	7.612591888948834e-05	8.0231273115018e-05	0.00013012361743656474	0.00014210417527904092	0.00014090935546222862	8.581796783052178e-05	0.00016136043310457473	7.731626648339847e-05	1.2748922716030496e-05	5.292335375292732e-05	0.00012015169151053205	0.0001898872499668593	0.00014369129883871304	0.00010176812697646895	0.5829917994727163	9.83853655179566e-05	0.250266370133206	0.5940492572052899	0.0001163510057201809	0.5245369295548369	0.6021946573793985	0.00013887459182314332	0.622713548019795	0.038250710312203264	0.8885598826931448	0.6181738691921775	1.806827315005937	0.465838949235946	1.3476935988495409	0.00011787032102042694
D936E	missense	58	14	33	32	52	2	14	34	11	48	78	4	7	11	16	25	59	0.0001852782313779676	4.414400362569416e-05	0.00013123866136565408	0.0001092241444936137	0.00013716959597083722	4.8796356538711774e-05	0.0001937784208350558	0.00010721364002560874	4.9038838760298155e-05	0.00016136043310457473	0.00033933250289936	6.374461358015247e-05	0.00010584670750585465	4.505688431644952e-05	6.090723112144544e-05	0.00011321132635777392	0.00011307569664052105	0.7011844003239082	0.00010544410136394979	1.384059905201236	0.778870885761534	0.0001642363536974604	1.965326265128883	0.7214483272409382	8.306278460904748e-05	1.5994874259389722	0.5989180164819407	2.1643053970071806	0.22023386052013996	1.1539197814169404	1.649624532089697	1.6591125892120604	0.00011758107989015257
D936F	missense	34	49	53	27	27	14	1	50	45	47	11	7	0	39	48	45	86	0.00010991081522421806	0.0001471466787523139	0.00020843787393368587	9.267503169155101e-05	7.246695636195174e-05	0.00024398178269355888	2.583712277800744e-05	0.0001562255897516013	0.0001879822152478096	0.00015806736304121606	5.1544177655598985e-05	0.00010199138172824396	1.323083843823183e-05	0.00015018961438816505	0.00017555613676181332	0.0002002969620176	0.00016395976012875552	0.543430792645345	0.00013018163518487564	-0.12923296788481714	0.5473665868736048	0.00013845483642405647	0.16061905860315592	0.6369657655287112	0.00017250061832408347	0.9075140928247042	-0.9751132512457782	-1.4172541251843056	-0.8869761091277284	-0.6627000976958445	0.312966727847681	-1.039977111440075	0.00014704569664433851
D936W	missense	50	7	5	13	42	2	4	23	29	28	17	3	4	45	50	22	50	0.00016015575932671776	2.3543468600370222e-05	2.315976377040954e-05	4.6337515845775506e-05	0.00011128854012728304	4.8796356538711774e-05	6.45928069450186e-05	7.351792458898885e-05	0.00012259709690074538	9.549903183740137e-05	7.731626648339847e-05	5.099569086412198e-05	6.615419219115915e-05	0.0001727180565463898	0.0001827216933643363	0.0001001484810088	9.61143421444429e-05	0.8002153160332419	5.108232208595958e-05	2.334039947898446	0.619679537524803	9.223257995263352e-05	0.7243394896804777	0.5542226530169824	0.00013792564326599226	0.22978810776259	0.1217967617622782	1.0786610339520262	0.11302389087227156	0.9780184009738648	1.0960558484471712	1.0283397174629454	9.374684843486177e-05
D936T	missense	81	84	63	38	41	11	12	34	50	52	42	24	0	30	35	49	103	0.0002575053385253109	0.0002501493538789336	0.0002470374802177018	0.00012908307985608892	0.00010870043454292761	0.0001951854261548471	0.00016794129805704837	0.00010721364002560874	0.00020841506473126716	0.0001745327133580094	0.00018469996993256303	0.0003187230679007624	1.323083843823183e-05	0.00011639695115082791	0.00012898001884541387	0.00021771408914956524	0.00019599787417690315	0.5327681910094024	0.000183742587123913	-0.23151677173357196	0.6617810045634223	0.0001687153470118621	1.0525442847313193	0.6871192419608577	0.00016477223333067755	1.3183073683912705	-0.06528988159486618	0.6529630426040344	-1.3818261308078226	-1.4746096823334818	0.7131116271296726	-0.4108233198647237	0.00017241005582215087
D936M	missense	38	33	10	67	230	17	39	45	16	46	55	11	41	38	29	33	96	0.00012247205124984298	0.00010005974155157344	4.245956691241749e-05	0.00022506793410805246	0.0005978523899861019	0.00029277813923227067	0.0005167424555601488	0.00014090935546222862	6.947168824375573e-05	0.0001547742929778574	0.0002405394957261286	0.00015298707259236595	0.0005556952144057369	0.00014643487402846094	0.00010748334903784489	0.00014804558062170436	0.00018280570956884237	0.8419978132214136	0.0002413599081395363	2.7348495150776215	0.7042876637227435	0.00015142370810249258	1.383907781991023	0.6569943872782021	0.00014619237831421314	1.071563002668241	0.24673549837057815	1.3629473317941325	0.5601819222144908	1.7116788548257738	1.730106766578962	1.5373130933099532	0.00017965866485208066
D936A	missense	94	57	42	50	85	10	12	46	46	44	51	7	17	54	45	46	98	0.0002983293556085919	0.0001706901473526841	0.00016597830702126838	0.00016880095058103935	0.00022257708025456607	0.0001789199739752765	0.00016794129805704837	0.00014397260232010316	0.0001920687851445011	0.00014818815285114005	0.00022335810317426226	0.00010199138172824396	0.00023815509188817295	0.00020651071978372695	0.00016480780185802884	0.00020465124380059132	0.00018657489945685975	0.6522103920362653	0.00018201162130238946	0.9142638808899758	0.6593201072080092	0.00017689691087250165	1.0333601952212403	0.6217274016924834	0.00019063616622480171	0.7827008627183498	-0.027501320705466386	0.7389473447321128	0.3682963959755776	1.3968487222986168	0.9101083129431887	1.0678980335153647	0.00018318156613323093
D936K	missense	58	28	20	55	24	3	12	16	8	20	15	5	9	11	10	9	26	0.0001852782313779676	8.534507367634205e-05	8.10591731964334e-05	0.00018535006338310202	6.470263960888549e-05	6.506180871828237e-05	0.00016794129805704837	5.20751965838671e-05	3.677912907022362e-05	6.915447133053203e-05	6.872557020746531e-05	7.649353629618297e-05	0.0001323083843823183	4.505688431644952e-05	3.941056131387646e-05	4.354281782991304e-05	5.0884063488234475e-05	0.6377154763529747	0.00010411423746619074	0.7752175990185552	0.6703870668960811	5.668359179802201e-05	1.1196334177891798	0.6401023472907674	4.4723581737118375e-05	0.9332049678702385	0.4118313731247963	1.7386074056591885	0.23796262748057148	1.183007697327525	0.9426853282259913	1.4608075514933567	6.85071370004437e-05
D936N	missense	59	182	134	73	29	22	14	98	49	50	16	43	15	56	55	18	39	0.00018841854038437382	0.0005385568442334688	0.0005210946848342147	0.00024492686947052766	7.764316753066258e-05	0.0003741054001301236	0.0001937784208350558	0.000303261438929579	0.00020432849483457564	0.00016794657323129206	7.30209183454319e-05	0.0005609525995053418	0.0002116934150117093	0.00021402020050313521	0.00020063558487064378	8.273135387683478e-05	7.538379776034737e-05	0.47497802756487995	0.0003455553915172184	-0.7858840775721052	0.5035825477877305	0.00018713935633521964	-0.18070233909293504	0.5085019803012549	0.0001431927342527403	-0.14469729668211984	-0.2856885648159898	0.15146665002688994	-0.4232188159660475	0.09819507208751685	-0.3704279044490533	0.1248308610572034	0.00022529582736839277
D936H	missense	37	14	11	23	38	5	3	28	19	24	38	2	2	26	29	31	101	0.00011933174224343676	4.414400362569416e-05	4.631952754081908e-05	7.943574144990087e-05	0.00010093611778986136	9.759271307742355e-05	5.167424555601488e-05	8.883415887836153e-05	8.173139793383026e-05	8.23267515839667e-05	0.0001675185773806967	3.824676814809149e-05	3.9692515314695496e-05	0.00010137798971201142	0.00010748334903784489	0.00013933701705572175	0.0001922286842888858	0.7189189280693374	6.770884760156887e-05	1.5541830157889114	0.6953622982786981	0.0001051027214442138	1.314329500226406	0.6954086141987111	0.00013510676002361597	1.3862033272802887	-0.2761432469097594	0.17318611960817545	0.01611387786421517	0.8190163499252244	1.4182386144318688	0.49610123476669993	0.00010263944302313289
S937G	missense	396	353	308	449	577	67	97	303	227	305	340	55	106	275	255	212	562	0.0012467026755432734	0.0010417984855663823	0.0011927278341760915	0.0014894201521856412	0.0014959250277574324	0.0011060507482108003	0.0012660190161223647	0.0009312270447938588	0.000931737936445665	0.0010076794393877524	0.0014647137150466045	0.0007139396720977077	0.001415699712890806	0.0010363083392783388	0.000917191245122943	0.0009274620197771479	0.0010610269534768893	0.6647297123282307	0.0013049678749213868	1.0343587456129166	0.6733351507890982	0.0010838395339184703	1.1426154024552446	0.627677158241806	0.0009854971394138298	0.8314336755877939	0.05866517513218044	0.9350110697600844	0.2973096285432244	1.2803794198115903	1.0028026078853183	1.1076952447858375	0.001124768182751229
S937V	missense	244	201	138	189	343	39	58	179	135	221	200	33	25	176	230	185	341	0.0007693757065695264	0.000594472582159348	0.0005365345273478211	0.0006288662864783819	0.0008903083210182643	0.0006506180871828237	0.0007621951219512195	0.0005513844344174164	0.0005557735059500458	0.0007310615540656243	0.000863364975731283	0.00043346337234503684	0.0003440017993940276	0.0006645890436676304	0.0008276217875914057	0.0008098964116363826	0.00064453147085097	0.6712156504882556	0.0006625454292509539	1.0965768091949657	0.6764156453522611	0.0006753961175410923	1.1666296033340569	0.6216954680411956	0.0007366596784365971	0.7824393029991332	0.06874003246010363	0.9579354562937996	-0.10039169120722195	0.627863507551676	1.0152152385093853	0.7928994819227377	0.000691533741742881
S937P	missense	120	45	51	52	66	3	11	42	52	52	45	7	13	56	60	46	83	0.00037997738977515387	0.00013537494445212876	0.0002007179526768827	0.00017542059570186443	0.0001734030741518131	6.506180871828237e-05	0.00015502273666804465	0.00013171961488860502	0.00021658820452465018	0.0001745327133580094	0.00019758601434646277	0.00010199138172824396	0.00018523173813524564	0.00021402020050313521	0.00021854947637695127	0.00020465124380059132	0.00015830597529672947	0.6412039868073229	0.00017122914174567223	0.8086820508681012	0.6519881273512944	0.00018010663677943184	0.9762032571035589	0.596553301794224	0.0001988817239943518	0.5765067622827208	0.37706926686558434	1.659509515269854	0.2591519265505096	1.2177733722854174	0.7871306900847936	1.4386414437776356	0.00018340583417315198
S937F	missense	128	59	23	48	63	7	12	45	34	78	103	3	10	46	67	58	144	0.0004050998618264037	0.00017657601450277665	9.263905508163816e-05	0.0001621813054602143	0.00016563875739874684	0.00013012361743656474	0.00016794129805704837	0.00014090935546222862	0.00014302994638420297	0.0002601525350053348	0.00044671620634852453	5.099569086412198e-05	0.00014553922282055013	0.00017647279690609393	0.00024362892448578176	0.00025690262519648696	0.0002732662668812592	0.6326901837661058	0.00014925878311084398	0.7270111613415405	0.7555176048453422	0.00024770201080007273	1.7832742057592483	0.6649431101956711	0.00023756765336740548	1.136668797044345	0.11080137746081507	1.0536420752105582	0.4554465716944778	1.539837627762932	1.215651388048378	1.2967398514867452	0.00021150948242610741
S937S	silent	261	200	190	208	249	35	63	179	153	208	204	28	32	170	193	169	328	0.0008227609596784324	0.0005915296485843018	0.0007372524800247038	0.00069175291512622	0.0006470263960888548	0.0005855562784645413	0.0008267879288962381	0.0005513844344174164	0.000629331764090493	0.0006882516432419616	0.0008805463682831494	0.00036971875876488436	0.00043661766846165044	0.0006420606015094056	0.0006950589904447303	0.0007402279031085218	0.0006200317365788571	0.6306695356575908	0.0006668903599560201	0.707627564182475	0.6725722982686505	0.0006873785525082551	1.1366685347392598	0.6240306478839498	0.0006743448079103787	0.8015661162309108	0.14982548536252172	1.1424377478989123	0.07222981984314654	0.9110868140003333	0.8819540717175486	1.0267622809496229	0.000676204573458218
S937Q	missense	106	226	218	261	190	49	54	219	182	212	134	62	77	148	164	105	196	0.00033601306368546665	0.0006680459215355051	0.0008453313776199483	0.0008671735108280845	0.0004943281666118851	0.0008132726089785296	0.0007105208763952046	0.0006739143087323978	0.0007478422910945469	0.0007014239234953963	0.0005798719986254886	0.0008031821311099213	0.0010320053981820827	0.0005594563135959148	0.0005911584197081469	0.00046155386899707825	0.00037126520396971077	0.6032899064783401	0.0007187197441488556	0.44498128740683945	0.6098067464814222	0.0006757631304869574	0.647375488449825	0.5812515095414983	0.0004958584515677126	0.4511740075325981	-0.05865930269585307	0.6680502987979248	0.10886793110111379	0.9711996408975991	0.5145102611297542	0.819624969847762	0.0006301137754011753
S937M	missense	79	163	83	100	81	33	31	81	62	111	73	38	16	68	60	53	123	0.00025122472051249844	0.00048264110630758954	0.0003242366927857336	0.00033429207860166617	0.00021222465791714438	0.0005530253741054002	0.00041339396444811904	0.0002511862423457119	0.0002574539034915653	0.0003688238470961708	0.0003178557622095271	0.0004972079859251893	0.00022492425344994112	0.0002590770848195847	0.00021854947637695127	0.00023513121628153044	0.00023368977305707685	0.5510014413504867	0.0003383486339030334	-0.056609533792121726	0.6575622602086507	0.0002988299387857438	1.0196567816649869	0.6171310753895902	0.0002366118876337858	0.7450536232474678	-0.12638092657642733	0.5139561382556845	-0.34450180778401013	0.22734752357172042	0.569366957040111	0.37065183091370246	0.0002912634867741877
S937C	missense	126	45	42	123	304	15	51	63	45	119	144	5	37	89	66	87	297	0.00039881924381359124	0.00013537494445212876	0.00016597830702126838	0.0004104179974911545	0.000789372203228403	0.0002602472348731295	0.0006717651922281935	0.00019604779890397027	0.0001879822152478096	0.0003951684076030402	0.0006228254800051545	7.649353629618297e-05	0.0005027718606528096	0.0003379266323733714	0.00024004614618452024	0.0003831767969032348	0.0005616092933145879	0.8087292318378559	0.0003752858630482386	2.415711919137478	0.7576224925437689	0.0003505059754399936	1.7996829982375118	0.6918341726846218	0.00038068971719392857	1.3569260639208793	0.4118313731247963	1.7386074056591885	0.8177462240973816	2.1342693695219817	1.857440327098623	1.936438387590585	0.00036882718522738693
S937K	missense	156	73	47	57	109	13	18	69	35	84	80	19	26	46	69	59	140	0.0004930285140057782	0.00021777708455342454	0.00018527811016327633	0.0001919697085039271	0.0002846916142790961	0.0002277163305139883	0.0002454526663910707	0.00021442728005121748	0.00014711651628089448	0.0002799109553854868	0.00034792319917529316	0.0002549784543206099	0.0003572326378322594	0.00017647279690609393	0.00025079448108830476	0.00026125690697947825	0.00026572788710522446	0.6544747204626817	0.00021992912937493102	0.9359850454354113	0.6923759451577053	0.000247344487723223	1.2910491852405688	0.6614457810243954	0.00023856301801977535	1.108023139590339	0.032573577420512784	0.8756421028600077	0.1464476463592213	1.0328573748963166	1.111685790088773	0.9542497388781621	0.00023527887837264315
S937R	missense	325	273	199	216	252	64	64	268	150	296	212	80	32	194	246	195	509	0.001023740736088431	0.0008063637995626801	0.000771992125680318	0.0007182314956095204	0.000654790712841921	0.0010572543916720885	0.0008397064902852418	0.00082401340476825	0.0006170720544004185	0.0009780418088175245	0.000914909153386882	0.0010326627399984702	0.00043661766846165044	0.0007321743701423047	0.0008849462404115896	0.0008534392294662957	0.000961143421444429	0.6034643026410269	0.00073784453342361	0.4466542283555193	0.6487571265047862	0.0008335091053432688	0.9510157744520734	0.6488729900659214	0.0008579258153661547	1.0050428808273628	-0.10005198785407812	0.5738651522146996	-0.37385720113654713	0.17918358666248713	0.8009042945449852	0.37652436943859335	0.0008097598180443446
S937T	missense	185	68	36	83	177	25	36	102	64	142	121	9	35	87	99	111	178	0.0005840974751915588	0.00020306241667819314	0.00014281854325085884	0.00027802509507465306	0.00046068279401526464	0.0004229017566688354	0.00047798677139313764	0.00031551442636107717	0.0002656270432849483	0.0004709090190602895	0.000524032472831923	0.00012748922716030494	0.0004763101837763459	0.00033041715165396315	0.0003582778301261496	0.0004876795596950261	0.00033734249497755446	0.7296557509622625	0.0002711472122547424	1.6571788065194624	0.6908940658156243	0.00039402074038455957	1.2794970959674887	0.637401406267084	0.00037842925911317336	0.911082305810468	0.05317638824209884	0.9225218534690824	0.5724163786315024	1.731752153790333	1.282586069432473	1.3271370036297077	0.00034786573725082516
S937N	missense	140	187	118	226	517	51	90	147	91	237	227	39	73	83	102	148	355	0.00044278356990327846	0.0005532715121087002	0.00045933531477978926	0.0007513297212136458	0.0013406386926961072	0.0008458035133376708	0.0011755890863993385	0.00045336053496543126	0.0003759644304956192	0.000783750675079363	0.0009793393754563807	0.0005099569086412198	0.0009790820444291555	0.00031539819021514663	0.0003690261650299341	0.0006487879856657044	0.0006709158000670916	0.7318622815658375	0.0007761438101995606	1.678345530284285	0.7207467628544939	0.0006481037539991985	1.5122157873225819	0.7089713428662485	0.0005010320352444692	1.4972918924467733	0.14298606083221632	1.1268752831912145	0.283285606267229	1.2573699470376087	1.5626177366845466	1.1921226151144118	0.0006417598664810761
S937I	missense	116	52	24	32	75	7	11	82	43	78	65	5	1	76	61	68	110	0.00036741615374952897	0.0001559754794774527	9.649901571003975e-05	0.0001092241444936137	0.00019669602441101187	0.00013012361743656474	0.00015502273666804465	0.00025424948920358645	0.00017980907545442657	0.0002601525350053348	0.00028349297710579443	7.649353629618297e-05	2.646167687646366e-05	0.00028911500769721775	0.00022213225467821276	0.0003004454430264	0.00020919003878496395	0.6551952123332788	0.0001395986660230295	0.9428965527469437	0.6464883428497273	0.00024442601919228557	0.9333293201097517	0.6052301342504828	0.0002552206860466986	0.6475763008235073	0.07603927120160313	0.9745441848212235	-0.4610073768554473	0.036194681198171916	0.8412673912267342	0.5053694330096977	0.00021308179042067122
S937A	missense	210	140	109	149	238	37	38	154	97	152	128	21	26	101	131	107	254	0.0006626052003517146	0.00041495363408152516	0.00042459566912417496	0.0004964733840618805	0.0006185572346609452	0.0006180871828236825	0.0005038238941711451	0.000474803262970553	0.00040048384987576827	0.0005038397196938762	0.0005540999097976891	0.0002804762997526709	0.0003572326378322594	0.0003829835166898209	0.0004729267357665175	0.0004702624325630609	0.0004805717107222145	0.6686595421998898	0.0004886449804821315	1.0720566697665104	0.6470645231897916	0.00048330668558447165	0.9378209723899357	0.6450706502520135	0.00045168609893540346	0.9738989654282856	-0.08877097744438908	0.5995340261952589	0.1050549612009962	0.9649436306476054	0.9945922025282439	0.7822388284214321	0.00047454592166733554
S937D	missense	85	129	66	83	81	13	36	95	48	77	61	21	19	65	62	62	110	0.0002700665745509358	0.0003825813647560161	0.00025861736210290657	0.00027802509507465306	0.00021222465791714438	0.0002277163305139883	0.00047798677139313764	0.0002940716983559554	0.00020024192493788413	0.0002568594649419761	0.0002663115845539281	0.0002804762997526709	0.0002646167687646366	0.00024781286374047235	0.00022571503297947427	0.00027431975232845217	0.00020919003878496395	0.5706821945165217	0.00028286211996268	0.13218325479380727	0.6217244222302527	0.00025437116819743594	0.7402805248239585	0.6162145889899819	0.00023925942195834069	0.7375469362361167	0.3220217005346788	1.5342539759370566	-0.025278807294009945	0.7511026056765134	0.5366702386179608	1.142678290806785	0.0002588309033728189
S937L	missense	196	120	71	94	83	23	28	103	74	115	69	16	11	86	107	63	181	0.0006186408742620274	0.0003560949625805996	0.0002779171652449145	0.00031443314323919094	0.00021740086908585523	0.0003903708523096942	0.0003746382802811079	0.0003185776732189517	0.0003064927422518635	0.0003819961273496055	0.0003006743696576608	0.00021673168617251842	0.00015877006125878198	0.000326662411294259	0.00038694005653624157	0.0002786740341114435	0.00034299627980958054	0.5843035597260566	0.0002914615350376401	0.2628497745433433	0.6270831223338968	0.00032693522811952033	0.782054628981473	0.6194520309175053	0.00033381819543788115	0.7640639290444446	-0.01786523166672806	0.7608733554543777	-0.13515379746643388	0.570828676759465	0.6029894441897536	0.6658510161069213	0.0003174049861983472
S937Y	missense	94	12	25	67	48	6	12	18	22	54	35	2	11	28	32	41	94	0.0002983293556085919	3.825813647560161e-05	0.00010035897633844135	0.00022506793410805246	0.00012681717363341555	0.00011385816525699414	0.00016794129805704837	5.8201690299616175e-05	9.39911076239048e-05	0.00018111885348472674	0.00015463253296679695	3.824676814809149e-05	0.00015877006125878198	0.00010888747043141967	0.00011823168394162938	0.0001828798348856348	0.000179036519680825	0.7244863154750162	0.00012262555513887775	1.6075896402503282	0.7214301568489028	0.00012198604609376117	1.517543230797846	0.6833783351167358	0.0001472588772348772	1.2876666334829876	0.16879332443850184	1.1855972746826735	0.6181738691921775	1.806827315005937	1.4709331681770539	1.4962122948443053	0.0001306234928225054
S937_	nonsense	103	323	352	314	86	64	22	232	204	165	56	48	7	130	241	95	169	0.00032659213666624793	0.0009535104783149939	0.0013625661018257613	0.001042594106529949	0.0002251651858389215	0.0010572543916720885	0.0002971269119470856	0.0007137365178847667	0.0008377468288217601	0.0005466496305175389	0.00024483484386409517	0.0006246972130854942	0.00010584670750585465	0.0004918709871212406	0.0008670323489052821	0.0004180110511671652	0.00032038114048147634	0.5376282577580114	0.0008959589681274063	-0.18489530626206094	0.5344203191202113	0.0005857419552720403	0.05969556463611035	0.5675754009780973	0.0005243238819187911	0.3391567789489683	-0.5512375084793408	-0.4527648968840868	-0.7709922151723549	-0.4724031773355174	0.0713190124410059	-0.4625840371098021	0.0006686749351060792
S937W	missense	148	85	45	105	247	13	26	79	81	146	158	9	32	80	104	99	290	0.0004679060419545283	0.0002530922874539799	0.00017755818890647314	0.00035084119140372887	0.000641850184920144	0.0002277163305139883	0.00034880115750310044	0.0002450597486299628	0.0003350987315287041	0.00048408129931372417	0.0006829603539366865	0.00012748922716030494	0.00043661766846165044	0.0003041339691360342	0.0003761917216324571	0.00043542817829913047	0.0005484171287065271	0.742641862737458	0.00035583546317108144	1.7817514910221486	0.7296448798091645	0.0004368000333522694	1.5815816516704255	0.6844955338451981	0.0004160427494435372	1.2968172997532457	0.18518374062667114	1.2228921190577564	0.5346278177421027	1.6697517629009881	1.5533834808152733	1.4463219409793724	0.00040289274865562937
S937H	missense	91	68	48	99	259	19	31	50	42	86	80	28	27	37	48	52	120	0.0002889084285893732	0.00020306241667819314	0.00018913807079167793	0.00033098225604125364	0.0006729074519324091	0.00032530904359141186	0.00041339396444811904	0.0001562255897516013	0.00017572250555773506	0.00028649709551220413	0.00034792319917529316	0.00036971875876488436	0.0003704634762704913	0.00014268013366875682	0.00017555613676181332	0.00023077693449853913	0.0002280359882250508	0.7639039275610121	0.00034902254886088344	1.9857134265877614	0.7137171270973318	0.00024159209749920841	1.4574157928035045	0.6750753948636831	0.00019426229828854003	1.2196595427282806	0.1040679948018466	1.0383208987681096	0.0008739113074783332	0.7940118548764786	1.5542629207065157	0.9161663768222941	0.00026162564821621066
S937E	missense	122	108	100	142	192	21	47	94	70	139	136	12	31	103	90	87	289	0.00038625800778796634	0.0003207797596800443	0.00038985602346856065	0.00047330462613899267	0.000499504377780596	0.000357839947950553	0.0006200909466721786	0.0002910084514980809	0.00029014646266509745	0.00046102980887021355	0.0005884626949014218	0.00016573599530839644	0.0004233868300234186	0.00039049299740922914	0.00032603282541479616	0.0003831767969032348	0.0005465325337625184	0.6710085223563518	0.0004208611967670484	1.0945898782433494	0.7065049029545669	0.00040766185448370344	1.401192418343285	0.6648836232049554	0.0004115587883724446	1.1361815555307333	0.23876656869930288	1.3448147847914085	0.4073205038772844	1.4608762980270298	1.210654617372456	1.4028455414092191	0.0004133606132077322
L938V	missense	94	82	53	68	26	7	18	75	60	50	23	16	1	85	73	51	91	0.0002983293556085919	0.00024426348672884103	0.00020843787393368587	0.000228377756668465	6.987885077759632e-05	0.00013012361743656474	0.0002454526663910707	0.0002328067611984647	0.0002492807636981823	0.00016794657323129206	0.00010308835531119797	0.00021673168617251842	2.646167687646366e-05	0.00032290767093455487	0.0002651255942933507	0.00022642265271554784	0.00017338273484879895	0.5412379842665523	0.00018773949202714708	-0.15026805760797426	0.5469102076328692	0.00018828061335978425	0.15706132378518176	0.5633404176813545	0.0002469596631980631	0.30446920025654456	0.27561162610680723	1.4286522338365226	-0.9133050478500776	-0.7058984745079441	0.10375415547791735	0.3613768796642893	0.00020765992286166478
L938P	missense	75	15	17	20	21	3	7	22	13	31	23	9	1	14	22	35	44	0.00023866348448687351	4.7086937200740445e-05	6.947929131122863e-05	6.950627376866327e-05	5.6938322855819224e-05	6.506180871828237e-05	0.00010334849111202976	7.045467773111431e-05	5.721197855368118e-05	0.00010537824202747737	0.00010308835531119797	0.00012748922716030494	2.646167687646366e-05	5.63211053955619e-05	8.240390092901442e-05	0.00015675414418768696	8.480677248039078e-05	0.6402159576667319	6.07527062841129e-05	0.7992041220976587	0.6793189697238602	8.40333134058677e-05	1.189262662164827	0.6775286484625694	9.507148074816351e-05	1.2397534654904534	0.200978007809903	1.2588304826633299	-0.6828561264718036	-0.32779666620412845	1.076073416584313	0.4655169082296007	7.995250014604804e-05
L938_	nonsense	39	101	36	43	25	9	13	66	36	39	18	17	6	41	47	17	53	0.00012561236025624922	0.0003001792246547203	0.00014281854325085884	0.0001456321926581516	6.729074519324091e-05	0.00016265452179570593	0.0001808598594460521	0.00020523753947759388	0.000151203086177586	0.00013172280253434673	8.161161462136506e-05	0.0002294806088885489	9.261586906762282e-05	0.00015769909510757332	0.0001719733584605518	7.837707209384348e-05	0.00010176812697646895	0.49239026095881294	0.00016398017643924292	-0.618852660114827	0.5393613643802827	0.00014244376070272292	0.09821381259718813	0.560911107283343	0.0001274544131596094	0.2845713896408205	0.0460760478241599	0.9063656992959943	-0.39406058722483406	0.14603551737166853	-0.07868915262560612	0.5262006083338314	0.00014462611676719175
L938R	missense	111	40	26	44	52	5	14	59	39	65	43	5	5	68	62	69	141	0.0003517146087174978	0.00012066027657689738	0.00010421893696684294	0.00014894201521856415	0.00013716959597083722	9.759271307742355e-05	0.0001937784208350558	0.00018379481147247213	0.00016346279586766053	0.0002173426241816721	0.00018899531807052962	7.649353629618297e-05	7.938503062939099e-05	0.0002590770848195847	0.00022571503297947427	0.0003047997248093913	0.0002676124820492332	0.648055951269468	0.0001277477061832854	0.8744113177913077	0.6365249732011041	0.00018839888739808359	0.8556592073190835	0.637378269871432	0.0002643010811644209	0.9108928019828013	0.29788802081795945	1.47934006655855	0.01611387786421517	0.8190163499252244	0.8803211090310642	1.1491782082418873	0.0001934825582485966
L938E	missense	47	26	27	44	12	8	2	36	39	24	22	5	3	36	35	11	43	0.00015073483230749907	7.94592065262495e-05	0.00010807889759524453	0.00014894201521856415	3.3645372596620455e-05	0.00014638906961613534	3.875568416701116e-05	0.00011334013374135781	0.00016346279586766053	8.23267515839667e-05	9.879300717323138e-05	7.649353629618297e-05	5.292335375292732e-05	0.00013892539330905267	0.00012898001884541387	5.225138139589565e-05	8.292217753638211e-05	0.5923832300565742	9.253137298416966e-05	0.3403561321346734	0.5909392766622746	0.0001144806720915541	0.5002928687529618	0.5491034938799682	0.00010076974277168607	0.18785848892777887	-0.5771732425737406	-0.511779210840455	-0.15997738119146607	0.5301001637385283	0.34283582993847134	0.00916047644903667	0.00010259392928246994
L938Y	missense	24	16	8	8	12	2	4	20	14	7	10	6	2	12	9	8	22	7.850772516015576e-05	5.002987077578672e-05	3.4739645655614314e-05	2.9788403043712825e-05	3.3645372596620455e-05	4.8796356538711774e-05	6.45928069450186e-05	6.432818401536524e-05	6.129854845037269e-05	2.6344560506869343e-05	4.7248829517632405e-05	8.924245901221346e-05	3.9692515314695496e-05	4.881162467615364e-05	3.582778301261496e-05	3.918853604692174e-05	4.3345683712199736e-05	0.5793661139429918	3.7050823017933575e-05	0.2154860303810842	0.5709190854070699	4.9805030622559916e-05	0.3442241321988209	0.6152518491877413	4.179340686197252e-05	0.7296614003766876	0.1217967617622782	1.0786610339520262	-0.3518629074303792	0.21527003121137167	0.4297905209855309	0.646965532581699	4.2883086834155334e-05
L938S	missense	100	54	31	57	50	15	3	60	36	52	53	3	7	57	51	31	80	0.00031717120964702927	0.00016186134662754526	0.0001235187401088509	0.0001919697085039271	0.0001319933848021264	0.0002602472348731295	5.167424555601488e-05	0.00018685805833034666	0.000151203086177586	0.0001745327133580094	0.00023194879945019544	5.099569086412198e-05	0.00010584670750585465	0.00021777494086283933	0.0001863044716655978	0.00013933701705572175	0.00015265219046470342	0.6206607134997992	0.00015233579501061243	0.6116153115167002	0.6516273948479466	0.0001861356643290344	0.9733911428078543	0.5814813549224369	0.0001740171550122156	0.45305660757603405	-0.7021119791820406	-0.7960655086825615	0.31714387352819634	1.3129218324655807	0.679354353966863	0.2584281618915096	0.00017082953811728747
L938G	missense	123	8	23	30	90	7	15	31	27	55	73	9	10	56	58	60	161	0.0003893983167943726	2.6486402175416498e-05	9.263905508163816e-05	0.00010260449937278863	0.00023551760817634316	0.00013012361743656474	0.00020669698222405952	9.802389945198513e-05	0.00011442395710736236	0.0001844119235480854	0.0003178557622095271	0.00012748922716030494	0.00014553922282055013	0.00021402020050313521	0.00021138391977442827	0.0002656111887624696	0.00030530438092940684	0.799155947272229	0.00011431189120154661	2.3238776751010004	0.752582847916759	0.00017867888557924	1.7603961123335212	0.6661614632293524	0.00024907992249236	1.1466479902948774	0.200978007809903	1.2588304826633299	0.05750656302244017	0.8869300941739353	1.7436405925764664	1.0728802884186326	0.00018069023309104888
L938C	missense	44	13	21	11	19	2	4	13	11	12	2	7	15	26	16	9	14	0.00014131390528828035	4.120107005064789e-05	8.491913382483498e-05	3.9717870724950433e-05	5.176211168710839e-05	4.8796356538711774e-05	6.45928069450186e-05	4.2885456010243496e-05	4.9038838760298155e-05	4.2809910823662684e-05	1.2886044413899746e-05	0.00010199138172824396	0.0002116934150117093	0.00010137798971201142	6.090723112144544e-05	4.354281782991304e-05	2.8268924160130263e-05	0.6172345320441042	5.440004657188542e-05	0.5787487669406329	0.5435179855741473	3.6905062502026016e-05	0.130617030418195	0.4986145446461688	5.8524240705875036e-05	-0.22568255171626747	0.1217967617622782	1.0786610339520262	0.31714387352819634	1.3129218324655807	0.16122774854752012	1.1957914332088033	4.994311659326216e-05
L938K	missense	46	3	4	35	43	7	5	10	13	29	34	3	6	23	22	36	43	0.00014759452330109283	1.1771734300185111e-05	1.9299803142007953e-05	0.0001191536121748513	0.00011387664571163845	0.00013012361743656474	7.751136833402232e-05	3.369571543661989e-05	5.721197855368118e-05	9.879210190076005e-05	0.0001503371848288304	5.099569086412198e-05	9.261586906762282e-05	9.011376863289904e-05	8.240390092901442e-05	0.00016110842597067828	8.292217753638211e-05	0.8172405254580501	6.602544883217071e-05	2.497358736384453	0.768919835827436	8.500924517997288e-05	1.8877521914946915	0.6421437968435212	0.00010413706826724347	0.9499259174102808	-0.22499072446237806	0.28957885437259306	0.2591519265505096	1.2177733722854174	1.7783456150964752	0.7536761133290052	8.505725409312902e-05
L938W	missense	56	157	79	44	9	17	7	117	53	29	6	21	5	69	64	33	29	0.00017899761336515513	0.00046498350485731186	0.00030879685027212725	0.00014894201521856415	2.5881055843554195e-05	0.00029277813923227067	0.00010334849111202976	0.0003614631292291952	0.0002206747744213417	9.879210190076005e-05	3.0067436965766077e-05	0.0002804762997526709	7.938503062939099e-05	0.0002628318251792889	0.00023288058958199724	0.00014804558062170436	5.6537848320260525e-05	0.4303504049598826	0.00023715085654788936	-1.21398625681687	0.42878450002580615	0.00017774936062926576	-0.7637955104873381	0.49938934811178587	0.00017507396092581275	-0.21933635049147732	-0.4522345059654407	-0.22749291299834862	-0.5481575525743475	-0.1067942242661434	-0.7323727059318951	-0.167143568632246	0.00019665805936765595
L938L	silent	79	57	42	29	202	7	12	42	43	71	66	8	9	35	31	37	103	0.00025122472051249844	0.0001706901473526841	0.00016597830702126838	9.929467681237608e-05	0.0005253854336241501	0.00013012361743656474	0.00016794129805704837	0.00013171961488860502	0.00017980907545442657	0.0002371010445618241	0.000287788325243761	0.00011474030444427445	0.0001323083843823183	0.00013517065294934856	0.00011464890564036788	0.00016546270775366956	0.00019599787417690315	0.754687902119318	0.00024033714120261966	1.897306284435344	0.7035340078739294	0.00020910451503715414	1.3780326075423033	0.6727063318295841	0.0001528200351300723	1.2002552016330457	0.11080137746081507	1.0536420752105582	0.061871368424890265	0.8940915111408287	1.4918646978702312	0.9738667931756935	0.00020075389712328204
L938N	missense	32	9	2	30	31	6	0	22	10	24	47	2	1	15	12	25	105	0.00010363019721140561	2.9429335750462777e-05	1.157988188520477e-05	0.00010260449937278863	8.281937869937342e-05	0.00011385816525699414	1.291856138900372e-05	7.045467773111431e-05	4.4952268863606643e-05	8.23267515839667e-05	0.00020617671062239594	3.824676814809149e-05	2.646167687646366e-05	6.007584575526602e-05	4.657611791639945e-05	0.00011321132635777392	0.00019976706406492052	0.7636694078161815	5.6608273926957395e-05	1.9834637344021273	0.7625740051840093	0.00010097760220027091	1.838282845359016	0.7696835466712685	0.00010490758852358997	1.9945687881305862	-0.9451500278683349	-1.3490756396590764	-0.15997738119146607	0.5301001637385283	1.938771789297243	-0.40948773796027405	8.749782155027276e-05
L938A	missense	44	78	58	50	46	10	3	61	55	46	22	7	0	40	24	32	22	0.00014131390528828035	0.00023249175242865593	0.00022773767707569382	0.00016880095058103935	0.0001216409624647047	0.0001789199739752765	5.167424555601488e-05	0.0001899213051882212	0.00022884791421472472	0.0001547742929778574	9.879300717323138e-05	0.00010199138172824396	1.323083843823183e-05	0.0001539443547478692	8.95694575315374e-05	0.00014369129883871304	4.3345683712199736e-05	0.5598101702110095	0.00018766783563752346	0.02789050903883592	0.5604009292265746	0.00016808412988850868	0.26222914398699376	0.5443840264801786	0.00010763769870757984	0.14920263473764878	-0.5393846816843407	-0.4257949087123763	-0.8869761091277284	-0.6627000976958445	0.14644076258782615	-0.5442475032041104	0.000154463221411204
L938F	missense	29	10	7	29	74	1	2	10	3	4	11	0	0	8	4	6	18	9.420927019218691e-05	3.237226932550905e-05	3.087968502721272e-05	9.929467681237608e-05	0.00019410791882665645	3.2530904359141185e-05	3.875568416701116e-05	3.369571543661989e-05	1.634627958676605e-05	1.646535031679334e-05	5.1544177655598985e-05	1.2748922716030496e-05	1.323083843823183e-05	3.379266323733714e-05	1.791389150630748e-05	3.047997248093913e-05	3.5807303936165e-05	0.8190329726276467	8.916363749793857e-05	2.514553256161527	0.681823131147664	2.9512880748944565e-05	1.2087840196063588	0.6447150169716943	2.949845779018719e-05	0.9709860714373686	0.07603927120160313	0.9745441848212235	0.01611387786421517	0.8190163499252244	1.5647744490684181	0.8967802673732239	4.939165867902344e-05
L938I	missense	37	3	3	8	21	4	9	16	14	17	18	0	0	15	20	30	24	0.00011933174224343676	1.1771734300185111e-05	1.543984251360636e-05	2.9788403043712825e-05	5.6938322855819224e-05	8.132726089785297e-05	0.0001291856138900372	5.20751965838671e-05	6.129854845037269e-05	5.9275261140456025e-05	8.161161462136506e-05	1.2748922716030496e-05	1.323083843823183e-05	6.007584575526602e-05	7.523834432649142e-05	0.00013498273527273044	4.7114873600217106e-05	0.7893963472209575	2.848457567833088e-05	2.2302561508829752	0.6675675270375562	6.356515519901523e-05	1.0976535067196678	0.633215461172912	7.935294973867625e-05	0.8767963854933969	0.200978007809903	1.2588304826633299	0.01611387786421517	0.8190163499252244	1.4015686810320134	1.038923416294277	5.713422687200745e-05
L938M	missense	35	65	60	77	21	4	2	61	65	48	8	1	2	49	61	27	20	0.0001130511242306243	0.00019423361595305433	0.000235457598332497	0.00025816615971217783	5.6938322855819224e-05	8.132726089785297e-05	3.875568416701116e-05	0.0001899213051882212	0.00026971361318163983	0.00016136043310457473	3.865813324169924e-05	2.549784543206099e-05	3.9692515314695496e-05	0.0001877370179852063	0.00022213225467821276	0.00012191988992375652	3.957649382418237e-05	0.55968388049969	0.00018619892421338708	0.02667904184707828	0.5184776536201929	0.00016491337117903376	-0.0645865478660016	0.5058350810191652	0.00014284141410283947	-0.16654113223712766	-0.3219007374704345	0.06906927047737274	0.19220513691989644	1.1079325361119206	-0.06814954608535033	0.5885009032946467	0.00016465123649842008
L938D	missense	52	14	8	35	19	3	1	23	12	32	12	2	1	9	17	27	30	0.0001664363773395302	4.414400362569416e-05	3.4739645655614314e-05	0.0001191536121748513	5.176211168710839e-05	6.506180871828237e-05	2.583712277800744e-05	7.351792458898885e-05	5.312540865698967e-05	0.00010867131209083605	5.5839525793565566e-05	3.824676814809149e-05	2.646167687646366e-05	3.754740359704126e-05	6.449000942270693e-05	0.00012191988992375652	5.8422443264269213e-05	0.6786772217208277	6.244984328581704e-05	1.1681538890122638	0.6260779113338084	7.278854278259503e-05	0.77421843956878	0.6781443035110587	7.059493655194348e-05	1.2447961259794058	-0.4010819835180594	-0.11110017823393115	-0.15997738119146607	0.5301001637385283	1.0623894848534832	0.20949999275229858	6.861110754011852e-05
L938T	missense	44	12	17	15	6	1	0	25	13	24	18	1	0	9	17	24	49	0.00014131390528828035	3.825813647560161e-05	6.947929131122863e-05	5.295716096660058e-05	1.8116739090487936e-05	3.2530904359141185e-05	1.291856138900372e-05	7.964441830473792e-05	5.721197855368118e-05	8.23267515839667e-05	8.161161462136506e-05	2.549784543206099e-05	1.323083843823183e-05	3.754740359704126e-05	6.449000942270693e-05	0.00010885704457478262	9.422974720043421e-05	0.5712098378862677	4.470283196097969e-05	0.1372448122612895	0.6378893375936174	7.519869076593772e-05	0.8662952009629331	0.7128388466863579	7.628105119874126e-05	1.5289695482255978	-0.4010819835180594	-0.11110017823393115	-0.284916117799766	0.32511086738486816	0.8441698538166068	0.10700534457546851	6.539419130855289e-05
L938H	missense	24	11	11	7	12	2	1	27	13	4	9	5	2	9	13	8	14	7.850772516015576e-05	3.531520290055533e-05	4.631952754081908e-05	2.647858048330029e-05	3.3645372596620455e-05	4.8796356538711774e-05	2.583712277800744e-05	8.577091202048699e-05	5.721197855368118e-05	1.646535031679334e-05	4.2953481379665825e-05	7.649353629618297e-05	3.9692515314695496e-05	3.754740359704126e-05	5.0158896217660946e-05	3.918853604692174e-05	2.8268924160130263e-05	0.6030873758911651	3.5439670880323785e-05	0.4430384596093391	0.5205055086357425	5.060043056765683e-05	-0.048778268806253675	0.5937380300045324	3.879094000543855e-05	0.5534476484910342	-0.2761432469097594	0.17318611960817545	-0.284916117799766	0.32511086738486816	0.31590261309803985	0.2491484934965218	4.1610347151139727e-05
L938Q	missense	54	3	4	13	33	0	4	11	14	18	22	0	4	16	16	19	35	0.00017271699535234268	1.1771734300185111e-05	1.9299803142007953e-05	4.6337515845775506e-05	8.799558986808426e-05	1.6265452179570593e-05	6.45928069450186e-05	3.6758962294494424e-05	6.129854845037269e-05	6.256833120381469e-05	9.879300717323138e-05	1.2748922716030496e-05	6.615419219115915e-05	6.383058611497015e-05	6.090723112144544e-05	8.708563565982608e-05	6.784541798431263e-05	0.8182452397710301	4.1351160789013205e-05	2.5069967220488962	0.7152844560176881	6.485471228047829e-05	1.4696340099647005	0.642083998312925	6.991721772013858e-05	0.9494361241595392	0.5989180164819407	2.1643053970071806	0.715083882200234	1.9658293660545776	1.6420222853910451	2.065067381530879	5.8707696929876696e-05
S939V	missense	91	170	79	86	162	19	40	100	73	153	134	13	22	102	129	90	186	0.0002889084285893732	0.0005032416413329135	0.00030879685027212725	0.00028795456275589065	0.00042186121024993334	0.00032530904359141186	0.0005296610169491525	0.0003093879326453281	0.000302406172355172	0.0005071327897572349	0.0005798719986254886	0.00017848491802442692	0.0003043092840793321	0.000386738257049525	0.0004657611791639945	0.0003962396422522087	0.00035241925452962397	0.6032351383007646	0.00038046356615271617	0.44445590929335843	0.6997718593487237	0.00042469972334580595	1.34870452772662	0.6115348619092508	0.0004002895832488381	0.6992165840250996	0.21170187320167613	1.2832316257639054	0.23171367820357006	1.1727549306515	0.8307923403483594	1.2279932782077028	0.00040181762424912007
S939S	silent	167	161	149	196	192	18	64	131	104	150	126	50	39	115	93	103	262	0.0005275719130762467	0.00047675523915749696	0.0005789940942602385	0.0006520350444012697	0.000499504377780596	0.00030904359141184127	0.0008397064902852418	0.0004043485852394387	0.00042908983915260885	0.0004972535795671588	0.000545509213521756	0.0006501950585175553	0.0005292335375292732	0.00043554988172567866	0.00033678116031858065	0.0004528453054310957	0.0004956484702742839	0.6330012393967429	0.0005518221888999003	0.7299950440932784	0.6577553902988081	0.00046905030437024054	1.0211623401672625	0.6465274608215122	0.00043020620443740974	0.9858312985046186	0.43410776783594845	1.7892952383812157	-0.08939630690575882	0.6459038379750691	0.9123295609217198	1.2175995381781424	0.0004836928992358502
S939C	missense	51	136	115	140	48	20	14	141	107	100	35	40	8	124	131	50	70	0.00016329606833312397	0.00040318189978134005	0.0004477554328945845	0.0004666849810181676	0.00012681717363341555	0.00034157449577098246	0.0001937784208350558	0.00043498105381818404	0.0004413495488426834	0.0003326000763992255	0.00015463253296679695	0.0005227058313572503	0.00011907754594408647	0.00046934254496301583	0.0004729267357665175	0.00022206837093255652	0.0001338062410246166	0.5548893586899969	0.0003611098718318769	-0.019313666600185526	0.5379307843394934	0.0003408908030067225	0.08706163044970149	0.5039168053967963	0.00032453597317167663	-0.18225319812788468	-0.24618002353231624	0.24136460513340438	-0.6424274694161956	-0.2614646206966187	-0.03816841142612291	-0.010050007781607154	0.000342178882670092
S939T	missense	65	50	17	39	32	9	12	38	73	27	25	6	5	46	45	37	47	0.00020726039442281122	0.00015008961232736015	6.947929131122863e-05	0.00013239290241650144	8.540748428372885e-05	0.00016265452179570593	0.00016794129805704837	0.00011946662745710689	0.000302406172355172	9.22059617740427e-05	0.00011167905158713113	8.924245901221346e-05	7.938503062939099e-05	0.00017647279690609393	0.00016480780185802884	0.00016546270775366956	9.046055731241685e-05	0.587522296397389	0.00010934232258470477	0.2937263505959988	0.5783439828328769	0.00015643945329336316	0.4021054154252503	0.5711277319869773	0.00014930096595755228	0.36825294126602653	0.013891364452758636	0.833132491315338	-0.050832911766397974	0.709175513751728	0.3546949024290919	0.7711540025335331	0.00013836091394520673
S939G	missense	69	8	3	33	99	8	5	5	11	35	70	7	12	15	14	56	70	0.0002198216304484361	2.6486402175416498e-05	1.543984251360636e-05	0.00011253396705402623	0.00025881055843554195	0.00014638906961613534	7.751136833402232e-05	1.8379481147247212e-05	4.9038838760298155e-05	0.00011855052228091205	0.00030496971779562734	0.00010199138172824396	0.0001720008996970138	6.007584575526602e-05	5.3741674518922446e-05	0.00024819406163050433	0.0001338062410246166	0.8651774607050143	0.00010331769254464776	2.9572063654455296	0.8616086281488767	0.00012273463999602118	2.6103138556633936	0.7297873719181767	0.00012395445573232735	1.6677902380619425	-0.2761432469097594	0.17318611960817545	0.22696724317910838	1.1649673669041318	2.4117701530569553	0.6690767432561536	0.0001166689294243321
S939L	missense	110	146	134	148	227	25	50	112	92	152	133	34	51	78	81	109	239	0.0003485742997110916	0.00043261123553180284	0.0005210946848342147	0.000493163561501468	0.0005900880732330356	0.0004229017566688354	0.0006588466308391897	0.00034614689493982253	0.0003800510003923107	0.0005038397196938762	0.000575576650487522	0.00044621229506106735	0.0006880035987880552	0.000296624488416626	0.0002937878207034427	0.0004789709961290435	0.0004523027865620842	0.6522771632291705	0.0005092393887751302	0.9149044010773606	0.6812189556107725	0.00045140356637838285	1.2040741289016401	0.678576923106203	0.0003804215229527991	1.2483395936152744	0.19254484027304028	1.23964160623301	0.1880491771487387	1.101113776035655	1.122439374531425	1.1703776911343327	0.0004470214927021041
S939F	missense	74	48	68	74	86	10	27	78	48	86	62	2	8	53	60	68	139	0.00023552317548046728	0.0001442037451772676	0.00026633728335970973	0.00024823669203094024	0.0002251651858389215	0.0001789199739752765	0.0003617197188921042	0.0002419965017720883	0.00020024192493788413	0.00028649709551220413	0.0002706069326918947	3.824676814809149e-05	0.00011907754594408647	0.00020275597942402283	0.00021854947637695127	0.0003004454430264	0.0002638432921612158	0.6567870827723932	0.00022098572660170977	0.9581669876094959	0.6465249615494091	0.00024983561372851783	0.9336147836260954	0.6586291938514603	0.00024639854774714744	1.0849532518577476	0.3057133583299161	1.4971458831613995	0.4932351325838776	1.6018380186522772	0.9922450076977797	1.5494919509068383	0.00023907329602579168
S939Y	missense	47	66	53	36	28	5	1	33	24	23	29	1	2	25	23	19	33	0.00015073483230749907	0.0001971765495281006	0.00020843787393368587	0.00012246343473526383	7.505506194630717e-05	9.759271307742355e-05	2.583712277800744e-05	0.0001041503931677342	0.00010216424741728782	7.903368152060803e-05	0.00012886044413899745	2.549784543206099e-05	3.9692515314695496e-05	9.762324935230729e-05	8.59866792302759e-05	8.708563565982608e-05	6.407622809629526e-05	0.5312522358594921	0.00015078323003583937	-0.2460589692657627	0.6403906650381557	0.00010355219156115687	0.8857944659300343	0.5878321032355027	8.369294808467613e-05	0.5050738332483701	-0.5771732425737406	-0.511779210840455	0.19220513691989644	1.1079325361119206	0.38160310997088054	0.2980766626357328	0.00011267612322722414
S939I	missense	61	60	50	87	132	3	16	39	26	70	86	3	19	35	23	51	117	0.0001946991583971863	0.00017951894807782294	0.0001968579920484811	0.0002912643853163032	0.00034421804271927075	6.506180871828237e-05	0.00021961554361306325	0.0001225298743149814	0.00011033738721067085	0.00023380797449846542	0.0003736952880030926	5.099569086412198e-05	0.0002646167687646366	0.00013517065294934856	8.59866792302759e-05	0.00022642265271554784	0.00022238220339302473	0.6977007743997604	0.00025296484204046947	1.3506423094892426	0.7554434775016772	0.00021009263100680258	1.782696341106386	0.7000174099085392	0.00016749054707204924	1.4239527002199461	0.5283369421962334	2.003704827070975	0.715083882200234	1.9658293660545776	1.519097116938525	1.9847670965627764	0.00021018267337310709
S939D	missense	11	36	30	44	7	7	2	74	31	31	22	0	1	56	62	18	20	3.768370807687477e-05	0.00010888854227671227	0.0001196587794804493	0.00014894201521856415	2.0704844674843356e-05	0.00013012361743656474	3.875568416701116e-05	0.00022974351434059016	0.0001307702366941284	0.00010537824202747737	9.879300717323138e-05	1.2748922716030496e-05	2.646167687646366e-05	0.00021402020050313521	0.00022571503297947427	8.273135387683478e-05	3.957649382418237e-05	0.551145374571938	9.954854541264226e-05	-0.05522881660011654	0.5324166313975149	0.00014117125005885683	0.04407568332009336	0.4768096696128077	0.00014051077029590664	-0.40428026169540565	-0.5260207201263593	-0.3953864760760374	0.31714387352819634	1.3129218324655807	-0.13847779832514295	0.45876767819477166	0.00012707685525580192
S939A	missense	33	7	8	16	16	2	1	17	5	18	32	2	5	15	18	25	43	0.00010677050621781183	2.3543468600370222e-05	3.4739645655614314e-05	5.6266983527013114e-05	4.399779493404213e-05	4.8796356538711774e-05	2.583712277800744e-05	5.513844344174164e-05	2.4519419380149078e-05	6.256833120381469e-05	0.00014174648855289722	3.824676814809149e-05	7.938503062939099e-05	6.007584575526602e-05	6.807278772396843e-05	0.00011321132635777392	8.292217753638211e-05	0.690351165704508	3.963697317925994e-05	1.2801392596879413	0.75611870675918	7.099317064465066e-05	1.7879601358303983	0.6688189160286144	8.107053434334763e-05	1.1684144523176907	-0.2761432469097594	0.17318611960817545	0.31714387352819634	1.3129218324655807	1.41217128261201	0.7430539760368781	6.390022605575275e-05
S939R	missense	39	12	3	16	24	0	7	9	21	11	15	0	1	5	10	9	41	0.00012561236025624922	3.825813647560161e-05	1.543984251360636e-05	5.6266983527013114e-05	6.470263960888549e-05	1.6265452179570593e-05	0.00010334849111202976	3.063246857874535e-05	8.990453772721329e-05	3.9516840760304014e-05	6.872557020746531e-05	1.2748922716030496e-05	2.646167687646366e-05	2.252844215822476e-05	3.941056131387646e-05	4.354281782991304e-05	7.915298764836473e-05	0.7109923713322581	4.366690053127665e-05	1.4781454405166194	0.6599089576548347	5.719485431843199e-05	1.0379506181639537	0.7428040952676082	4.615870223759475e-05	1.7744066244472625	0.8030379991378654	2.6287611435605904	0.31714387352819634	1.3129218324655807	1.4301675610426121	1.9708414880130856	4.900681902910112e-05
S939M	missense	60	99	26	55	106	5	24	89	72	72	65	6	8	67	93	45	121	0.00019155884939078005	0.0002942933575046278	0.00010421893696684294	0.00018535006338310202	0.00027692729752602985	9.759271307742355e-05	0.000322964034725093	0.0002756922172087082	0.00029831960245848047	0.00024039411462518277	0.00028349297710579443	8.924245901221346e-05	0.00011907754594408647	0.0002553223444598806	0.00033678116031858065	0.0002002969620176	0.00022992058316905948	0.6292160338328573	0.00021519741384515062	0.6936844665585615	0.6210694004038503	0.00027447472784954146	0.7351742584772054	0.5989942894919482	0.00025558026249128017	0.596500218435705	0.5197367704343159	1.984135948295877	0.1252583472892832	0.9980916999384241	0.6751196478238239	1.4911138241171504	0.0002484174680619907
S939W	missense	40	171	132	84	34	39	7	139	81	68	29	44	6	87	71	43	49	0.00012875266926265546	0.0005061845749079598	0.0005133747635774115	0.0002813349176350656	9.058369545243968e-05	0.0006506180871828237	0.00010334849111202976	0.00042885456010243497	0.0003350987315287041	0.0002272218343717481	0.00012886044413899745	0.0005737015222213723	9.261586906762282e-05	0.00033041715165396315	0.00025796003769082773	0.0001915883984516174	9.422974720043421e-05	0.4921518220395374	0.0003478694878932192	-0.6211399480096386	0.5125192815394699	0.00028000889253547114	-0.11103543492726567	0.514193264140074	0.00021854883374921062	-0.0980815624071368	-0.799021992190097	-1.0165750925777817	-0.7920005958968717	-0.5068720162173281	-0.27675231511468035	-0.7617235543975549	0.00028214240472596697
S939N	missense	30	0	3	9	49	0	10	6	7	20	34	0	8	8	12	13	97	9.734957919859315e-05	2.942933575046278e-06	1.543984251360636e-05	3.309822560412536e-05	0.00012940527921777097	1.6265452179570593e-05	0.00014210417527904092	2.1442728005121748e-05	3.26925591735321e-05	6.915447133053203e-05	0.0001503371848288304	1.2748922716030496e-05	0.00011907754594408647	3.379266323733714e-05	4.657611791639945e-05	6.095994496187826e-05	0.00018469030451285105	0.8993750230946468	4.5221570227637244e-05	3.2852554554327047	0.8183039184053447	6.840673583450406e-05	2.2727291018334417	0.8040833919923471	8.150475765711647e-05	2.276328421633709	0.9413406973041468	2.9434558740390364	0.97035638730354	2.3846596873793295	2.6114376596332853	2.664057780709183	6.504435457308592e-05
S939P	missense	29	4	6	3	22	0	1	7	0	7	13	0	1	4	1	16	33	9.420927019218691e-05	1.4714667875231389e-05	2.7019724398811132e-05	1.3239290241650144e-05	5.952642844017465e-05	1.6265452179570593e-05	2.583712277800744e-05	2.4505974862996284e-05	4.086569896691513e-06	2.6344560506869343e-05	6.013487393153215e-05	1.2748922716030496e-05	2.646167687646366e-05	1.877370179852063e-05	7.165556602522992e-06	7.402279031085218e-05	6.407622809629526e-05	0.756719138228798	2.862502773896683e-05	1.9167914497717486	0.7652868542756517	2.8767994799522324e-05	1.8594310414375428	0.7795102891128458	4.1009569202047766e-05	2.075056921813322	0.200978007809903	1.2588304826633299	0.31714387352819634	1.3129218324655807	1.9504264710075379	1.2858761575644553	3.2800863913512306e-05
S939_	nonsense	47	33	13	17	17	5	1	15	26	32	6	0	1	18	39	18	25	0.00015073483230749907	0.00010005974155157344	5.4039448797622264e-05	5.957680608742565e-05	4.658590051839755e-05	9.759271307742355e-05	2.583712277800744e-05	4.901194972599257e-05	0.00011033738721067085	0.00010867131209083605	3.0067436965766077e-05	1.2748922716030496e-05	2.646167687646366e-05	7.134006683437841e-05	0.00014331113205045984	8.273135387683478e-05	4.899946854422579e-05	0.5506113900931044	6.506547423875473e-05	-0.06035120282030326	0.6004688227451348	7.45220214983164e-05	0.5745810809946804	0.578952007756129	8.659550532647471e-05	0.4323394234163601	-0.5771732425737406	-0.511779210840455	0.31714387352819634	1.3129218324655807	0.31552310053024574	0.40057131081256286	7.539433368784861e-05
S939K	missense	33	4	0	5	11	3	3	12	5	9	18	0	5	11	10	14	45	0.00010677050621781183	1.4714667875231389e-05	3.85996062840159e-06	1.9858935362475217e-05	3.105726701226503e-05	6.506180871828237e-05	5.167424555601488e-05	3.982220915236896e-05	2.4519419380149078e-05	3.293070063358668e-05	8.161161462136506e-05	1.2748922716030496e-05	7.938503062939099e-05	4.505688431644952e-05	3.941056131387646e-05	6.531422674486956e-05	8.669136742439947e-05	0.74197005799763	1.7372707719593306e-05	1.77530702778706	0.7184820468147829	4.472098594686745e-05	1.494561042347071	0.7047168648076374	5.911825994989875e-05	1.4624446375433677	-0.10005198785407819	0.5738651522146992	0.7942651282478589	2.0957435011926333	1.5774375692258331	1.3348043267036662	4.04039845387865e-05
S939H	missense	21	5	4	17	32	0	2	4	9	17	18	0	0	6	4	15	36	6.908679814093707e-05	1.7657601450277664e-05	1.9299803142007953e-05	5.957680608742565e-05	8.540748428372885e-05	1.6265452179570593e-05	3.875568416701116e-05	1.5316234289372676e-05	4.086569896691513e-05	5.9275261140456025e-05	8.161161462136506e-05	1.2748922716030496e-05	1.323083843823183e-05	2.6283182517928884e-05	1.791389150630748e-05	6.966850852786088e-05	6.973001292832132e-05	0.7923109148336683	4.548542374086003e-05	2.2582149054328533	0.762829842436881	4.926720225452723e-05	1.8402772417316675	0.7489784019438475	4.589889887010464e-05	1.824978665396734	0.37706926686558434	1.659509515269854	0.01611387786421517	0.8190163499252244	1.9744902708537515	1.2392629325975393	4.688384162183063e-05
S939E	missense	21	11	10	3	3	2	3	17	6	17	4	1	0	11	7	8	11	6.908679814093707e-05	3.531520290055533e-05	4.245956691241749e-05	1.3239290241650144e-05	1.0352422337421678e-05	4.8796356538711774e-05	5.167424555601488e-05	5.513844344174164e-05	2.860598927684059e-05	5.9275261140456025e-05	2.1476740689832912e-05	2.549784543206099e-05	1.323083843823183e-05	4.505688431644952e-05	2.866222641009197e-05	3.918853604692174e-05	2.2615139328104212e-05	0.49661853713449605	2.5341620598011162e-05	-0.5782918114834692	0.5715673552553352	4.112410863721779e-05	0.3492777630495553	0.5726112772600116	3.388069652539186e-05	0.3804042509162272	0.024886748754221824	0.8581514500568059	-0.284916117799766	0.32511086738486816	0.05046340082743778	0.591631158720837	3.344880858687361e-05
S940_	nonsense	59	110	101	63	19	25	10	231	182	95	24	9	10	176	162	85	77	0.00018841854038437382	0.0003266656268301368	0.0003937159840969622	0.0002118286438664023	5.176211168710839e-05	0.0004229017566688354	0.00014210417527904092	0.0007106732710268922	0.0007478422910945469	0.0003161347260824321	0.00010738370344916456	0.00012748922716030494	0.00014553922282055013	0.0006645890436676304	0.0005839928631056238	0.00037446823333725217	0.00014699840563267737	0.49712574255769487	0.00024599309162015245	-0.5734263103807539	0.4761200994717113	0.0004705084979132589	-0.3947876870663343	0.5005474427444798	0.000442512136435796	-0.20985071716306705	-0.47363265066667104	-0.2761823707513442	0.05750656302244017	0.8869300941739353	-0.3926882382033851	0.30537386171129555	0.0003863379086564025
S940F	missense	95	74	31	60	62	18	5	43	42	65	34	12	4	46	58	51	129	0.00030146966461499814	0.00022072001812847083	0.0001235187401088509	0.00020189917618516472	0.00016305065181439142	0.00030904359141184127	7.751136833402232e-05	0.00013478286174647955	0.00017572250555773506	0.0002173426241816721	0.0001503371848288304	0.00016573599530839644	6.615419219115915e-05	0.00017647279690609393	0.00021138391977442827	0.00022642265271554784	0.00024499734272112893	0.6083211389920907	0.00017729714655921947	0.4932447053909862	0.6412719362930349	0.00016954629407867926	0.8926644747904506	0.6570927425466138	0.00021481917802929973	1.0723686035109803	-0.6006543384232635	-0.5652082272492305	-0.39885947010660283	0.13816190145460108	0.8194259278974724	-0.2135231628973147	0.00018722087288906616
S940V	missense	122	33	56	90	266	8	61	55	45	182	180	2	32	65	50	86	337	0.00038625800778796634	0.00010005974155157344	0.00022001775581889066	0.0003011938529975408	0.000691024191022897	0.00014638906961613534	0.0008009508061182307	0.00017154182404097398	0.0001879822152478096	0.0006026318215946362	0.0007774580129719514	3.824676814809149e-05	0.00043661766846165044	0.00024781286374047235	0.0001827216933643363	0.0003788225151202435	0.0006369930910749352	0.8016055536951963	0.0003280738853477255	2.3473761674416345	0.7854090285989922	0.0004349034684638428	2.01629479380302	0.7428519505822863	0.0003615875408249969	1.7747985941145392	0.7380971922048508	2.4809944694045525	1.0575065630224403	2.5276485928436445	2.046156518453065	2.5043215311240985	0.000374854964878855
S940Y	missense	69	9	5	36	45	7	17	17	13	61	44	0	7	16	37	39	155	0.0002198216304484361	2.9429335750462777e-05	2.315976377040954e-05	0.00012246343473526383	0.0001190528568803493	0.00013012361743656474	0.00023253410500206697	5.513844344174164e-05	5.721197855368118e-05	0.00020417034392823742	0.0001932906662084962	1.2748922716030496e-05	0.00010584670750585465	6.383058611497015e-05	0.00013614557544793687	0.00017417127131965217	0.00029399681126535473	0.7814805701673005	7.352634778412137e-05	2.154321982552288	0.762652619745806	0.0001274528580330391	1.838895690420183	0.7612962372466362	0.0001670360610369785	1.9258706527900293	0.2521305302572843	1.3752232174277472	0.9192038648561588	2.3007327975462935	1.9730294419208334	1.8379780074870204	0.00012267175561804633
S940T	missense	73	14	20	44	60	3	10	37	42	53	39	0	11	34	28	57	70	0.00023238286647406104	4.414400362569416e-05	8.10591731964334e-05	0.00014894201521856415	0.00015787444064568057	6.506180871828237e-05	0.00014210417527904092	0.00011640338059923235	0.00017572250555773506	0.00017782578342136806	0.0001718139255186633	1.2748922716030496e-05	0.00015877006125878198	0.00013141591258964444	0.00010390057073658339	0.0002525483434134957	0.0001338062410246166	0.743360984701782	0.00010800490817159308	1.7886498571483203	0.6577874604660918	0.0001604413987742497	1.021412345295847	0.6563306276545461	0.00015541776694108503	1.066126330888182	0.3392807059761845	1.5735252131417752	1.09529512391184	2.5896489837329897	1.2920628444441167	2.0815870984373825	0.0001412880246289759
S940A	missense	64	17	52	39	66	8	13	23	48	40	65	7	49	48	54	36	84	0.00020412008541640498	5.2972804350832996e-05	0.0002045779133052843	0.00013239290241650144	0.0001734030741518131	0.00014638906961613534	0.0001808598594460521	7.351792458898885e-05	0.00020024192493788413	0.00013501587259770538	0.00028349297710579443	0.00010199138172824396	0.0006615419219115915	0.0001839822776255022	0.0001970528065693823	0.00016110842597067828	0.00016019057024073817	0.6891491734748205	0.00014083667355610795	1.268608833845654	0.7269653036888061	0.0001730671748075932	1.5606928372593114	0.605899491825366	0.00017558352010157524	0.6530588238761926	0.09183353838483502	1.010482548426797	0.8119938952082904	2.1248314171032177	1.160786831660386	1.5676569827650073	0.00016316245615509211
S940H	missense	28	23	6	23	14	1	3	21	14	19	24	2	5	12	24	18	85	9.106896118578068e-05	7.063040580111066e-05	2.7019724398811132e-05	7.943574144990087e-05	3.882158376533129e-05	3.2530904359141185e-05	5.167424555601488e-05	6.739143087323978e-05	6.129854845037269e-05	6.586140126717336e-05	0.00010738370344916456	3.824676814809149e-05	7.938503062939099e-05	4.881162467615364e-05	8.95694575315374e-05	8.273135387683478e-05	0.00016207516518474684	0.600099025081402	5.397686385378849e-05	0.4143719203824839	0.6765589596603888	7.54837710099876e-05	1.167746819584117	0.7336127645989208	9.579690031731816e-05	1.699122973127223	0.200978007809903	1.2588304826633299	0.31714387352819634	1.3129218324655807	1.0937472376979411	1.2858761575644553	7.508584506036475e-05
S940S	silent	148	115	69	102	219	14	24	105	81	158	111	24	24	103	96	126	349	0.0004679060419545283	0.0003413802947053682	0.0002701972439881113	0.0003409117237224912	0.0005693832285581922	0.00024398178269355888	0.000322964034725093	0.00032470416693470075	0.0003350987315287041	0.0005235981400740282	0.0004810789914522572	0.0003187230679007624	0.00033077096095579576	0.00039049299740922914	0.00034752949522236514	0.0005529937864398956	0.0006596082304030394	0.6869896940914009	0.0003804681227435407	1.2478934612554824	0.6743865854688316	0.00041612000749742257	1.1508119316463696	0.6899029314252669	0.0004876561273686323	1.3411078000780328	0.1217967617622782	1.0786610339520262	0.016113877864215077	0.8190163499252243	1.2466043976599617	0.9488386919386252	0.0004280814192031985
S940R	missense	87	96	78	66	158	13	30	54	63	116	85	27	37	77	85	52	197	0.0002763471925637483	0.0002854645567794889	0.0003049368896437256	0.00022175811154763993	0.0004115087879125117	0.0002277163305139883	0.00040047540305911534	0.00016847857718309945	0.0002615404733882568	0.00038528919741296415	0.00036939993986512607	0.00035696983604885385	0.0005027718606528096	0.00029286974805692187	0.0003081189339084887	0.00023077693449853913	0.0003731497989137195	0.6551300916518005	0.0003059170864708415	0.9422718655234826	0.701655249318146	0.00029617704696236163	1.363386619881463	0.6419615799451363	0.0003012288538444173	0.9484334291148303	0.2451816703019565	1.3594117427438246	0.14873944313880613	1.036617568267773	1.0846973048399253	1.1980146555057987	0.0003011076624258735
S940M	missense	74	69	52	41	59	15	1	86	47	41	19	7	13	59	69	37	64	0.00023552317548046728	0.00020600535025323943	0.0002045779133052843	0.00013901254753732653	0.00015528633506132515	0.0002602472348731295	2.583712277800744e-05	0.0002665024766350846	0.00019615535504119262	0.00013830894266106405	8.590696275933165e-05	0.00010199138172824396	0.00018523173813524564	0.0002252844215822476	0.00025079448108830476	0.00016546270775366956	0.00012249867136056446	0.5863902812458324	0.00017622053653929386	0.28286719823628514	0.5158764228375584	0.00017171843427416823	-0.08486461597016956	0.5605909247546423	0.0001910100704461966	0.28194886296668076	-1.0031419748460217	-1.481030839131192	0.2591519265505096	1.2177733722854174	0.15998381507759876	-0.13162873342288728	0.0001796496804198862
S940D	missense	68	15	10	24	36	2	2	15	8	19	17	5	16	34	17	17	54	0.0002166813214420299	4.7086937200740445e-05	4.245956691241749e-05	8.274556401031341e-05	9.575990662115051e-05	4.8796356538711774e-05	3.875568416701116e-05	4.901194972599257e-05	3.677912907022362e-05	6.586140126717336e-05	7.731626648339847e-05	7.649353629618297e-05	0.00022492425344994112	0.00013141591258964444	6.449000942270693e-05	7.837707209384348e-05	0.00010365272192047764	0.7118790957129781	6.701299368615546e-05	1.4866515767976318	0.687232959840806	5.7242186636697e-05	1.2509567000942894	0.6020455310277337	9.448392900666813e-05	0.6214920952545707	-0.10005198785407812	0.5738651522146996	0.4684115488588454	1.5611095056313404	1.1197001240488307	1.06748732892302	7.291303644317352e-05
S940P	missense	16	20	29	11	22	3	8	24	17	30	28	4	3	13	18	18	50	5.3385253108905916e-05	6.180160507597183e-05	0.00011579881885204771	3.9717870724950433e-05	5.952642844017465e-05	6.506180871828237e-05	0.00011626705250103349	7.658117144686338e-05	7.355825814044724e-05	0.00010208517196411871	0.0001245650960010309	6.374461358015247e-05	5.292335375292732e-05	5.256636503585777e-05	6.807278772396843e-05	8.273135387683478e-05	9.61143421444429e-05	0.587566345355897	6.921118077328615e-05	0.29414890178806374	0.6822198127385635	9.419742438811506e-05	1.2118763774123749	0.6856468482754634	7.487121219527597e-05	1.3062473983159164	0.2521305302572843	1.3752232174277472	-0.08079613514384125	0.6600142988765841	0.937424225838785	1.0176187581521656	7.942660578555905e-05
S940G	missense	132	75	40	99	149	17	20	77	62	119	100	6	20	85	99	109	261	0.0004176610978520286	0.0002236629517035171	0.0001582583857644652	0.00033098225604125364	0.0003882158376533129	0.00029277813923227067	0.00027128978916907815	0.00023893325491421377	0.0002574539034915653	0.0003951684076030402	0.0004338301619346248	8.924245901221346e-05	0.00027784760720286846	0.00032290767093455487	0.0003582778301261496	0.0004789709961290435	0.0004937638753302753	0.7006483026803252	0.0002752798577906372	1.3789172478937377	0.6931316021764509	0.00033134643198586103	1.296939959942995	0.672860661077744	0.0004134800931300058	1.2015192698866815	-0.03310519822346496	0.7261962505846905	0.49323513258387763	1.6018380186522772	1.2924588259078045	1.1640171346184838	0.0003400354609688347
S940I	missense	63	13	19	43	50	2	8	35	23	45	30	2	5	30	24	54	68	0.00020097977640999874	4.120107005064789e-05	7.719921256803181e-05	0.0001456321926581516	0.0001319933848021264	4.8796356538711774e-05	0.00011626705250103349	0.00011027688688348328	9.807767752059631e-05	0.00015148122291449873	0.00013315579227696404	3.824676814809149e-05	7.938503062939099e-05	0.00011639695115082791	8.95694575315374e-05	0.00023948549806452176	0.00013003705113659922	0.7325718654700373	9.900646501973941e-05	1.6851524000661158	0.6559437997081178	0.0001232478948988856	1.0070399648593387	0.6664509127143268	0.00014387223947087157	1.1490187910947887	0.37706926686558434	1.659509515269854	0.31714387352819634	1.3129218324655807	1.2804037186734145	1.4862156738677172	0.00012204219979649885
S940Q	missense	34	8	9	28	28	4	0	19	25	20	28	4	1	32	27	27	52	0.00010991081522421806	2.6486402175416498e-05	3.8599606284015906e-05	9.598485425196355e-05	7.505506194630717e-05	8.132726089785297e-05	1.291856138900372e-05	6.12649371574907e-05	0.00010625081731397933	6.915447133053203e-05	0.0001245650960010309	6.374461358015247e-05	2.646167687646366e-05	0.00012390643187023618	0.00010031779243532189	0.00012191988992375652	9.988353203246026e-05	0.7325121397486469	5.903148116442578e-05	1.6845794654128299	0.6778755499962194	9.030883045075824e-05	1.1780103873819043	0.6108566496808377	0.00011150691156544372	0.693661534950565	-0.799021992190097	-1.0165750925777817	-0.38182613080782246	0.1661088163362278	1.1854171292484332	-0.42523313812077695	8.694907439354259e-05
S940E	missense	61	4	3	16	21	0	2	10	7	17	15	1	0	10	8	20	40	0.0001946991583971863	1.4714667875231389e-05	1.543984251360636e-05	5.6266983527013114e-05	5.6938322855819224e-05	1.6265452179570593e-05	3.875568416701116e-05	3.369571543661989e-05	3.26925591735321e-05	5.9275261140456025e-05	6.872557020746531e-05	2.549784543206099e-05	1.323083843823183e-05	4.1302143956745394e-05	3.2245004711353466e-05	9.14399174428174e-05	7.726839270435605e-05	0.7710469447846963	3.5839954192917524e-05	2.054234693492525	0.7096705539583195	4.8597276489518335e-05	1.425870461935829	0.7112176954605335	6.056386470381808e-05	1.5156911462159954	0.37706926686558434	1.659509515269854	-0.284916117799766	0.32511086738486816	1.6652654338814497	0.9923101913273611	4.8333698462084644e-05
S940N	missense	57	114	111	64	72	10	25	91	66	58	41	27	13	54	80	50	67	0.00018213792237156137	0.0003384373611303219	0.0004323155903809781	0.00021513846642681487	0.00018893170765794563	0.0001789199739752765	0.00033588259611409674	0.00028181871092445725	0.00027380018307833135	0.00019429113373816141	0.00018040462179459645	0.00035696983604885385	0.00018523173813524564	0.00020651071978372695	0.0002902050424021812	0.00022206837093255652	0.00012815245619259051	0.5541708183696221	0.00029370578139901516	-0.0262064531541622	0.5734379670736485	0.0002325786623838866	0.3638602422749473	0.5802487951769679	0.0002117341473277638	0.4429610510724342	0.2735286749585148	1.4239126751807434	-0.284916117799766	0.32511086738486816	0.26020494673107314	0.8745117712828058	0.00024600619703688854
S940W	missense	54	51	43	41	74	17	16	33	55	51	33	19	4	35	46	47	102	0.00017271699535234268	0.00015303254590240644	0.00016983826764966996	0.00013901254753732653	0.00019410791882665645	0.00029277813923227067	0.00021961554361306325	0.0001041503931677342	0.00022884791421472472	0.00017123964329465073	0.0001460418366908638	0.0002549784543206099	6.615419219115915e-05	0.00013517065294934856	0.00016839058015929032	0.0002090055255835826	0.00019411327923289447	0.6426070173280791	0.00016399781997901485	0.8221409892659396	0.6380839949533136	0.00016256994684199337	0.8678126653967878	0.6634620359649193	0.000176670009481279	1.1245377270191013	-0.1248755715791103	0.5173814314092967	-0.5859461134637473	-0.16879461515548824	0.9381637938939429	0.17429340812690425	0.00016774592543409574
S940L	missense	140	51	49	45	110	13	11	122	46	82	109	8	14	87	104	77	272	0.00044278356990327846	0.00015303254590240644	0.0001929980314200795	0.00015225183777897667	0.00028727971986345155	0.0002277163305139883	0.00015502273666804465	0.0003767793635185679	0.0001920687851445011	0.00027332481525876943	0.00047248829517632405	0.00011474030444427445	0.00019846257657347746	0.00033041715165396315	0.0003761917216324571	0.00033963397907332176	0.0005144944197143708	0.6826013201454459	0.00019639053374122852	1.2057968327563007	0.6600264015291134	0.0003286653147745406	1.0388661597210274	0.6663005179386143	0.0003901843180185282	1.1477869490184653	-0.16699877748469133	0.4215340538447083	0.23796262748057154	1.183007697327525	1.1308166471652645	0.8022708755861166	0.0003050800555114324
S940C	missense	90	44	63	86	98	7	7	19	22	52	26	7	2	35	40	69	142	0.00028576811958296695	0.0001324320108770825	0.0002470374802177018	0.00028795456275589065	0.0002562224528511865	0.00013012361743656474	0.00010334849111202976	6.12649371574907e-05	9.39911076239048e-05	0.0001745327133580094	0.00011597439972509772	0.00010199138172824396	3.9692515314695496e-05	0.00013517065294934856	0.00014689391035172135	0.0003047997248093913	0.00026949707699324186	0.6807962929363381	0.00023091162667546538	1.1884816356494619	0.6936098629732702	0.00011144078946612565	1.3006682738912227	0.7068703863586588	0.00021409034127592576	1.4800835378725234	-0.10005198785407819	0.5738651522146992	-0.40985485440806596	0.12012157103120802	1.3230778158044028	0.34699336162295363	0.00018548091913917226
S940K	missense	52	130	65	70	28	27	7	106	67	44	34	30	5	96	48	27	59	0.0001664363773395302	0.00038552429833106237	0.00025475740147450494	0.00023499740178929007	7.505506194630717e-05	0.0004554326610279766	0.00010334849111202976	0.0003277674137925753	0.0002778867529750229	0.00014818815285114005	0.0001503371848288304	0.00039521660419694534	7.938503062939099e-05	0.00036420981489130027	0.00017555613676181332	0.00012191988992375652	0.00011307569664052105	0.4998903615525078	0.00023758354088529112	-0.5469059772916154	0.533482043145352	0.00022604487611189213	0.05238117167808477	0.49479241970257265	0.00019369038455434778	-0.25698852164895497	-0.6441200322043538	-0.664110309210446	-0.6970965655864139	-0.3511612180886492	-0.25050444242082853	-0.5076357636495477	0.00021910626718384368
T941R	missense	31	127	80	98	13	11	4	75	81	28	10	15	3	44	86	42	40	0.00010048988820499937	0.00037669549760592356	0.0003126568109005288	0.0003276724334808411	3.623347818097587e-05	0.0001951854261548471	6.45928069450186e-05	0.0002328067611984647	0.0003350987315287041	9.549903183740137e-05	4.7248829517632405e-05	0.00020398276345648793	5.292335375292732e-05	0.0001689633161866857	0.00031170171220975016	0.00018723411666862608	7.726839270435605e-05	0.5055646117419156	0.00026331455504206733	-0.4924742435385952	0.48493989014479244	0.00017766333852055064	-0.3260324204720695	0.5579760849512897	0.0001862918844423545	0.26053143222577657	-0.4802632295656842	-0.2912696269452348	-0.5859461134637473	-0.16879461515548824	-0.185991743928296	-0.23003212105036153	0.0002090899260016575
T941A	missense	16	1	2	30	15	1	6	6	6	31	8	1	5	7	5	28	51	5.3385253108905916e-05	5.885867150092556e-06	1.157988188520477e-05	0.00010260449937278863	4.140968934968671e-05	3.2530904359141185e-05	9.042992972302605e-05	2.1442728005121748e-05	2.860598927684059e-05	0.00010537824202747737	3.865813324169924e-05	2.549784543206099e-05	7.938503062939099e-05	3.003792287763301e-05	2.1496669807568976e-05	0.00012627417170674784	9.799893708845157e-05	0.7779571465889848	4.0369984439443164e-05	2.1205226174005705	0.7077075812291796	4.8521273137784734e-05	1.410567977068336	0.7648893789381582	6.895192537010035e-05	1.9553010841387333	0.4440160564961975	1.8118406136398448	0.49323513258387763	1.6018380186522772	1.8287972262025465	1.7068393161460609	5.2614394315776084e-05
T941Q	missense	16	2	6	39	176	3	39	16	17	28	72	7	87	11	9	8	55	5.3385253108905916e-05	8.828800725138832e-06	2.7019724398811132e-05	0.00013239290241650144	0.0004580946884309092	6.506180871828237e-05	0.0005167424555601488	5.20751965838671e-05	7.355825814044724e-05	9.549903183740137e-05	0.0003135604140715605	0.00010199138172824396	0.001164313782564401	4.505688431644952e-05	3.582778301261496e-05	3.918853604692174e-05	0.00010553731686448631	0.9150141801022711	0.00015658402899284017	3.435278172434109	0.8135185929168314	0.00013367322515831905	2.235424777740212	0.7273899785798117	5.640263006011813e-05	1.6481538512678824	0.8999480121459218	2.849270727455811	1.0575065630224403	2.5276485928436445	2.4396189338140677	2.6884596601497277	0.00011555329473709245
T941L	missense	1	4	2	2	0	0	0	0	2	2	0	0	0	0	3	0	1	6.280618012812461e-06	1.4714667875231389e-05	1.157988188520477e-05	9.929467681237608e-06	2.5881055843554194e-06	1.6265452179570593e-05	1.291856138900372e-05	3.0632468578745355e-06	1.2259709690074539e-05	9.879210190076004e-06	4.295348137966582e-06	1.2748922716030496e-05	1.323083843823183e-05	3.7547403597041264e-06	1.4331113205045985e-05	4.354281782991305e-06	3.7691898880173684e-06	0.5025186136716538	9.703030756507296e-06	-0.5216937792372854	0.6305759118429523	7.374378718997915e-06	0.809282902616777	0.5776242914126888	6.552331308939696e-06	0.42146446549628513	-0.10005198785407819	0.5738651522146992	0.01611387786421517	0.8190163499252244	0.23635119629192558	0.6964407510699618	7.876580261481636e-06
T941P	missense	14	10	11	54	191	5	45	22	23	58	98	2	103	16	6	37	156	4.7104635096093454e-05	3.237226932550905e-05	4.631952754081908e-05	0.0001820402408226895	0.0004969162721962405	9.759271307742355e-05	0.0005942538238941712	7.045467773111431e-05	9.807767752059631e-05	0.00019429113373816141	0.0004252394656586916	3.824676814809149e-05	0.0013760071975761105	6.383058611497015e-05	2.5079448108830473e-05	0.00016546270775366956	0.0002958814062093634	0.877319034758633	0.00018941207747131454	3.0736776002639807	0.809085518351426	0.00019701573866214093	2.200866449218088	0.815033942198465	0.0001375635370467084	2.366021354376134	0.7845545934438524	2.5867038991949904	1.556025962443333	3.345578593419217	2.546855134619401	2.966141246307104	0.00017466378439338795
T941N	missense	28	11	14	69	409	24	100	21	42	96	117	72	218	57	29	66	149	9.106896118578068e-05	3.531520290055533e-05	5.7899409426023855e-05	0.00023168757922887754	0.001061123289585722	0.0004066363044892648	0.0013047747002893758	6.739143087323978e-05	0.00017572250555773506	0.0003194277961457908	0.0005068510802800567	0.0009306713582702262	0.002897553617972771	0.00021777494086283933	0.00010748334903784489	0.00029173687946041743	0.00028268924160130263	0.9182136236035755	0.0003465063702852947	3.465969673691125	0.7959012138980334	0.0002673482032142056	2.0980873242758538	0.6776568577853519	0.00022492110274060107	1.240803592648343	0.5063293772565268	1.953628691109686	0.4932351325838776	1.6018380186522772	2.2682868635384406	1.7777333548809815	0.0002795918920800338
T941K	missense	17	0	7	34	87	3	23	8	8	43	42	3	18	9	6	27	98	5.652556211531215e-05	2.942933575046278e-06	3.087968502721272e-05	0.00011584378961443877	0.0002277532914232769	6.506180871828237e-05	0.0003100454733360893	2.756922172087082e-05	3.677912907022362e-05	0.0001448950827877814	0.00018469996993256303	5.099569086412198e-05	0.0002513859303264048	3.754740359704126e-05	2.5079448108830473e-05	0.00012191988992375652	0.00018657489945685975	0.8765088570020042	9.435492490999367e-05	3.0659057575588844	0.8088805375299954	9.848585087785972e-05	2.199268507549565	0.8082023753054403	9.2780410271622e-05	2.3100658764934687	0.6780992625295655	2.344474845718484	0.6928074874890817	1.9292800731683217	2.5250800472006394	2.136877459443403	9.520706201982513e-05
T941W	missense	4	0	0	4	9	2	1	2	0	11	10	0	0	5	3	12	35	1.5701545032031152e-05	2.942933575046278e-06	3.85996062840159e-06	1.654911280206268e-05	2.5881055843554195e-05	4.8796356538711774e-05	2.583712277800744e-05	9.189740573623606e-06	4.086569896691513e-06	3.9516840760304014e-05	4.7248829517632405e-05	1.2748922716030496e-05	1.323083843823183e-05	2.252844215822476e-05	1.4331113205045985e-05	5.660566317888696e-05	6.784541798431263e-05	0.8319328878366063	1.2308265712266187e-05	2.63829907748632	0.8119309471092385	2.5010495187062883e-05	2.223048178929145	0.7631073508928676	4.032765913161758e-05	1.9407049845270383	-0.2761432469097594	0.17318611960817545	0.01611387786421517	0.8190163499252244	2.2673507469808345	0.49610123476669993	2.588214001031555e-05
T941T	silent	13	1	4	16	48	2	0	5	7	31	16	0	2	3	4	10	45	4.396432608968722e-05	5.885867150092556e-06	1.9299803142007953e-05	5.6266983527013114e-05	0.00012681717363341555	4.8796356538711774e-05	1.291856138900372e-05	1.8379481147247212e-05	3.26925591735321e-05	0.00010537824202747737	7.30209183454319e-05	1.2748922716030496e-05	3.9692515314695496e-05	1.5018961438816506e-05	1.791389150630748e-05	4.789709961290435e-05	8.669136742439947e-05	0.8649297972758988	5.2067456863132295e-05	2.9548305890197493	0.7538887198770642	5.7367800173422146e-05	1.7705761243198366	0.8078128697955019	4.188032999560696e-05	2.306875544423562	-0.5771732425737406	-0.511779210840455	0.49323513258387763	1.6018380186522772	2.3440940859210495	0.5450294039059111	5.043852901072046e-05
T941H	missense	23	0	1	4	11	0	1	2	2	2	12	0	0	0	1	12	49	7.536741615374953e-05	2.942933575046278e-06	7.71992125680318e-06	1.654911280206268e-05	3.105726701226503e-05	1.6265452179570593e-05	2.583712277800744e-05	9.189740573623606e-06	1.2259709690074539e-05	9.879210190076004e-06	5.5839525793565566e-05	1.2748922716030496e-05	1.323083843823183e-05	3.7547403597041264e-06	7.165556602522992e-06	5.660566317888696e-05	9.422974720043421e-05	0.824874325668332	1.4567308661544293e-05	2.5705879678599124	0.8222750353114434	2.1792046561834928e-05	2.303686208603463	0.8729550276555661	4.043892683538707e-05	2.8404369704398444	0.200978007809903	1.2588304826633299	0.01611387786421517	0.8190163499252244	2.5715703823010734	1.038923416294277	2.5599427352922093e-05
T941S	missense	19	2	1	0	6	0	0	11	6	0	4	0	0	0	1	0	24	6.280618012812461e-05	8.828800725138832e-06	7.71992125680318e-06	3.309822560412536e-06	1.8116739090487936e-05	1.6265452179570593e-05	1.291856138900372e-05	3.6758962294494424e-05	2.860598927684059e-05	3.293070063358668e-06	2.1476740689832912e-05	1.2748922716030496e-05	1.323083843823183e-05	3.7547403597041264e-06	7.165556602522992e-06	4.354281782991305e-06	4.7114873600217106e-05	0.7022005965327832	9.493820908210622e-06	1.3938080339646748	0.5263150112782524	2.2533690581131646e-05	-0.0034899033822345764	0.87998926524741	1.5597363086358885e-05	2.8980524680489963	-0.10005198785407819	0.5738651522146992	0.01611387786421517	0.8190163499252244	1.4294568662104787	0.6964407510699618	1.5874958191900384e-05
T941D	missense	1	0	0	1	1	0	0	0	0	2	4	0	0	0	0	1	5	6.280618012812461e-06	2.942933575046278e-06	3.85996062840159e-06	6.619645120825072e-06	5.176211168710839e-06	1.6265452179570593e-05	1.291856138900372e-05	3.0632468578745355e-06	4.086569896691513e-06	9.879210190076004e-06	2.1476740689832912e-05	1.2748922716030496e-05	1.323083843823183e-05	3.7547403597041264e-06	3.582778301261496e-06	8.70856356598261e-06	1.1307569664052106e-05	0.6885762956023961	4.649687623245945e-06	1.263113352542589	0.823129804762727	9.62644190861874e-06	2.310349620885912	0.7519678418464957	6.8384129727500854e-06	1.8494643421051011	-0.10005198785407819	0.5738651522146992	0.01611387786421517	0.8190163499252244	1.8076424385112009	0.6964407510699618	7.03818083487159e-06
T941V	missense	4	0	0	0	0	0	0	0	0	0	0	0	0	0	0	0	0	1.5701545032031152e-05	2.942933575046278e-06	3.85996062840159e-06	3.309822560412536e-06	2.5881055843554194e-06	1.6265452179570593e-05	1.291856138900372e-05	3.0632468578745355e-06	4.086569896691513e-06	3.293070063358668e-06	4.295348137966582e-06	1.2748922716030496e-05	1.323083843823183e-05	3.7547403597041264e-06	3.582778301261496e-06	4.354281782991305e-06	1.8845949440086842e-06	0.6091090797529298	3.175205587053956e-06	0.5008032338794212	0.6496196713482894	3.6845587389728244e-06	0.957739800323296	0.5804471876823999	3.394098846991403e-06	0.4445860292983108	-0.10005198785407819	0.5738651522146992	0.01611387786421517	0.8190163499252244	0.6343763545003427	0.6964407510699618	3.4179543910060613e-06
T941F	missense	4	0	0	0	0	0	0	1	0	1	0	0	0	4	2	4	0	1.5701545032031152e-05	2.942933575046278e-06	3.85996062840159e-06	3.309822560412536e-06	2.5881055843554194e-06	1.6265452179570593e-05	1.291856138900372e-05	6.126493715749071e-06	4.086569896691513e-06	6.586140126717336e-06	4.295348137966582e-06	1.2748922716030496e-05	1.323083843823183e-05	1.877370179852063e-05	1.0748334903784488e-05	2.177140891495652e-05	1.8845949440086842e-06	0.6091090797529298	3.175205587053956e-06	0.5008032338794212	0.6072592432825731	5.273637969281126e-06	0.6275162573094306	0.5318124593019586	1.3294510140317581e-05	0.04623239962078713	-0.10005198785407819	0.5738651522146992	0.01611387786421517	0.8190163499252244	0.3915172969365463	0.6964407510699618	7.2477845655508875e-06
T941_	nonsense	2	0	0	1	0	0	0	4	2	2	0	0	0	6	12	2	0	9.420927019218692e-06	2.942933575046278e-06	3.85996062840159e-06	6.619645120825072e-06	2.5881055843554194e-06	1.6265452179570593e-05	1.291856138900372e-05	1.5316234289372676e-05	1.2259709690074539e-05	9.879210190076004e-06	4.295348137966582e-06	1.2748922716030496e-05	1.323083843823183e-05	2.6283182517928884e-05	4.657611791639945e-05	1.3062845348973913e-05	1.8845949440086842e-06	0.6382349487639731	4.00266122715709e-06	0.780200774420354	0.5188840373309157	1.043762557687245e-05	-0.06141855653763717	0.47309105427825665	2.1951685181827736e-05	-0.43473841300459704	-0.10005198785407819	0.5738651522146992	0.01611387786421517	0.8190163499252244	0.09468126829270658	0.6964407510699618	1.2130657328619093e-05
T941I	missense	0	0	0	0	5	0	3	0	0	3	1	0	5	0	0	1	11	3.1403090064062303e-06	2.942933575046278e-06	3.85996062840159e-06	3.309822560412536e-06	1.5528633506132516e-05	1.6265452179570593e-05	5.167424555601488e-05	3.0632468578745355e-06	4.086569896691513e-06	1.3172280253434671e-05	8.590696275933164e-06	1.2748922716030496e-05	7.938503062939099e-05	3.7547403597041264e-06	3.582778301261496e-06	8.70856356598261e-06	2.2615139328104212e-05	0.8063816420230194	6.4103375674982306e-06	2.3931920478774797	0.7359718903620346	7.228198320983471e-06	1.630904284534607	0.8245118741981949	9.665305388763112e-06	2.4436524780537474	0.5020080034738842	1.9437958131119601	0.7942651282478589	2.0957435011926333	2.1559162701552776	2.0197696571522967	7.767947092414938e-06
T941M	missense	1	0	1	0	0	0	0	0	0	0	0	0	0	0	0	0	0	6.280618012812461e-06	2.942933575046278e-06	7.71992125680318e-06	3.309822560412536e-06	2.5881055843554194e-06	1.6265452179570593e-05	1.291856138900372e-05	3.0632468578745355e-06	4.086569896691513e-06	3.293070063358668e-06	4.295348137966582e-06	1.2748922716030496e-05	1.323083843823183e-05	3.7547403597041264e-06	3.582778301261496e-06	4.354281782991305e-06	1.8845949440086842e-06	0.5836781111422018	4.1401957441543535e-06	0.2568499948973664	0.6496196713482894	3.6845587389728244e-06	0.957739800323296	0.5804471876823999	3.394098846991403e-06	0.4445860292983108	-0.10005198785407819	0.5738651522146992	0.01611387786421517	0.8190163499252244	0.553058608172991	0.6964407510699618	3.7396177767061937e-06
T941E	missense	2	0	0	0	0	0	0	0	0	0	0	0	0	0	0	0	1	9.420927019218692e-06	2.942933575046278e-06	3.85996062840159e-06	3.309822560412536e-06	2.5881055843554194e-06	1.6265452179570593e-05	1.291856138900372e-05	3.0632468578745355e-06	4.086569896691513e-06	3.293070063358668e-06	4.295348137966582e-06	1.2748922716030496e-05	1.323083843823183e-05	3.7547403597041264e-06	3.582778301261496e-06	4.354281782991305e-06	3.7691898880173684e-06	0.6091090797529298	3.175205587053956e-06	0.5008032338794212	0.6496196713482894	3.6845587389728244e-06	0.957739800323296	0.6315879679209843	3.865247582993574e-06	0.8634660376993329	-0.10005198785407819	0.5738651522146992	0.01611387786421517	0.8190163499252244	0.77400302396735	0.6964407510699618	3.5750039696734517e-06
T941Y	missense	1	0	0	0	1	0	0	1	0	0	0	0	0	0	0	0	0	6.280618012812461e-06	2.942933575046278e-06	3.85996062840159e-06	3.309822560412536e-06	5.176211168710839e-06	1.6265452179570593e-05	1.291856138900372e-05	6.126493715749071e-06	4.086569896691513e-06	3.293070063358668e-06	4.295348137966582e-06	1.2748922716030496e-05	1.323083843823183e-05	3.7547403597041264e-06	3.582778301261496e-06	4.354281782991305e-06	1.8845949440086842e-06	0.6752789889857437	3.822231983142811e-06	1.13555544987185	0.5808538396378142	4.450370453441458e-06	0.42167117159036915	0.5804471876823999	3.394098846991403e-06	0.4445860292983108	-0.10005198785407819	0.5738651522146992	0.01611387786421517	0.8190163499252244	0.6672708835868434	0.6964407510699618	3.888900427858558e-06
T941C	missense	1	0	0	0	0	0	0	0	0	0	0	0	0	2	0	0	2	6.280618012812461e-06	2.942933575046278e-06	3.85996062840159e-06	3.309822560412536e-06	2.5881055843554194e-06	1.6265452179570593e-05	1.291856138900372e-05	3.0632468578745355e-06	4.086569896691513e-06	3.293070063358668e-06	4.295348137966582e-06	1.2748922716030496e-05	1.323083843823183e-05	1.126422107911238e-05	3.582778301261496e-06	4.354281782991305e-06	5.653784832026053e-06	0.6091090797529298	3.175205587053956e-06	0.5008032338794212	0.6496196713482894	3.6845587389728244e-06	0.957739800323296	0.5442327367864006	6.213766498847809e-06	0.1479634626345823	-0.10005198785407819	0.5738651522146992	0.01611387786421517	0.8190163499252244	0.5355021656124331	0.6964407510699618	4.35784360829153e-06
A942T	missense	66	45	34	79	189	24	29	94	89	91	86	25	42	47	37	73	178	0.00021040070342921743	0.00013537494445212876	0.00013509862199405565	0.0002647858048330029	0.0004917400610275297	0.0004066363044892648	0.0003875568416701116	0.0002910084514980809	0.00036779129070223617	0.00030296244582899746	0.0003736952880030926	0.00033147199061679287	0.0005689260528439688	0.00018022753726579807	0.00013614557544793687	0.00032221685194135655	0.00033734249497755446	0.7709083733221492	0.00025674985807667923	2.052905410379629	0.642150645745959	0.0003338643690081018	0.8995145129528181	0.7092035920544325	0.00024398311490816146	1.4991941814115441	-0.020870741806453322	0.7540346009260032	0.23460898547298378	1.1775053148477599	1.483871368247997	0.9657699578868815	0.0002781991139976475
A942L	missense	184	176	105	127	119	29	11	245	164	132	83	26	10	196	198	164	261	0.0005809571661851527	0.0005208992427831911	0.0004091558266105686	0.0004236572877328046	0.0003105726701226503	0.00048796356538711777	0.00015502273666804465	0.0007535587270371358	0.0006742840329540997	0.00043797831842670287	0.0003608092435891929	0.0003442209133328234	0.00014553922282055013	0.0007396838508617129	0.0007129728819510378	0.0007184564941935652	0.0004937638753302753	0.5786979658858133	0.0004160712568123037	0.20907664483375274	0.5455888517454865	0.0005566575805017828	0.1467606058123412	0.5906514969438122	0.0006662192755841477	0.5281667085371882	-0.4979919965261158	-0.33160976212915133	-0.37385720113654713	0.17918358666248713	0.2946679863944274	-0.0762130877333321	0.0005463160376327447
A942N	missense	96	43	35	86	217	12	64	33	18	91	112	9	39	27	44	90	337	0.0003046099736214043	0.0001294890773020362	0.00013895858262245726	0.00028795456275589065	0.0005642070173894814	0.0002114508783344177	0.0008397064902852418	0.0001041503931677342	7.764482803713875e-05	0.00030296244582899746	0.0004853743395902238	0.00012748922716030494	0.0005292335375292732	0.00010513273007171553	0.00016122502355676732	0.0003962396422522087	0.0006369930910749352	0.7870937241586071	0.0002801523100174664	2.208167634994587	0.8013921620603977	0.00024253300165602353	2.140892376997899	0.801074282637428	0.00032489762173890666	2.2516816378735123	0.5989180164819407	2.1643053970071806	0.6181738691921775	1.806827315005937	2.2002472166219995	1.9855663560065588	0.00028252764447079886
A942A	silent	86	84	91	94	111	21	29	92	91	132	88	21	23	101	93	99	215	0.00027320688355734205	0.0002501493538789336	0.0003551163778129463	0.00031443314323919094	0.00028986782544780697	0.000357839947950553	0.0003875568416701116	0.0002848819577823318	0.0003759644304956192	0.00043797831842670287	0.0003822859842790258	0.0002804762997526709	0.00031754012251756396	0.0003829835166898209	0.00033678116031858065	0.00043542817829913047	0.0004070725079058758	0.6331095341939684	0.00030239167509471944	0.7310338903500792	0.6548952983036253	0.00037027767274591997	0.9988663022110436	0.638675172897417	0.00039056634080335197	0.9215153765287029	0.03464658604337805	0.8803590382379981	0.05390243875361493	0.8810167408145693	0.8838051896966085	0.8806878895262837	0.00035441189621466374
A942V	missense	184	217	156	159	266	53	28	232	172	194	143	50	71	233	214	178	488	0.0005809571661851527	0.0006415595193600886	0.0006060138186590497	0.0005295716096660058	0.000691024191022897	0.000878334417696812	0.0003746382802811079	0.0007137365178847667	0.0007069765921276318	0.0006421486623549403	0.0006185301318671878	0.0006501950585175553	0.0009526203675526918	0.0008786092441707656	0.0007702973347712217	0.0007794164391554435	0.0009215669276202465	0.6286439867950583	0.0006170422846770103	0.6881969552546355	0.6086630050575602	0.0006703479760586317	0.6384593758767062	0.6301491301568379	0.0008374724864294193	0.8516809149084491	-0.3700477497780906	-0.040484709758670266	0.16587619819754726	1.0647341592998212	0.7261124153465969	0.5121247247705755	0.0007082875823883538
A942E	missense	36	17	10	57	280	9	81	25	14	124	128	11	99	45	21	45	226	0.00011619143323703052	5.2972804350832996e-05	4.245956691241749e-05	0.0001919697085039271	0.0007272576692038728	0.00016265452179570593	0.001059322033898305	7.964441830473792e-05	6.129854845037269e-05	0.0004116337579198335	0.0005540999097976891	0.00015298707259236595	0.001323083843823183	0.0001727180565463898	7.882112262775292e-05	0.0002002969620176	0.0004278030522899713	0.8926223160465353	0.0002536649372427626	3.2204783412967997	0.825341006204755	0.0002766691586181583	2.32758718924502	0.7510077474365952	0.0002199097983704285	1.841600473923804	0.8137618645296385	2.6531622866611664	0.9369326318165903	2.329820713456878	2.4632220014885413	2.491491500059022	0.00025008129807711646
A942I	missense	85	81	63	71	59	13	21	106	117	60	44	11	13	134	92	47	113	0.0002700665745509358	0.00024132055315379477	0.0002470374802177018	0.0002383072243497026	0.00015528633506132515	0.0002277163305139883	0.00028420835055808184	0.0003277674137925753	0.00048221524780959856	0.00020087727386487874	0.0001932906662084962	0.00015298707259236595	0.00018523173813524564	0.0005068899485600571	0.00033319838201731914	0.0002090055255835826	0.00021484382361699	0.5871814688684386	0.0002204878981956311	0.2904568730981335	0.5539158457687813	0.0003010376504188872	0.21167424324683043	0.5260699610365008	0.0003159844199444872	-0.0008028178799227445	0.09624265728989004	1.0205150821652602	0.08306066749482832	0.9288571860987209	0.16710943282168042	0.9746861341319906	0.0002791699895196685
A942D	missense	98	19	59	169	716	28	110	32	44	218	251	24	162	77	57	135	641	0.0003108905916342168	5.8858671500925554e-05	0.00023159763770409542	0.0005626698352701312	0.0018556717039828357	0.0004716981132075472	0.001433960314179413	0.00010108714630985967	0.00018389564535111809	0.0007211823438755483	0.0010824277307675788	0.0003187230679007624	0.0021566266654317883	0.00029286974805692187	0.00020780114147316678	0.0005921823224868174	0.0012099099540535752	0.8890244683757408	0.0006771994621144969	3.185965043510568	0.8333525054154031	0.0005221482165760263	2.3900413658196458	0.795203228299968	0.0005756907915176203	2.2035934530878096	0.4828729930336232	1.9002559036738933	0.8303614735961353	2.1549674427399212	2.593199954139341	2.0276116732069074	0.0005916794900693811
A942Y	missense	104	89	56	153	278	25	24	85	86	219	144	19	64	99	81	152	245	0.00032973244567265417	0.000264864021754165	0.00022001775581889066	0.0005097126743035306	0.000722081458035162	0.0004229017566688354	0.000322964034725093	0.00026343922977721003	0.00035553158101216164	0.000724475413938907	0.0006228254800051545	0.0002549784543206099	0.000860004498485069	0.0003754740359704126	0.0002937878207034427	0.0006662051127976695	0.0004636103562261363	0.7459712341257412	0.00042916897747793703	1.8136893596255186	0.7169953343761539	0.0004915679261833582	1.4829712763474165	0.669246726069323	0.0004497693314244153	1.1719185262213354	-0.11708532715285848	0.5351073970092811	0.5279972388430896	1.6588728494444884	1.4895263873980902	1.0969901232268848	0.0004568354116952368
A942S	missense	181	131	103	135	242	31	49	230	165	214	153	24	58	216	198	171	405	0.0005715362391659339	0.00038846723190610866	0.0004014359053537654	0.0004501358682161049	0.0006289096569983669	0.000520494469746259	0.000645928069450186	0.0007076100241690177	0.0006783706028507912	0.0007080100636221137	0.0006614836132468536	0.0003187230679007624	0.000780619467855678	0.0008147786580557955	0.0007129728819510378	0.0007489364666745043	0.0007651455472675257	0.676501363681096	0.00046723716561858646	1.1472813998639835	0.620067102792353	0.000688868575972194	0.7273607805796379	0.6203590595261725	0.0007604583884872158	0.7714931499019676	0.09376803816203468	1.0148843200051398	0.38902588083432166	1.4308599715742518	0.8820451101151964	1.2228721457896958	0.0006388547100259987
A942F	missense	103	61	44	53	89	8	19	138	116	90	74	19	19	90	91	77	227	0.00032659213666624793	0.0001824618816528692	0.00017369822827807157	0.00017873041826227696	0.00023292950259198774	0.00014638906961613534	0.0002583712277800744	0.00042579131324456046	0.00047812867791290704	0.0002996693757656388	0.0003221511103474937	0.0002549784543206099	0.0002646167687646366	0.0003416813727330755	0.0003296156037160577	0.00033963397907332176	0.00042968764723398	0.6504674022768043	0.0001919550076963014	0.8975437942962751	0.584906360376412	0.00038143511931764995	0.4532628673674001	0.648777736725012	0.0003601546506891087	1.0042626870161973	0.24673549837057815	1.3629473317941325	0.01611387786421517	0.8190163499252244	0.7850231162266241	1.0909818408596785	0.0003111815925676867
A942_	nonsense	110	130	114	79	80	20	15	188	141	108	62	41	9	164	148	87	156	0.0003485742997110916	0.00038552429833106237	0.0004438954722661829	0.0002647858048330029	0.00020963655233278896	0.00034157449577098246	0.00020669698222405952	0.0005789536561382873	0.0005802929253301949	0.0003589446369060948	0.0002706069326918947	0.0005354547540732808	0.0001323083843823183	0.0006195321593511809	0.000533833966887963	0.0003831767969032348	0.0002958814062093634	0.5572413263865975	0.00032596053194075927	0.0032482006393045183	0.5448911530292135	0.0004471995377666179	0.14132164892346202	0.5484886939501225	0.0004581060823379356	0.18282283247949463	-0.2181512999320727	0.3051413190802907	-0.6071354125336853	-0.20356029011338048	0.10913089401408704	0.050790514483455104	0.0004104220506817709
A942K	missense	81	19	29	57	69	6	6	49	33	48	32	0	16	46	49	39	112	0.0002575053385253109	5.8858671500925554e-05	0.00011579881885204771	0.0001919697085039271	0.00018116739090487936	0.00011385816525699414	9.042992972302605e-05	0.00015316234289372677	0.00013894337648751146	0.00016136043310457473	0.00014174648855289722	1.2748922716030496e-05	0.00022492425344994112	0.00017647279690609393	0.0001791389150630748	0.00017417127131965217	0.00021295922867298133	0.72610930633151	0.00013694864744044492	1.623158605881976	0.6225154874095121	0.00014880316025967755	0.7464473262038851	0.6425854505564667	0.00018568555299045057	0.9535433810102858	-0.10005198785407812	0.5738651522146996	1.246562799242489	2.837836656898749	1.1077164376987156	1.7058509045567243	0.00015714578689685768
A942G	missense	172	72	76	126	243	12	27	159	98	136	100	5	25	118	141	144	352	0.0005432734581082778	0.00021483415097837827	0.00029721696838692246	0.0004203474651723921	0.0006314977625827223	0.0002114508783344177	0.0003617197188921042	0.0004901194972599256	0.0004045704197724598	0.0004511505986801375	0.0004338301619346248	7.649353629618297e-05	0.0003440017993940276	0.00044681410280479107	0.0005087545187791324	0.0006313708585337391	0.0006652620152350655	0.7347516256533573	0.0003909740867801038	1.7060623215506128	0.6164107825815632	0.00044491766941178693	0.6988576924491997	0.6681777573326975	0.000563050373838182	1.1631628984954936	0.23316269118130437	1.3320636906439864	0.6529359754513895	1.8638621457981484	1.1893609708317687	1.5979629182210675	0.0004663140433433576
A942M	missense	64	415	353	264	129	92	40	277	270	145	86	195	26	120	137	71	261	0.00020412008541640498	0.0012242603672192516	0.001366426062454163	0.0008771029785093221	0.00033645372596620454	0.001512687052700065	0.0005296610169491525	0.0008515826264891209	0.0011074604420034	0.00048078822925036555	0.0003736952880030926	0.002498788852341977	0.0003572326378322594	0.0004543235835241993	0.0004944234055740865	0.0003135082883753739	0.0004937638753302753	0.5214070218263898	0.0009510607835372353	-0.3405017680679173	0.533463001618268	0.0007033816464364947	0.05223273218336784	0.6205443081528654	0.00043900478820098376	0.7730104702467763	-0.4557510796882777	-0.23549454445303838	-0.8447784293332736	-0.5934655838561416	0.16158047812074225	-0.41448006415459	0.0006978157393915714
A942P	missense	36	21	12	36	73	0	20	10	12	40	51	3	18	8	22	59	151	0.00011619143323703052	6.47445386510181e-05	5.017948816922067e-05	0.00012246343473526383	0.00019151981324230102	1.6265452179570593e-05	0.00027128978916907815	3.369571543661989e-05	5.312540865698967e-05	0.00013501587259770538	0.00022335810317426226	5.099569086412198e-05	0.0002513859303264048	3.379266323733714e-05	8.240390092901442e-05	0.00026125690697947825	0.00028645843148932	0.7569078146183409	0.0001072268186994509	1.9186013775433952	0.8077506713770461	0.0001112987749663943	2.190460560576519	0.8013882954741314	0.00016597797565878744	2.2542536303042637	1.222167306879841	3.5824503071436298	0.6928074874890817	1.9292800731683217	2.1211051894747257	2.755865190155976	0.00012816785644154422
A942C	missense	14	7	5	20	29	2	0	7	6	12	24	0	0	24	6	21	78	4.7104635096093454e-05	2.3543468600370222e-05	2.315976377040954e-05	6.950627376866327e-05	7.764316753066258e-05	4.8796356538711774e-05	1.291856138900372e-05	2.4505974862996284e-05	2.860598927684059e-05	4.2809910823662684e-05	0.00010738370344916456	1.2748922716030496e-05	1.323083843823183e-05	9.386850899260315e-05	2.5079448108830473e-05	9.57941992258087e-05	0.00014888300057668604	0.759538772949941	4.84631684175264e-05	1.9438395356507474	0.786602247560952	5.0826394603166025e-05	2.0255966118252178	0.7060443878101631	9.090628922598209e-05	1.473318011861403	-0.5771732425737406	-0.511779210840455	0.01611387786421517	0.8190163499252244	1.8142513864457894	0.15361856954238473	6.339861741555817e-05
A942R	missense	173	57	46	62	168	21	30	124	56	144	97	13	9	107	93	121	383	0.0005464137671146841	0.0001706901473526841	0.00018141814953487475	0.00020851882130598978	0.0004373898437560659	0.000357839947950553	0.00040047540305911534	0.00038290585723431696	0.00023293448411141625	0.0004774951591870069	0.00042094411752072506	0.00017848491802442692	0.0001323083843823183	0.00040551195884804567	0.00033678116031858065	0.0005312223775249392	0.0007236844584993348	0.7286054236199221	0.00024950424048740365	1.6471032659029214	0.6546077629635432	0.0003785699045133663	0.9966248012848419	0.6969105962058268	0.000499299988797725	1.3985056471280437	0.04888702515798831	0.9127618127932638	-0.13001415781402287	0.579261378613672	1.347411238105269	0.7460115957034679	0.00037579137793283167
A942H	missense	36	7	11	7	17	5	2	35	28	28	7	1	1	20	38	34	35	0.00011619143323703052	2.3543468600370222e-05	4.631952754081908e-05	2.647858048330029e-05	4.658590051839755e-05	9.759271307742355e-05	3.875568416701116e-05	0.00011027688688348328	0.00011851052700405388	9.549903183740137e-05	3.436278510373266e-05	2.549784543206099e-05	2.646167687646366e-05	7.884954755378666e-05	0.00013972835374919835	0.00015239986240469565	6.784541798431263e-05	0.6681043331221144	3.573186928572179e-05	1.066730681012059	0.5376047893904131	8.96623077071678e-05	0.08452031507576568	0.6192058439191569	0.00010970579542299831	0.7620474793255447	-0.40108198351805935	-0.11110017823393102	0.01611387786421517	0.8190163499252244	0.6377661584711231	0.3539580858456467	7.836665747196263e-05
A942Q	missense	34	24	14	15	11	0	7	16	16	20	17	0	1	18	21	28	61	0.00010991081522421806	7.357333937615695e-05	5.7899409426023855e-05	5.295716096660058e-05	3.105726701226503e-05	1.6265452179570593e-05	0.00010334849111202976	5.20751965838671e-05	6.947168824375573e-05	6.915447133053203e-05	7.731626648339847e-05	1.2748922716030496e-05	2.646167687646366e-05	7.134006683437841e-05	7.882112262775292e-05	0.00012627417170674784	0.00011684488652853843	0.5481448087014705	5.38717941952616e-05	-0.08401253200176899	0.6601683930529348	6.700440566038833e-05	1.0399730641177798	0.6834721420788898	9.832006192435439e-05	1.288434980405186	0.8030379991378654	2.6287611435605904	0.31714387352819634	1.3129218324655807	0.7481318375070657	1.9708414880130856	7.306542059333477e-05
A942W	missense	0	2	0	0	0	0	0	0	0	0	0	0	0	1	0	0	1	3.1403090064062303e-06	8.828800725138832e-06	3.85996062840159e-06	3.309822560412536e-06	2.5881055843554194e-06	1.6265452179570593e-05	1.291856138900372e-05	3.0632468578745355e-06	4.086569896691513e-06	3.293070063358668e-06	4.295348137966582e-06	1.2748922716030496e-05	1.323083843823183e-05	7.509480719408253e-06	3.582778301261496e-06	4.354281782991305e-06	3.7691898880173684e-06	0.4953896174457714	4.646672374577094e-06	-0.5900805460418029	0.6496196713482894	3.6845587389728244e-06	0.957739800323296	0.5570259454343306	4.803932672919606e-06	0.25274910182351773	-0.10005198785407819	0.5738651522146992	0.01611387786421517	0.8190163499252244	0.20680278536833693	0.6964407510699618	4.378387928823174e-06
S943C	missense	67	30	26	35	78	13	23	52	47	46	53	6	22	45	52	55	176	0.00021354101243562366	9.12309408264346e-05	0.00010421893696684294	0.0001191536121748513	0.00020446034116407814	0.0002277163305139883	0.0003100454733360893	0.00016235208346735037	0.00019615535504119262	0.0001547742929778574	0.00023194879945019544	8.924245901221346e-05	0.0003043092840793321	0.0001727180565463898	0.0001898872499668593	0.00024383977984751304	0.0003335733050895371	0.7103996307755202	0.00012976595778305174	1.472459421202701	0.6530800837686431	0.00018630763273414896	0.984715676203626	0.6963441194861002	0.00023500459786257485	1.3938657927493838	0.13403121817928987	1.1064993842933388	0.5327436738675513	1.6666604131918565	1.2836802967185703	1.3865798987425977	0.00018369272945992516
S943T	missense	86	22	13	18	44	23	6	61	28	57	44	21	3	51	57	66	159	0.00027320688355734205	6.768747222606438e-05	5.4039448797622264e-05	6.288662864783819e-05	0.00011646475129599387	0.0003903708523096942	9.042992972302605e-05	0.0001899213051882212	0.00011851052700405388	0.00019099806367480274	0.0001932906662084962	0.0002804762997526709	5.292335375292732e-05	0.00019524649870461457	0.00020780114147316678	0.00029173687946041743	0.0003015351910413895	0.6894263537762995	7.526957524187968e-05	1.271267758614225	0.6399042096217152	0.0001731801405188935	0.8820022702778555	0.6755362147661951	0.00024907992766989704	1.2234339912942795	-0.6351651895514273	-0.6437344103125703	-0.7242488116300287	-0.39571041045283956	1.1255680067287865	-0.519722410382705	0.00016584321447689007
S943F	missense	88	52	38	44	94	11	20	54	67	67	73	4	29	71	65	85	278	0.0002794875015701545	0.0001559754794774527	0.00015053846450766202	0.00014894201521856415	0.00024587003051376483	0.0001951854261548471	0.00027128978916907815	0.00016847857718309945	0.0002778867529750229	0.00022392876430838942	0.0003178557622095271	6.374461358015247e-05	0.00039692515314695493	0.0002703413058986971	0.00023646336788325876	0.00037446823333725217	0.0005258019893784229	0.6727822025260763	0.00017533149742936092	1.1116043706500607	0.674862574455379	0.00024703746416900973	1.1545225355460618	0.7053428195386306	0.0003517687241244077	1.4675716598874518	0.14298606083221632	1.1268752831912145	0.7942651282478589	2.0957435011926333	1.2445661886945247	1.611309392191924	0.0002580458952409261
S943H	missense	55	35	11	133	966	14	204	14	29	262	342	11	220	26	23	173	731	0.0001758573043587489	0.00010594560870166599	4.631952754081908e-05	0.00044351622309527985	0.0025026981000716903	0.00024398178269355888	0.0026483050847457626	4.594870286811803e-05	0.00012259709690074538	0.0008660774266633297	0.0014733044113225376	0.00015298707259236595	0.0029240152948492347	0.00010137798971201142	8.59866792302759e-05	0.000757645030240487	0.0013795234990143569	0.9310958717437585	0.0007746198648523638	3.5895460190231887	0.8754830771166637	0.0006269819094386827	2.7184730482097925	0.867311815680461	0.0005811332995492828	2.794214979525491	1.0356106141459949	3.157958168398493	1.281324905501701	2.8948714876909607	3.0340780155861573	3.026414828044727	0.0006609116912801097
S943S	silent	133	73	96	94	175	11	27	142	93	154	100	20	25	147	159	117	417	0.00042080140685843485	0.00021777708455342454	0.0003744161809549543	0.00031443314323919094	0.0004555065828465538	0.0001951854261548471	0.0003617197188921042	0.0004380443006760586	0.0003841375702890022	0.0005104258598205935	0.0004338301619346248	0.0002677273770366404	0.0003440017993940276	0.0005557015732362107	0.0005732445282018394	0.0005138052503929739	0.00078776068659563	0.6849432527141833	0.00034053324789853087	1.2282624353987435	0.6330420230011793	0.0004416094731800698	0.8285076366745251	0.6577471152272905	0.0006076280096066635	1.0777283894333007	0.2679247974405163	1.4111615810333211	0.10886793110111387	0.9711996408975992	1.0448328205021897	1.1911806109654601	0.00046325691022842144
S943P	missense	43	118	70	67	13	43	11	80	109	52	12	87	4	63	53	30	28	0.00013817359628187414	0.00035020909543050706	0.00027405720461651294	0.00022506793410805246	3.623347818097587e-05	0.000715679895901106	0.00015502273666804465	0.0002481229954878374	0.0004495226886360664	0.0001745327133580094	5.5839525793565566e-05	0.0011219051990106837	6.615419219115915e-05	0.0002403033830210641	0.00019347002826812078	0.00013498273527273044	5.4653253376251844e-05	0.4851298200502498	0.00022139192808401208	-0.6885003445264467	0.5102607849757004	0.0002320044808188697	-0.12864169556314964	0.5015984114951448	0.00015585234998454178	-0.20124252235152934	-0.6643234182926407	-0.7100812065544829	-1.2293987899499348	-1.224519324484912	-0.33946152081370856	-0.9673002655196974	0.0002030829196291412
S943V	missense	124	130	93	113	105	17	21	151	156	89	67	3	10	144	178	109	223	0.0003925386258007788	0.00038552429833106237	0.0003628362990697495	0.00037731977188702916	0.00027433919194167443	0.00029277813923227067	0.00028420835055808184	0.0004656135223969294	0.0006415914737805676	0.0002963763057022801	0.0002920836733817276	5.099569086412198e-05	0.00014553922282055013	0.0005444373521570983	0.0006413173159258078	0.0004789709961290435	0.00042214926745794525	0.5965118403354066	0.0003500048903073788	0.3799609095001286	0.5611751342574048	0.00042391624381537613	0.26826451095503534	0.5933012523976009	0.0005217187329174737	0.5498701237288521	-0.012901812135178013	0.7721671479287273	0.4554465716944778	1.539837627762932	0.399365181394672	1.1560023878458296	0.0004318799556800762
S943I	missense	76	67	50	40	29	27	0	84	92	71	19	54	7	97	59	46	115	0.00024180379349327975	0.00020011948310314688	0.0001968579920484811	0.000135702724976914	7.764316753066258e-05	0.0004554326610279766	1.291856138900372e-05	0.0002603759829193355	0.0003800510003923107	0.0002371010445618241	8.590696275933165e-05	0.0007011907493816772	0.00010584670750585465	0.0003679645552510044	0.00021496669807568978	0.00020465124380059132	0.00021861301350500738	0.5372218981568769	0.00015258084191480115	-0.18879341735667274	0.5385441126296412	0.00024085874765820048	0.09184287205304514	0.5680565339104612	0.0002515488776580732	0.34309760593303773	-1.5472100191962974	-2.7190063005563374	-0.8211588246380851	-0.5547124615014798	0.08204902020980338	-1.6368593810289087	0.00021499615574369158
S943N	missense	52	7	20	37	114	0	5	31	10	44	54	0	6	31	42	41	251	0.0001664363773395302	2.3543468600370222e-05	8.10591731964334e-05	0.00012577325729567639	0.00029763214220087324	1.6265452179570593e-05	7.751136833402232e-05	9.802389945198513e-05	4.4952268863606643e-05	0.00014818815285114005	0.00023624414758816203	1.2748922716030496e-05	9.261586906762282e-05	0.00012015169151053205	0.00015405946695424435	0.0001828798348856348	0.0004749179258901884	0.8302478459364673	0.0001320020103233383	2.6221348709375376	0.7477456182156865	0.00013185211718872347	1.7226871654885563	0.7716079144340475	0.00023300222981014992	2.010330753061097	0.6780992625295655	2.344474845718484	0.8612119178784721	2.20558433736613	2.118384263162397	2.275029591542307	0.00016561878577407057
S943Y	missense	91	40	35	45	123	24	27	85	83	91	73	59	4	118	104	82	238	0.0002889084285893732	0.00012066027657689738	0.00013895858262245726	0.00015225183777897667	0.000320925092460072	0.0004066363044892648	0.0003617197188921042	0.00026343922977721003	0.0003432718713220871	0.00030296244582899746	0.0003178557622095271	0.0007649353629618298	6.615419219115915e-05	0.00044681410280479107	0.0003761917216324571	0.00036140538798827825	0.00045041819161807553	0.7297508241137453	0.00018319894735960085	1.6580908206703766	0.6375190668451545	0.0003068823272844554	0.8634087306411	0.6246961405273774	0.0004087073510109005	0.8070169826973451	-0.05083396518389649	0.6858561154007742	-1.0630673681834097	-0.9516162838825408	1.109505511336274	-0.13288008424088332	0.00029959620855165225
S943W	missense	124	136	158	186	198	37	35	167	175	176	156	41	92	144	165	83	278	0.0003925386258007788	0.00040318189978134005	0.0006137337399158529	0.0006189368187971443	0.0005150330112867284	0.0006180871828236825	0.00046506821000413394	0.0005146254721229219	0.0007192363018177063	0.0005828734012144842	0.0006743696576607534	0.0005354547540732808	0.0012304679747555602	0.0005444373521570983	0.0005947411980094083	0.0003657596697712696	0.0005258019893784229	0.6448032634806063	0.0005377213674452664	0.8432090567356495	0.6422046982674904	0.0006227762082039665	0.899935882990468	0.6074640533001698	0.0005076850523290499	0.6658737148624532	-0.12353308370360103	0.5204361358059242	0.3613475360202498	1.3854475992252453	0.8030062181961902	0.9529418675155847	0.0005560608759927609
S943K	missense	88	14	11	10	71	6	10	20	23	43	60	3	3	36	37	53	167	0.0002794875015701545	4.414400362569416e-05	4.631952754081908e-05	3.64080481645379e-05	0.0001863436020735902	0.00011385816525699414	0.00014210417527904092	6.432818401536524e-05	9.807767752059631e-05	0.0001448950827877814	0.0002620162364159615	5.099569086412198e-05	5.292335375292732e-05	0.00013892539330905267	0.00013614557544793687	0.00023513121628153044	0.00031661195059345894	0.791294348384845	7.830379535116034e-05	2.2484632250455667	0.7654932048681515	0.0001423292951849261	1.8610396612478195	0.7205543219220161	0.00020670353390799472	1.592164875251368	0.09624265728989004	1.0205150821652602	0.01611387786421517	0.8190163499252244	1.900555920514918	0.9197657160452424	0.00014244554148136037
S943M	missense	57	55	46	47	17	2	6	40	61	40	34	5	1	65	73	40	111	0.00018213792237156137	0.00016480428020259155	0.00018141814953487475	0.00015887148289980173	4.658590051839755e-05	4.8796356538711774e-05	9.042992972302605e-05	0.00012559312117285594	0.0002533673335948738	0.00013501587259770538	0.0001503371848288304	7.649353629618297e-05	2.646167687646366e-05	0.00024781286374047235	0.0002651255942933507	0.00017852555310264348	0.00021107463372897262	0.5395333496231217	0.00013791995328891638	-0.1666202126875293	0.6166983342165666	0.00016607837804856636	0.7010993204035475	0.5977415091385714	0.00022563466121635977	0.5862390405166555	0.2679247974405163	1.4111615810333211	-0.4610073768554473	0.036194681198171916	0.37357271607755793	0.7236781311157465	0.0001765443308512808
S943L	missense	184	126	115	95	133	7	24	85	101	129	94	2	31	122	203	153	404	0.0005809571661851527	0.00037375256403087727	0.0004477554328945845	0.00031774296579960347	0.0003468061483036262	0.00013012361743656474	0.000322964034725093	0.00026343922977721003	0.0004168301294625343	0.00042809910823662684	0.0004080580731068253	3.824676814809149e-05	0.0004233868300234186	0.00046183306424360754	0.0007308867734573452	0.0006705593945806609	0.0007632609523235171	0.6072641646212729	0.0003715142777571728	0.4831054014097268	0.6616919775579558	0.0003791066351457991	1.0518502687708708	0.6651648283505095	0.0006566350461512827	1.1384848292231284	0.39479803382601586	1.6998496504537701	1.0441426014644588	2.505722093899954	0.8911468331345754	2.102785872176862	0.00046908531968475154
S943E	missense	73	9	4	28	94	1	18	45	7	59	73	1	22	19	35	59	191	0.00023238286647406104	2.9429335750462777e-05	1.9299803142007953e-05	9.598485425196355e-05	0.00024587003051376483	3.2530904359141185e-05	0.0002454526663910707	0.00014090935546222862	3.26925591735321e-05	0.0001975842038015201	0.0003178557622095271	2.549784543206099e-05	0.0003043092840793321	7.509480719408253e-05	0.00012898001884541387	0.00026125690697947825	0.0003618422292496674	0.8573466563609344	9.764600591454978e-05	2.8820873201266206	0.7512134574854863	0.00017226047016170198	1.7497209378692162	0.7749864598582586	0.0002067934905671605	2.0380034856450453	0.8776716174347696	2.7985828947337836	1.076811718217827	2.5593229180924055	2.2232705812136273	2.6789529064130946	0.00015889998888113743
S943G	missense	134	82	80	86	176	15	20	147	87	171	69	21	5	137	124	138	385	0.0004239417158648411	0.00024426348672884103	0.0003126568109005288	0.00028795456275589065	0.0004580946884309092	0.0002602472348731295	0.00027128978916907815	0.00045336053496543126	0.00035961815090885315	0.0005664080508976909	0.0003006743696576608	0.0002804762997526709	7.938503062939099e-05	0.0005181541696391694	0.00044784728765768703	0.0006052451678357913	0.0007274536483873521	0.6841716972129126	0.00032574238720404244	1.2208610868118863	0.6063050999326108	0.000420015276607409	0.6200781691702162	0.6677032791893812	0.00057467506838	1.1592765790507922	0.018047324223916344	0.8425889853491081	-0.5481575525743475	-0.1067942242661434	1.000071945010965	0.36789738054148236	0.0004401442440638171
S943_	nonsense	71	305	229	296	62	50	19	321	242	159	35	88	4	263	273	133	142	0.0002261022484612486	0.0009005376739641609	0.0008877909445323658	0.0009830173004425234	0.00016305065181439142	0.0008295380611581002	0.0002583712277800744	0.0009863654882356005	0.0009930364848960377	0.0005268912101373869	0.00015463253296679695	0.0011346541217267141	6.615419219115915e-05	0.0009912514549618894	0.00098168125454565	0.0005834737589208349	0.00026949707699324186	0.5348096210119818	0.0007335991426883604	-0.21193381880293524	0.48588750418246296	0.0006652314290589555	-0.31864523202242084	0.5116083631161102	0.000706475886355404	-0.11925377287366488	-0.5065921682880333	-0.3511786409042496	-1.234306124444679	-1.2325708789695986	-0.21661094123300698	-0.7918747599369241	0.0007017688193675734
S943A	missense	37	43	28	46	43	4	10	59	74	60	28	9	6	56	83	37	75	0.00011933174224343676	0.0001294890773020362	0.00011193885822364612	0.0001555616603393892	0.00011387664571163845	8.132726089785297e-05	0.00014210417527904092	0.00018379481147247213	0.0003064927422518635	0.00020087727386487874	0.0001245650960010309	0.00012748922716030494	9.261586906762282e-05	0.00021402020050313521	0.0003009533773059657	0.00016546270775366956	0.00014322921574466	0.6242134700842806	0.00012771656039417748	0.6456960612264632	0.5815872529301106	0.0002039324808975613	0.4273885438392956	0.5722079953458736	0.00020591637532685762	0.377101080123877	0.24237069296812808	1.3530156292465552	-0.13878808212152793	0.5648658386964207	0.48339522839654525	0.9589407339714879	0.0001791884722061988
S943D	missense	54	50	43	29	44	7	4	42	45	30	29	2	1	49	40	51	111	0.00017271699535234268	0.00015008961232736015	0.00016983826764966996	9.929467681237608e-05	0.00011646475129599387	0.00013012361743656474	6.45928069450186e-05	0.00013171961488860502	0.0001879822152478096	0.00010208517196411871	0.00012886044413899745	3.824676814809149e-05	2.646167687646366e-05	0.0001877370179852063	0.00014689391035172135	0.00022642265271554784	0.00021107463372897262	0.5850004117737879	0.00013392182702135	0.2695345106514132	0.6035537560880158	0.0001376618615598827	0.5986298846769132	0.649209319568359	0.00019303205369536203	1.0077976629043932	-0.304171970510003	0.10940940566128902	-0.15997738119146607	0.5301001637385283	0.6253206860775732	0.31975478469990865	0.00015487191409219823
S943R	missense	137	123	106	138	151	20	45	166	124	149	82	7	34	136	153	119	345	0.0004333626428840598	0.0003649237633057384	0.00041301578723897017	0.00046006533589734255	0.00039339204882202374	0.00034157449577098246	0.0005942538238941712	0.0005115622252650474	0.0005108212370864391	0.0004939605095038003	0.00035651389545122633	0.00010199138172824396	0.0004630793453381141	0.0005143994292794653	0.0005517478583942704	0.0005225138139589565	0.0006520698506270047	0.6351488486909677	0.00040784923381601874	0.7505965497383713	0.5928295317120549	0.00046821446682662824	0.5150284780997302	0.646409153295506	0.0005601827380649243	0.98486227422974	0.24048654909357667	1.3487284377698445	0.6570919352225473	1.8706809058744138	0.7501624340226138	1.6097046718221293	0.00047874881290252376
S943Q	missense	29	13	9	10	0	3	1	32	7	23	16	9	10	34	25	16	64	9.420927019218691e-05	4.120107005064789e-05	3.8599606284015906e-05	3.64080481645379e-05	2.5881055843554194e-06	6.506180871828237e-05	2.583712277800744e-05	0.00010108714630985967	3.26925591735321e-05	7.903368152060803e-05	7.30209183454319e-05	0.00012748922716030494	0.00014553922282055013	0.00013141591258964444	9.31522358327989e-05	7.402279031085218e-05	0.00012249867136056446	0.5008063962698569	2.969920752088928e-05	-0.5381186739160354	0.6084442713673195	7.145857633735793e-05	0.6367542228018663	0.6113802240338583	0.000105272402523465	0.6979499878910295	-0.4010819835180594	-0.11110017823393115	0.05750656302244017	0.8869300941739353	0.26552851225895346	0.3879149579700021	6.881006212723741e-05
A944Y	missense	75	27	23	40	50	9	11	30	36	67	37	11	12	30	48	62	126	0.00023866348448687351	8.240214010129577e-05	9.263905508163816e-05	0.000135702724976914	0.0001319933848021264	0.00016265452179570593	0.00015502273666804465	9.49606525941106e-05	0.000151203086177586	0.00022392876430838942	0.00016322322924273012	0.00015298707259236595	0.0001720008996970138	0.00011639695115082791	0.00017555613676181332	0.00027431975232845217	0.0002393435578891029	0.6791623107675114	0.00011068432624049358	1.1728072329703583	0.6797739053984228	0.00015832893308070404	1.1928091435663934	0.6975536739425167	0.00020140409953254906	1.403772919283268	-0.020870741806453322	0.7540346009260032	0.050875984123427136	0.8760511807174356	1.2564630986066732	0.8150428908217193	0.00015680578628458222
A944S	missense	133	88	54	246	1113	32	381	154	101	427	370	48	602	143	139	244	648	0.00042080140685843485	0.0002619210881791187	0.00021229783456208748	0.0008175261724218965	0.0028831496209719373	0.0005367599219258296	0.004934890450599421	0.000474803262970553	0.0004168301294625343	0.00140943398711751	0.001593574159185602	0.0006246972130854942	0.007978195578253794	0.0005406826117973942	0.0005015889621766095	0.0010667990368328697	0.001223102118661636	0.8785666918589525	0.00104372367903376	3.085646078359365	0.7645801289748265	0.0009736603846840497	1.853921717206589	0.7230016946655135	0.0008330431823671274	1.6122106295510483	0.9634974351797432	2.993871438930324	1.106235109975853	2.607598421243405	2.1839261417056672	2.8007349300868647	0.0009501424153616458
A944C	missense	86	41	39	42	141	9	6	82	77	108	91	2	14	79	81	111	301	0.00027320688355734205	0.00012360321015194366	0.00015439842513606362	0.00014232237009773906	0.00036751099297846956	0.00016265452179570593	9.042992972302605e-05	0.00025424948920358645	0.00031875245194193803	0.0003589446369060948	0.00039517202869292553	3.824676814809149e-05	0.00019846257657347746	0.0003003792287763301	0.0002937878207034427	0.0004876795596950261	0.0005691476730906226	0.7391811570531043	0.00019695874959105398	1.7485537637241975	0.6686057298382534	0.0003317796516861362	1.105746885915017	0.7007268727910156	0.00041274857056635534	1.4297637147720417	-0.2549539478398213	0.22140036884736392	0.715083882200234	1.9658293660545776	1.4280214548037522	1.0936148674509707	0.00031382899061451516
A944K	missense	88	21	10	45	44	4	2	41	60	26	19	0	0	47	56	56	142	0.0002794875015701545	6.47445386510181e-05	4.245956691241749e-05	0.00015225183777897667	0.00011646475129599387	8.132726089785297e-05	3.875568416701116e-05	0.00012865636803073048	0.0002492807636981823	8.891289171068403e-05	8.590696275933165e-05	1.2748922716030496e-05	1.323083843823183e-05	0.00018022753726579807	0.0002042183631719053	0.00024819406163050433	0.00026949707699324186	0.7131013311385869	9.398017365960154e-05	1.4983761908082078	0.5597326006256421	0.00013818924654973212	0.2570191437916455	0.6682007976810956	0.00022553425976536238	1.1633516156266277	-0.3219007374704345	0.06906927047737274	0.01611387786421517	0.8190163499252244	0.9729156500754937	0.4440428102012986	0.00015256789332489866
A944M	missense	60	104	85	72	17	18	1	100	73	69	20	6	5	83	86	44	95	0.00019155884939078005	0.0003090080253798592	0.00033195661404253677	0.00024161704691011516	4.658590051839755e-05	0.00030904359141184127	2.583712277800744e-05	0.0003093879326453281	0.000302406172355172	0.00023051490443510677	9.020231089729822e-05	8.924245901221346e-05	7.938503062939099e-05	0.00031539819021514663	0.00031170171220975016	0.00019594268023460871	0.0001809211146248337	0.5069365373189637	0.00023229189671272716	-0.47931368747459896	0.5272199359328229	0.00023312783008322627	0.003564497133484343	0.5603574411915417	0.0002509909243210848	0.2800364635778405	-1.077775593142926	-1.650852590304385	-0.050832911766397974	0.709175513751728	-0.06523757558775804	-0.47083853827632843	0.00023880355037234608
A944G	missense	112	289	239	123	231	49	64	277	209	207	184	84	78	183	152	155	515	0.000354854917723904	0.0008534507367634205	0.0009263905508163817	0.0004104179974911545	0.0006004404955704573	0.0008132726089785296	0.0008397064902852418	0.0008515826264891209	0.0008581796783052177	0.0006849585731786029	0.0007946394055238177	0.001083658430862592	0.0010452362366203147	0.0006908722261855593	0.0005481650800930089	0.0006792679581466435	0.000972450991108481	0.5678905213242308	0.0006976749451603535	0.10540339721687475	0.6115156827137559	0.0007973400708741899	0.6606976148587111	0.667196534685101	0.0007226890638834232	1.1551259747537945	0.013891364452758636	0.833132491315338	-0.015677956559636115	0.7668548990793672	0.6404089956097935	0.7999936951973525	0.0007392346933059888
A944N	missense	77	63	31	114	249	25	63	82	21	122	139	23	100	36	52	101	284	0.00024494410249968596	0.00018834774880296178	0.0001235187401088509	0.0003806295944474417	0.0006470263960888548	0.0004229017566688354	0.0008267879288962381	0.00025424948920358645	8.990453772721329e-05	0.00040504761779311616	0.0006013487393153216	0.0003059741451847319	0.0013363146822614148	0.00013892539330905267	0.0001898872499668593	0.00044413674186511305	0.000537109559042475	0.7774000923139729	0.0003348806198620273	2.115178928107484	0.7505451894308688	0.00033763759600980933	1.7445114096667056	0.7632382445014233	0.00032751473604587496	1.9417770979284306	0.29115463815899106	1.4640188901161018	0.6402240099352516	1.8430053888213693	1.9338224785675402	1.6535121394687355	0.0003333443173059039
A944R	missense	176	218	131	208	294	18	60	172	192	289	172	20	38	243	205	207	523	0.0005558346941339028	0.0006445024529351348	0.0005095148029490099	0.00069175291512622	0.0007634911473848487	0.00030904359141184127	0.0007880322447292269	0.0005299417064122947	0.000788707990061462	0.0009549903183740137	0.0007430952278682187	0.0002677273770366404	0.0005160026990910413	0.0009161566477678068	0.0007380523300598682	0.0009056906108621914	0.0009875277506605506	0.6508312664835915	0.0006523153295988034	0.9010342571706585	0.6583863774848083	0.0007541838106789972	1.0260812428713162	0.6384517057349531	0.0008868568348376043	0.9196850187114475	0.4065242462038599	1.7265315394747778	0.28495919015679505	1.2601158270842954	0.9489335062511407	1.4933236832795367	0.0007644519917051349
A944_	nonsense	69	87	75	110	108	43	29	177	161	98	40	70	20	150	194	92	175	0.0002198216304484361	0.0002589781546040724	0.0002933570077585209	0.0003673903042057915	0.0002821035086947407	0.000715679895901106	0.0003875568416701116	0.0005452579407016673	0.0006620243232640251	0.00032601393627250814	0.00017610927365662986	0.0009051735128381652	0.00027784760720286846	0.000566965794315323	0.0006986417687459917	0.0004049482058181913	0.00033168871014552844	0.6399157410986739	0.0003004572438157814	0.796324215897667	0.5194474840689965	0.0004273513684737076	-0.05702616990122241	0.5625997270870308	0.0005005611197562586	0.2984024081402447	-0.26638340962060314	0.19539370778936768	-0.5129251761209408	-0.04898781246694393	0.3459001513788964	0.07320294766121188	0.0004094565773485825
A944L	missense	136	110	51	101	168	14	36	158	116	169	81	11	34	124	79	145	302	0.00043022233387765357	0.0003266656268301368	0.0002007179526768827	0.0003376019011620787	0.0004373898437560659	0.00024398178269355888	0.00047798677139313764	0.0004870562504020511	0.00047812867791290704	0.0005598219107709736	0.0003522185473132597	0.00015298707259236595	0.0004630793453381141	0.00046934254496301583	0.0002866222641009197	0.0006357251403167304	0.0005710322680346313	0.6700193379805868	0.00032559383110629105	1.0851008675763896	0.60350418769989	0.0004693063465997978	0.5982434710003806	0.6666622917666448	0.0004906805543538243	1.1507501385399728	0.2920584771572356	1.4660754904118276	0.481000676166866	1.5817647196877178	0.9446981590389143	1.5239201050497728	0.00042852691068663774
A944D	missense	48	61	76	116	71	19	18	97	63	50	55	17	8	87	108	56	142	0.00015387514131390528	0.0001824618816528692	0.00029721696838692246	0.00038724923956826675	0.0001863436020735902	0.00032530904359141186	0.0002454526663910707	0.00030019819207170446	0.0002615404733882568	0.00016794657323129206	0.0002405394957261286	0.0002294806088885489	0.00011907754594408647	0.00033041715165396315	0.0003905228348375031	0.00024819406163050433	0.00026949707699324186	0.6370668571611814	0.0002633179229204122	0.7689955492364191	0.5898831374416863	0.00024255618360434549	0.4920596649997436	0.5921927147439755	0.0003096577812788031	0.5407903979308262	-0.12232838256523038	0.523177319492672	-0.284916117799766	0.32511086738486816	0.6006152040556629	0.4241440934387701	0.00027184396260118693
A944F	missense	61	56	46	27	44	11	8	79	13	39	42	20	4	27	35	32	138	0.0001946991583971863	0.00016774721377763784	0.00018141814953487475	9.267503169155101e-05	0.00011646475129599387	0.0001951854261548471	0.00011626705250103349	0.0002450597486299628	5.721197855368118e-05	0.00013172280253434673	0.00018469996993256303	0.0002677273770366404	6.615419219115915e-05	0.00010513273007171553	0.00012898001884541387	0.00014369129883871304	0.0002619586972172071	0.5706859508424903	0.00013957628657501438	0.13221928833624683	0.6034690763834726	0.00015467362491263843	0.5979697583908371	0.7197986549002265	0.00015994068624326237	1.5859754153534378	-0.22499072446237806	0.28957885437259306	-0.6071354125336853	-0.20356029011338048	0.7720548206935073	0.043009282129606294	0.00015139686591030506
A944A	silent	73	43	50	40	41	24	2	64	82	39	41	35	5	51	51	50	100	0.00023238286647406104	0.0001294890773020362	0.0001968579920484811	0.000135702724976914	0.00010870043454292761	0.0004066363044892648	3.875568416701116e-05	0.0001991110457618448	0.0003391853014253956	0.00013172280253434673	0.00018040462179459645	0.0004589612177770978	7.938503062939099e-05	0.00019524649870461457	0.0001863044716655978	0.00022206837093255652	0.0001903440893448771	0.5979476246568116	0.00014268755721758973	0.39373404732464096	0.5862572902444176	0.00021260594287904588	0.4637941312791814	0.6283151198114014	0.0001984908576619115	0.836659042631178	-1.0208707418064533	-1.5213709743151083	-0.7620373725194284	-0.4577108013421842	0.5647290737450001	-0.9895408878286462	0.0001845947859195157
A944Q	missense	65	36	24	63	273	8	43	39	36	110	128	17	82	27	45	81	270	0.00020726039442281122	0.00010888854227671227	9.649901571003975e-05	0.0002118286438664023	0.0007091409301133849	0.00014638906961613534	0.0005684167011161637	0.0001225298743149814	0.000151203086177586	0.00036553077703281215	0.0005540999097976891	0.0002294806088885489	0.0010981595903732419	0.00010513273007171553	0.00016480780185802884	0.00035705110620528696	0.0005107252298263534	0.83764201394111	0.0002815892829916348	2.693065367605649	0.7830655863667787	0.00029834091183076716	1.9980263335417279	0.7798079363251337	0.00028442921699034615	2.077494867933855	0.5891581791927843	2.142097808825988	0.679919465136983	1.9081344564839648	2.256195523027077	2.0251161326549765	0.00028811980393758267
A944I	missense	97	145	100	44	59	17	20	78	112	68	32	8	12	81	81	34	178	0.00030775028262781056	0.00042966830195675655	0.00038985602346856065	0.00014894201521856415	0.00015528633506132515	0.00029277813923227067	0.00027128978916907815	0.0002419965017720883	0.000461782398326141	0.0002272218343717481	0.00014174648855289722	0.00011474030444427445	0.0001720008996970138	0.0003078887094957384	0.0002937878207034427	0.00015239986240469565	0.00033734249497755446	0.5066398915058709	0.0002809381689263016	-0.4821593402706918	0.5626238651423021	0.00026818680575571867	0.2795581892186783	0.6189268732591291	0.0002728547218953578	0.7597625076870417	-0.03310519822346496	0.7261962505846905	0.1758147207317271	1.0810404770710957	0.18572045221167607	0.9036183638278932	0.00027399323219245937
A944E	missense	63	109	53	80	86	26	24	98	69	94	34	39	10	65	82	73	185	0.00020097977640999874	0.0003237226932550905	0.00020843787393368587	0.0002680956273934154	0.0002251651858389215	0.000439167208848406	0.000322964034725093	0.000303261438929579	0.00028605989276840593	0.00031284165601907344	0.0001503371848288304	0.0005099569086412198	0.00014553922282055013	0.00024781286374047235	0.00029737059900470416	0.00032221685194135655	0.00035053465958561524	0.5962295387419351	0.00025635534510527833	0.37725285739439307	0.5736946641055368	0.00026312504313647216	0.3658613411122822	0.659177896142515	0.0003044837435680371	1.089447520799566	-0.13347574334102788	0.4978125526341983	-0.5445534283055222	-0.10088087090677732	0.6108539064354138	0.1984658408637105	0.00027465471060326253
A944T	missense	75	60	37	38	58	5	11	66	51	82	35	13	2	68	70	59	194	0.00023866348448687351	0.00017951894807782294	0.00014667850387926044	0.00012908307985608892	0.00015269822947696976	9.759271307742355e-05	0.00015502273666804465	0.00020523753947759388	0.00021250163462795867	0.00027332481525876943	0.00015463253296679695	0.00017848491802442692	3.9692515314695496e-05	0.0002590770848195847	0.0002543772593895662	0.00026125690697947825	0.0003674960140816934	0.6048394314758522	0.0001519946903225355	0.4598455125102144	0.6115507548365626	0.00021142413058277974	0.6609710219318476	0.6613480917031324	0.0002855518163175807	1.107222993336792	0.20097800780990308	1.2588304826633299	-0.6528929030943603	-0.2786354513289846	0.7426798425929514	0.49009751566717263	0.00021632354574096534
A944H	missense	49	5	29	121	376	14	60	27	9	137	163	15	89	21	24	57	291	0.00015701545032031152	1.7657601450277664e-05	0.00011579881885204771	0.00040379835237032945	0.0009757158053019931	0.00024398178269355888	0.0007880322447292269	8.577091202048699e-05	4.086569896691513e-05	0.0004544436687434962	0.0007044370946265194	0.00020398276345648793	0.0011907754594408647	8.260428791349079e-05	8.95694575315374e-05	0.0002525483434134957	0.0005503017236505358	0.8862554228670545	0.000378242644493662	3.15940224792567	0.8456870714922421	0.00032137934358935445	2.4861962985581316	0.8257734545814672	0.0002437559531272649	2.453985734587541	0.5091865881010077	1.960130004594857	0.7662364046476152	2.0497562558876132	2.6998614270237806	2.004943130241235	0.0003144593137367605
A944P	missense	49	47	31	81	72	4	13	52	67	54	29	21	12	58	79	33	109	0.00015701545032031152	0.00014126081160222131	0.0001235187401088509	0.000271405449953828	0.00018893170765794563	8.132726089785297e-05	0.0001808598594460521	0.00016235208346735037	0.0002778867529750229	0.00018111885348472674	0.00012886044413899745	0.0002804762997526709	0.0001720008996970138	0.00022152968122254345	0.0002866222641009197	0.00014804558062170436	0.00020730544384095528	0.6751469960407837	0.00018127917733071146	1.1342892729149805	0.5921357555024828	0.00018755453351652438	0.5096200993735234	0.5987624823008899	0.0002158757424465307	0.5946015497473328	0.3471060434881411	1.5913310297446248	-0.21236545065115434	0.44414608906642417	0.7461703073452789	1.0177385594055246	0.0001949031510979222
A944W	missense	69	163	80	71	264	19	51	106	63	106	119	17	60	88	59	88	338	0.0002198216304484361	0.00048264110630758954	0.0003126568109005288	0.0002383072243497026	0.0006858479798541861	0.00032530904359141186	0.0006717651922281935	0.0003277674137925753	0.0002615404733882568	0.0003523584967793775	0.0005154417765559898	0.0002294806088885489	0.0008070811447321417	0.00033417189201366727	0.00021496669807568978	0.0003875310786862261	0.000638877686018944	0.6639128836534811	0.0004298632803530018	1.026523102230677	0.6810906466485072	0.00036427704012904986	1.203073887826315	0.7112146224389495	0.0003938868386986318	1.5156659759448166	0.3149213601167398	1.5180978217639682	0.5461712077716762	1.6886912164598686	1.2484209886672695	1.6033945191119185	0.00039600905306022777
A944V	missense	117	60	55	53	141	16	24	144	57	102	75	7	9	103	97	114	288	0.0003705564627559352	0.00017951894807782294	0.00021615779519048906	0.00017873041826227696	0.00036751099297846956	0.0002765126870527001	0.000322964034725093	0.0004441707943918077	0.00023702105400810777	0.0003391862165259428	0.00032644645848546025	0.00010199138172824396	0.0001323083843823183	0.00039049299740922914	0.00035111227352362665	0.0005007424050440001	0.0005446479388185097	0.6948771909285703	0.00023547953862726462	1.3235563441893423	0.6017037352641308	0.00033670613085282964	0.5842079239222918	0.667815924580368	0.0004467489036988414	1.160199226341325	0.0674390994396855	0.9549753060461249	0.11302389087227156	0.9780184009738648	1.0226544981509864	0.9664968535099949	0.0003396448577263119
L945H	missense	130	104	85	85	76	13	21	128	90	76	64	30	24	131	103	66	224	0.0004113804798392162	0.0003090080253798592	0.00033195661404253677	0.0002846447401954781	0.0001992841299953673	0.0002277163305139883	0.00028420835055808184	0.0003951588446658151	0.0003718778605989277	0.0002535663948786174	0.0002791976289678278	0.00039521660419694534	0.00033077096095579576	0.0004956257274809447	0.0003726089433311956	0.00029173687946041743	0.0004240338624019539	0.5831645332665782	0.0002812233774033103	0.25192336437276114	0.5801666745550816	0.00032495018227779703	0.4163143303444936	0.601669298543576	0.0003960013531686279	0.6184104788734849	0.09624265728989004	1.0205150821652602	-0.07730780729801992	0.6657376629026479	0.4288827245302465	0.8431263725339541	0.00033405830428324506
L945D	missense	197	92	33	87	182	15	28	94	73	192	169	11	14	124	98	182	452	0.0006217811832684336	0.0002736928224793038	0.00013123866136565408	0.0002912643853163032	0.00047362332193704175	0.0002602472348731295	0.0003746382802811079	0.0002910084514980809	0.000302406172355172	0.0006355625222282229	0.000730209183454319	0.00015298707259236595	0.00019846257657347746	0.00046934254496301583	0.0003546950518248881	0.0007968335662874087	0.0008537215096359339	0.7061896005068202	0.0002924547977745757	1.4320736012214448	0.7303216915139519	0.0004897965823839487	1.5868577824678156	0.7055827271126928	0.0006186481681778116	1.4695366765760862	0.15822602738895314	1.1615523880609016	0.11302389087227156	0.9780184009738648	1.496156020088449	1.0697853945173832	0.00046696651611211206
L945G	missense	401	244	138	134	256	32	51	330	292	345	207	26	26	344	279	295	806	0.0012624042205753045	0.000721018725886338	0.0005365345273478211	0.0004468260456556924	0.0006651431351793427	0.0005367599219258296	0.0006717651922281935	0.0010139347099564712	0.0011973649797306133	0.0011394022419220992	0.0008934324126970491	0.0003442209133328234	0.0003572326378322594	0.0012953854240979237	0.001003177924353219	0.0012888674077654262	0.0015208681198150083	0.6114247300366771	0.0005923806085172986	0.5230167168071438	0.6126456069849225	0.001061033586076558	0.6695060148961979	0.6485434925087749	0.0012770747190078945	1.0023440573275697	0.09743741590283357	1.0232336425742192	0.01611387786421517	0.8190163499252244	0.7316222630103039	0.9211249962497219	0.0009768296378672504
L945A	missense	185	98	55	113	188	26	44	109	110	196	124	3	28	137	140	159	403	0.0005840974751915588	0.0002913504239295815	0.00021615779519048906	0.00037731977188702916	0.0004891519554431743	0.000439167208848406	0.0005813352625051674	0.0003369571543661989	0.0004536092585327579	0.0006487348024816576	0.0005369185172458227	5.099569086412198e-05	0.0003836943147087231	0.0005181541696391694	0.000505171740477871	0.0006966850852786087	0.0007613763573795084	0.6936478879465061	0.0003434949866125685	1.3117639327890807	0.6752860094112095	0.0004940549331566093	1.157823450993218	0.6714044794836	0.0006203468381937894	1.189592088573788	0.12179676176227827	1.0786610339520262	0.8764518844352088	2.2305888324148757	1.2197264907853622	1.654624933183451	0.0004859655859876558
L945S	missense	384	939	678	491	408	162	79	784	706	432	200	223	60	466	526	398	763	0.0012090189674663987	0.002766357560543501	0.00262091326668468	0.001628432699722968	0.0010585351840013664	0.0026512687052700065	0.0010334849111202976	0.0024046487834315103	0.0028892049169609	0.0014258993374343032	0.000863364975731283	0.002855758688390831	0.0008070811447321417	0.0017534637479818271	0.0018881241647648085	0.0017373584314135306	0.0014398305372226347	0.5303169605901672	0.002018559677738129	-0.2550308426845115	0.5246593981568014	0.0018957795033894991	-0.016396345922844325	0.6049878815398437	0.0017046942203457003	0.6455920757687809	-0.4091496052660924	-0.12945728973834186	-0.5488043054591806	-0.10785536368835702	0.12472162905380835	-0.11865632671334944	0.0018730111338244428
L945V	missense	351	430	324	347	1061	89	268	610	475	693	634	84	218	453	469	471	1632	0.0011053887702549932	0.0012684043708449456	0.001254487204230517	0.0011518182510235626	0.0027485681305854555	0.0014638906961613532	0.003475093013642001	0.0018716438301613412	0.0019452072708251603	0.0022853906239709157	0.0027275460676087796	0.001083658430862592	0.002897553617972771	0.0017046521233056735	0.0016839058015929032	0.0020552210015718957	0.0030775435435661815	0.7094160558531559	0.0016058194891711201	1.4630242206892978	0.6661659109737641	0.0022074469481415493	1.0867271151871618	0.6908640351387443	0.0021303306175091633	1.3489799351862082	0.375457782709005	1.6558427352355605	0.42713906699004073	1.4933929811431823	1.2995770903542228	1.5746178581893715	0.0019811990182739443
L945M	missense	149	1198	867	732	211	213	67	1107	926	436	77	459	74	573	467	243	295	0.00047104635096093455	0.003528577356480487	0.0033504458254525805	0.002426099936782389	0.0005486783838833489	0.0034808067664281067	0.000878462174452253	0.0033940775185249852	0.0037882502942330324	0.0014390716176877379	0.0003350371547613934	0.005864504449374028	0.0009923128828673872	0.0021552209664701684	0.0016767402449903803	0.0010624447550498784	0.0005578401034265706	0.4998700843544989	0.0024634503756497013	-0.5471004916338519	0.46413385002254387	0.002239109146301787	-0.4882272942962603	0.5010502091770555	0.0013630615174842495	-0.2057326961528569	-0.5979568484970327	-0.559070343631928	-0.7715826904256589	-0.4733719810066198	-0.4136868273609897	-0.5162211623192738	0.0020218736798119125
L945Q	missense	107	86	60	113	145	9	40	154	115	162	125	17	25	86	53	136	308	0.0003391533726918729	0.00025603522102902613	0.000235457598332497	0.00037731977188702916	0.00037786341531589125	0.00016265452179570593	0.0005296610169491525	0.000474803262970553	0.00047404210801621553	0.0005367704203274629	0.0005412138653837894	0.0002294806088885489	0.0003440017993940276	0.000326662411294259	0.00019347002826812078	0.0005965366042698087	0.0005823398376986834	0.6758699487420612	0.0003116690016411109	1.1412243863904885	0.641155780450349	0.0005067074141745051	0.8917589741695886	0.711086870111051	0.00042475222038271796	1.5146195919058218	0.5127318688656574	1.968196956212536	0.1758147207317271	1.0810404770710957	1.182534317488633	1.524618716641816	0.00041437621206611135
L945E	missense	120	71	55	78	280	30	25	105	129	156	183	15	81	144	122	117	383	0.00037997738977515387	0.00021189121740333198	0.00021615779519048906	0.00026147598227259036	0.0007272576692038728	0.0005042290175666884	0.00033588259611409674	0.00032470416693470075	0.0005312540865698966	0.0005170119999473109	0.0007903440573858511	0.00020398276345648793	0.0010849287519350101	0.0005444373521570983	0.00044068173105516405	0.0005138052503929739	0.0007236844584993348	0.76540769826966	0.00035419566601757103	2.000138741670186	0.7048934751300318	0.0005408285777094398	1.3886304252325543	0.6593551708545443	0.0005556521980261428	1.0908995290113632	-0.17644033371753284	0.4000506841535483	0.7258077475920071	1.9834242103801032	1.4932228986380345	1.1917374472668256	0.0004835588139177179
L945P	missense	132	155	98	196	289	26	29	144	115	213	141	37	15	115	137	168	354	0.0004176610978520286	0.00045909763770721933	0.00038213610221175744	0.0006520350444012697	0.0007505506194630717	0.000439167208848406	0.0003875568416701116	0.0004441707943918077	0.00047404210801621553	0.000704716993558755	0.0006099394355912547	0.00048445906320915885	0.0002116934150117093	0.00043554988172567866	0.0004944234055740865	0.0007358736213255305	0.0006690312051230829	0.688744985755523	0.0005609548509458295	1.264731557097422	0.6657536616032584	0.0005582173328895082	1.0835133977166391	0.6754252331415898	0.0005837195284370946	1.2225249714547277	-0.054294497293403056	0.677982001345502	-0.35954973609667024	0.2026581092224833	1.1902566420895961	0.44032005528399265	0.0005676305707574775
L945T	missense	205	110	86	314	715	23	184	151	186	311	294	21	120	206	168	245	713	0.0006469036553196835	0.0003266656268301368	0.00033581657467093834	0.001042594106529949	0.0018530835983984802	0.0003903708523096942	0.0023899338569656884	0.0004656135223969294	0.0007641885706813129	0.0010274378597679044	0.0012671277007001418	0.0002804762997526709	0.0016009314510260515	0.0007772312544587542	0.0006054895329131928	0.001071153318615861	0.0013456007900222006	0.8107010219317405	0.0008895399766073761	2.4346268329718237	0.7196195206575512	0.0008810919133865722	1.5034282955736393	0.6964168553486374	0.0009498687240025021	1.3944615521134078	0.7869084988373297	2.592059988650899	0.756476567358459	2.033743110303288	1.7775055602196235	2.3129015494770933	0.0009068335379988167
L945N	missense	166	213	70	148	272	25	34	145	166	120	142	62	49	142	118	104	320	0.0005244316040698405	0.0006297877850599034	0.00027405720461651294	0.000493163561501468	0.0007065528245290295	0.0004229017566688354	0.00045214964861513024	0.0004472340412496822	0.0006824571727474827	0.0003984614776663988	0.0006142347837292212	0.0008031821311099213	0.0006615419219115915	0.0005369278714376901	0.00042635061785011805	0.00045719958721408696	0.0006049549770267876	0.6517047993275993	0.0005258903439267285	0.9094138501745608	0.6376614895093701	0.0005355968688481962	0.864518996021558	0.6394987689004316	0.0005063582633821706	0.9282612239532497	0.02904270852537957	0.867607944090576	-0.08425666725334775	0.6543365398292763	0.9007313567164562	0.7609722419599261	0.0005226151587190318
L945L	silent	447	482	303	434	777	69	161	503	430	488	393	52	111	515	457	435	1246	0.0014068584348699911	0.0014214369167473522	0.0011734280310340835	0.0014397728137794533	0.0020135461446285164	0.0011385816525699415	0.002092806945018603	0.0015438764163687659	0.0017613116254740421	0.0016103112609823886	0.0016923671663588334	0.0006756929039496162	0.001481853905081965	0.0019374460256073292	0.0016409124619777653	0.0018984668573842087	0.002350089895178829	0.667216649205609	0.0015120459765473513	1.0582153401322618	0.6305704796482312	0.0016519666172960074	0.8092405555804265	0.6488837070262665	0.001956728810037033	1.00513066049006	0.264364986674296	1.40306156776906	0.34105603093360776	1.3521549514637412	0.9575288520675828	1.3776082596164008	0.001706913801293464
L945C	missense	137	122	83	86	153	17	18	163	134	139	88	17	16	132	127	100	324	0.0004333626428840598	0.00036198082973069217	0.0003242366927857336	0.00028795456275589065	0.0003985682599907346	0.00029277813923227067	0.0002454526663910707	0.0005023724846914238	0.0005516869360533543	0.00046102980887021355	0.0003822859842790258	0.0002294806088885489	0.00022492425344994112	0.0004993804678406488	0.0004585956225614715	0.00043978246008212176	0.0006124933568028224	0.6316910105217498	0.0003431850863157628	0.7174263298317405	0.5952933936630996	0.0004743438034735043	0.5342356783128355	0.6449306802822373	0.0005025629768217662	0.9727525100585747	-0.07657089200455526	0.6272941686234748	-0.008709705860816956	0.7782878369042879	0.7414715060677168	0.7027910027638813	0.00044003062220367774
L945R	missense	437	208	198	335	294	41	64	391	252	366	171	50	49	345	433	296	758	0.0013754553448059289	0.0006150731171846721	0.0007681321650519165	0.0011121003802986122	0.0007634911473848487	0.0006831489915419649	0.0008397064902852418	0.0012007927682868179	0.0010339021838629528	0.0012085567132526312	0.0007387998797302521	0.0006501950585175553	0.0006615419219115915	0.0012991401644576277	0.0015549257827474894	0.0012932216895484175	0.0014304075625025912	0.6552727644542291	0.0008146992024800125	0.9436404918153034	0.5887939620301358	0.0010455128862831636	0.483568925415908	0.6279604096364354	0.0013944237998140315	0.833753709541293	0.08961207839087697	1.0054278259713698	0.007513706102297564	0.8049058890237094	0.7536543755908348	0.9051668574975396	0.0010848786295257359
L945W	missense	112	115	80	88	84	17	18	157	114	90	95	23	25	96	98	112	287	0.000354854917723904	0.0003413802947053682	0.0003126568109005288	0.0002945742078767157	0.00021998897467021065	0.00029277813923227067	0.0002454526663910707	0.0004839930035441766	0.000469955538119524	0.0002996693757656388	0.0004123534212447919	0.0003059741451847319	0.0003440017993940276	0.00036420981489130027	0.0003546950518248881	0.0004920338414780174	0.0005427633438745011	0.5841117075054906	0.00029215007203820583	0.26100938177933175	0.5960975738065064	0.0004164928346685328	0.5405047182707227	0.6729699057066767	0.00043842551301717675	1.2024140624743505	-0.07657089200455526	0.6272941686234748	0.050875984123427136	0.8760511807174356	0.6679760541748015	0.7516726746704552	0.0003823561399079718
L945_	nonsense	177	1077	884	876	119	260	56	1096	773	345	93	690	66	602	445	162	266	0.000558975003140309	0.0031724823938998874	0.0034160651561354074	0.0029027143854817943	0.0003105726701226503	0.0042452830188679245	0.000736357999173212	0.0033603818030883653	0.0031630051000392312	0.0011394022419220992	0.0004037627249688587	0.008809505596777073	0.0008864661753615326	0.002264108436901588	0.0015979191223626274	0.0007097479306275826	0.0005031868500503186	0.5089620297108725	0.002450458651409935	-0.4598836202560345	0.4561939805878514	0.0020166379675046384	-0.550123076173726	0.47300537573153606	0.0012687405849855292	-0.4354401823206434	-0.7608176395198677	-0.9296446955134643	-0.9972893668091569	-0.8436931002222827	-0.4818156262501347	-0.8866688978678735	0.0019119457346333673
L945I	missense	192	80	81	114	185	14	42	125	197	174	147	16	30	111	168	162	461	0.0006060796382364025	0.00023837761957874848	0.0003165167715289304	0.0003806295944474417	0.000481387638690108	0.00024398178269355888	0.0005554981397271599	0.00038596910409219147	0.0008091408395449196	0.000576287261087767	0.0006357115244190541	0.00021673168617251842	0.00041015599158518673	0.00042053092028686214	0.0006054895329131928	0.0007097479306275826	0.0008706828641320122	0.6949710965279052	0.0003542279060613071	1.3244571582899367	0.6518150372826678	0.0006017771822859829	0.9748539219260737	0.6947650795496655	0.0006516128119899125	1.3809323126821342	0.3573252086698271	1.614583775173343	0.2770266503202139	1.2471007622329822	1.2267477976327148	1.4308422687031626	0.0005358726334457341
L945K	missense	165	312	268	257	180	58	17	335	271	154	70	125	15	260	212	142	261	0.0005212912950634342	0.0009211382089894848	0.0010383294090400277	0.0008539342205864344	0.0004684471107683309	0.0009596616785946649	0.00023253410500206697	0.0010292509442458438	0.0011115470119000916	0.0005104258598205935	0.00030496971779562734	0.0016063642622198425	0.0002116934150117093	0.000979987233882777	0.0007631317781686986	0.0006226622949677566	0.0004937638753302753	0.5662500199237367	0.0008204622373460694	0.089666457097484	0.5077053777201496	0.000739048383440539	-0.14856254330487226	0.5550964201960723	0.0007148862955873768	0.23694489343559366	-0.6156314943929163	-0.5992873314438341	-0.880136684597423	-0.651478527348717	0.0593496024094018	-0.6253829293962756	0.0007581323054579951
L945Y	missense	166	366	400	352	100	47	25	229	223	155	60	67	17	226	170	130	264	0.0005244316040698405	0.001080056622041984	0.0015478442119890377	0.0011683673638256252	0.00026139866401989737	0.0007807417046193884	0.00033588259611409674	0.0007045467773111432	0.0009153916568588989	0.0005137189298839522	0.0002620162364159615	0.0008669267446900737	0.00023815509188817295	0.0008523260616528367	0.0006126550895157158	0.0005704109135718609	0.0004994176601623013	0.537651444205847	0.0010144167154691362	-0.1846728841775321	0.5347714965573116	0.0005989184001174889	0.062433191775427624	0.570707493860426	0.0006337024312256787	0.3648108868202587	-0.36631987725884735	-0.032002287844596106	-0.5611225297387151	-0.12806610213455172	0.08085706480605141	-0.08003419498957391	0.0007490125156041013
L945F	missense	230	116	80	189	142	27	23	154	118	216	91	32	20	123	126	152	327	0.0007254113804798392	0.0003443232282804145	0.0003126568109005288	0.0006288662864783819	0.000370099098562825	0.0004554326610279766	0.0003100454733360893	0.000474803262970553	0.00048630181770629007	0.0007145962037488309	0.00039517202869292553	0.0004207144496290064	0.00027784760720286846	0.00046558780460331166	0.00045501284426021	0.0006662051127976695	0.0006181471416348484	0.6547063750311957	0.00041398635605553757	0.9382072526654625	0.6243602145575977	0.0005177183282796499	0.760828019755651	0.6629186262114839	0.0005512382258240099	1.1200868077913875	-0.16699877748469133	0.4215340538447083	-0.1801807672797531	0.49695209444770955	0.9397073600708336	0.4592430741462089	0.000494314303386399
G946C	missense	81	52	22	45	99	4	5	66	60	83	83	6	3	93	39	86	380	0.0002575053385253109	0.0001559754794774527	8.877909445323657e-05	0.00015225183777897667	0.00025881055843554195	8.132726089785297e-05	7.751136833402232e-05	0.00020523753947759388	0.0002492807636981823	0.0002766178853221281	0.0003608092435891929	8.924245901221346e-05	5.292335375292732e-05	0.00035294559381218786	0.00014331113205045984	0.0003788225151202435	0.0007180306736673087	0.6958997321534783	0.00016395424253630198	1.3333653391838851	0.6815564243689396	0.00027298635802177425	1.2067048891197745	0.7294157884523103	0.00039827747866254997	1.664746700505854	-0.020870741806453322	0.7540346009260032	-0.22692417082207927	0.42025932756503176	1.4016056429365047	0.5871469642455175	0.00027840602640687536
G946F	missense	85	211	101	92	82	23	25	119	152	75	58	27	11	128	135	78	228	0.0002700665745509358	0.0006239019179098108	0.0003937159840969622	0.0003078134981183659	0.0002148127635014998	0.0003903708523096942	0.00033588259611409674	0.00036758962294494425	0.0006252451941938015	0.00025027332481525875	0.00025342554014002835	0.00035696983604885385	0.00015877006125878198	0.0004843615064018323	0.0004872578489715635	0.00034398826085631305	0.0004315722421779887	0.5184284267866047	0.0003850610409066597	-0.36907472251153656	0.5650728391233588	0.0003741334205235082	0.29864932926850773	0.6034196959363359	0.0004367949646019244	0.6327475005451102	-0.06528988159486618	0.6529630426040344	-0.3518629074303792	0.21527003121137167	0.18744070243402713	0.434116536907703	0.00039866314201069737
G946V	missense	180	195	154	152	153	18	44	214	150	162	90	31	20	194	174	176	329	0.0005683959301595277	0.0005768149807090704	0.0005982938974022465	0.0005064028517431181	0.0003985682599907346	0.00030904359141184127	0.0005813352625051674	0.0006585980744430251	0.0006170720544004185	0.0005367704203274629	0.000390876680554959	0.00040796552691297586	0.00027784760720286846	0.0007321743701423047	0.0006269862027207619	0.0007707078755894609	0.0006219163315228658	0.5873433226802988	0.0005200199974612924	0.29200949825564426	0.574878653206518	0.0005508293074314664	0.37509120713746136	0.61650313078848	0.0006879461949938483	0.7399103024267583	0.27440692496843655	1.4259110501497747	-0.16681680572177152	0.5188785933914009	0.46900366927328796	0.9723948217705878	0.000586265166628869
G946L	missense	143	58	55	67	254	16	28	108	120	200	177	20	69	93	125	167	327	0.0004522044969224972	0.0001736330809277304	0.00021615779519048906	0.00022506793410805246	0.0006599669240106319	0.0002765126870527001	0.0003746382802811079	0.0003338939075083244	0.000494474957499673	0.0006619070827350923	0.0007645719685580516	0.0002677273770366404	0.0009261586906762282	0.00035294559381218786	0.00045143006595894854	0.0007315193395425392	0.0006181471416348484	0.7689325812093195	0.00031870643355922594	2.033952106128501	0.705907136676135	0.0005637119790752854	1.3965324914404746	0.6874229847110777	0.000538510535237131	1.3207952413797213	0.13189708866660402	1.1016433741018867	0.5389926231445528	1.6769131798678811	1.5837599463162322	1.389278276984884	0.0004736429826238808
G946Y	missense	79	102	66	64	113	15	25	147	99	84	75	4	8	123	77	71	211	0.00025122472051249844	0.0003031221582297666	0.00025861736210290657	0.00021513846642681487	0.0002950440366165178	0.0002602472348731295	0.00033588259611409674	0.00045336053496543126	0.0004086569896691513	0.0002799109553854868	0.00032644645848546025	6.374461358015247e-05	0.00011907754594408647	0.00046558780460331166	0.0002794567074983967	0.0003135082883753739	0.00039953412812984105	0.617103756262212	0.00026798050584400147	0.5774942659398515	0.5816282212428215	0.00036709373462638243	0.4277079150541879	0.6109310987119758	0.00036452173215173076	0.6942713264055071	0.11080137746081507	1.0536420752105582	0.27138638296752127	1.2378466712499765	0.5664911691331822	1.1457443732302672	0.00033319865754070487
G946I	missense	97	61	36	118	237	23	58	118	79	204	130	27	30	124	103	169	494	0.00030775028262781056	0.0001824618816528692	0.00014281854325085884	0.0003938688846890918	0.0006159691290765898	0.0003903708523096942	0.0007621951219512195	0.00036452637608706974	0.00032692559173532105	0.0006750793629885269	0.0005626906060736223	0.00035696983604885385	0.00041015599158518673	0.00046934254496301583	0.0003726089433311956	0.0007402279031085218	0.0009328744972842987	0.7702653973208272	0.0003337796096673524	2.04673749438275	0.686076854559248	0.000482305484221135	1.241944204243661	0.7123845499220617	0.0006287634721717579	1.5252485288833593	0.29058878207646005	1.4627313380311264	0.06031754035626861	0.8915421166848889	1.6046434091699233	1.1771367273580076	0.0004816161886867485
G946G	silent	234	249	115	248	373	40	64	194	151	265	158	59	54	184	172	230	420	0.0007379726165054641	0.0007357333937615694	0.0004477554328945845	0.0008241458175427215	0.0009679514885489269	0.0006668835393623943	0.0008397064902852418	0.0005973331372855344	0.00062115862429711	0.0008759566368534057	0.0006829603539366865	0.0007649353629618298	0.0007276961141027507	0.0006946269665452634	0.0006198206461182389	0.0010058390918709914	0.000793414471427656	0.6700770294128283	0.0007438965331869505	1.0856542877772586	0.6480286441486431	0.0006943521880931842	0.9453368416448916	0.6523942858449265	0.0007784252939905374	1.0338848421468994	0.10007751206904195	1.0292409321099825	-0.021674683025184643	0.7570159590358795	1.0216253238563497	0.8931284455729309	0.0007388913384235573
G946Q	missense	4	55	34	22	23	3	0	34	40	36	2	7	0	30	24	6	19	1.5701545032031152e-05	0.00016480428020259155	0.00013509862199405565	7.612591888948834e-05	6.211453402453006e-05	6.506180871828237e-05	1.291856138900372e-05	0.00010721364002560874	0.00016754936576435204	0.00012184359234427071	1.2886044413899746e-05	0.00010199138172824396	1.323083843823183e-05	0.00011639695115082791	8.95694575315374e-05	3.047997248093913e-05	3.7691898880173686e-05	0.5202848601498119	0.0001095358387776664	-0.3512663983835404	0.5246659139557756	0.0001023731606370328	-0.016345551577247257	0.49039428121104534	6.853457001086954e-05	-0.2930124594865295	-0.7021119791820406	-0.7960655086825615	-0.8869761091277284	-0.6627000976958445	-0.22020813648243906	-0.729382803189203	9.348118980852291e-05
G946W	missense	68	34	46	68	66	2	11	44	19	76	65	2	8	75	65	89	170	0.0002166813214420299	0.00010300267512661972	0.00018141814953487475	0.000228377756668465	0.0001734030741518131	4.8796356538711774e-05	0.00015502273666804465	0.0001378461086043541	8.173139793383026e-05	0.0002535663948786174	0.00028349297710579443	3.824676814809149e-05	0.00011907754594408647	0.00028536026733751364	0.00023646336788325876	0.00039188536046921743	0.000322265735425485	0.6720271388422838	0.00017155041387044315	1.1043612241494905	0.7255726160938981	0.00018915921963064906	1.5498360482016442	0.6519158412132019	0.00030899368277886874	1.029966034290991	0.5020080034738843	1.9437958131119604	0.4932351325838776	1.6018380186522772	1.2280544355473753	1.7728169158821188	0.000223234438759987
G946N	missense	80	182	130	142	76	19	18	126	104	49	50	20	7	130	123	70	166	0.0002543650295189047	0.0005385568442334688	0.0005056548423206084	0.00047330462613899267	0.0001992841299953673	0.00032530904359141186	0.0002454526663910707	0.00038903235095006603	0.00042908983915260885	0.0001646535031679334	0.0002190627550362957	0.0002677273770366404	0.00010584670750585465	0.0004918709871212406	0.0004442645093564255	0.00030915400659238263	0.00031472735564945026	0.548537388739005	0.00042920011067210925	-0.08024660498647478	0.5444624364014097	0.000300459612076726	0.13797955985007687	0.5715918113757976	0.0003900042146798748	0.37205408738426915	-0.12232838256523038	0.523177319492672	-0.4030154298777605	0.13134314137833555	0.1432623474159571	0.3272602304355038	0.0003732213124762367
G946A	missense	80	354	230	107	272	37	15	250	179	154	67	54	36	214	170	84	154	0.0002543650295189047	0.0010447414191414285	0.0008916509051607673	0.00035746083652455393	0.0007065528245290295	0.0006180871828236825	0.00020669698222405952	0.0007688749613265084	0.0007355825814044723	0.0005104258598205935	0.0002920836733817276	0.0007011907493816772	0.0004895410222145777	0.0008072691773363872	0.0006126550895157158	0.0003701139515542609	0.00029211221632134606	0.5604772379124486	0.0007501014963389448	0.03428953099027401	0.5352972359960718	0.0005767417689833253	0.06653162864438908	0.5176583310705644	0.0005205376086819275	-0.0697001560581815	-0.4757156018149636	-0.28092192940712396	-0.15604708756303365	0.5365486691999011	0.010373667858827198	0.12781336989638856	0.0006157936246680659
G946E	missense	50	51	36	31	108	7	27	33	39	74	41	2	17	25	36	40	89	0.00016015575932671776	0.00015303254590240644	0.00014281854325085884	0.00010591432193320116	0.0002821035086947407	0.00013012361743656474	0.0003617197188921042	0.0001041503931677342	0.00016346279586766053	0.00024698025475190013	0.00018040462179459645	3.824676814809149e-05	0.00023815509188817295	9.762324935230729e-05	0.00013256279714667535	0.00017852555310264348	0.00016961354496078157	0.6890306674507559	0.0001709672299453018	1.2674720337161753	0.6811656499905809	0.00017374951639547283	1.2036585813832132	0.6816147013587798	0.00014458128614060193	1.2732211963992648	0.4440160564961975	1.8118406136398448	0.7942651282478588	2.0957435011926333	1.2481172704995511	1.953792057416239	0.00016309934416045883
G946_	nonsense	75	173	82	119	28	13	2	152	117	110	19	12	0	140	125	58	68	0.00023866348448687351	0.0005120704420580523	0.000320376732157332	0.00039717870724950433	7.505506194630717e-05	0.0002277163305139883	3.875568416701116e-05	0.00046867676925480396	0.00048221524780959856	0.00036553077703281215	8.590696275933165e-05	0.00016573599530839644	1.323083843823183e-05	0.0005294183907182819	0.00045143006595894854	0.00025690262519648696	0.00013003705113659922	0.506748467750281	0.0003261702358527989	-0.48111779415792605	0.5122417592868095	0.0003505824392141366	-0.11319887816246009	0.4977259520410493	0.0003419470332525792	-0.23296076835983576	-0.7690587688126537	-0.9483966070525524	-1.0978294744426216	-1.0086511146747519	-0.2757591468934073	-0.9785238608636522	0.00033956656943983824
G946S	missense	173	100	111	121	260	12	45	164	205	140	131	19	20	154	143	129	448	0.0005464137671146841	0.000297236291079674	0.0004323155903809781	0.00040379835237032945	0.0006754955575167644	0.0002114508783344177	0.0005942538238941712	0.0005054357315492984	0.0008418333987184516	0.00046432287893357217	0.0005669859542115889	0.0002549784543206099	0.00027784760720286846	0.0005819847557541396	0.0005159200753816555	0.0005660566317888696	0.0008461831298598992	0.7014479597011669	0.0004522114478369365	1.386588167680363	0.614864750348498	0.0005946444908532278	0.6868054950345649	0.6669662915607997	0.000627536148196141	1.1532401169043118	0.44876249152065917	1.8226406783570246	0.03730317693415331	0.8537820248831168	1.0755445932064134	1.3382113516200707	0.0005581306956287685
G946D	missense	28	24	8	9	45	9	8	34	28	42	37	3	17	26	25	39	122	9.106896118578068e-05	7.357333937615695e-05	3.4739645655614314e-05	3.309822560412536e-05	0.0001190528568803493	0.00016265452179570593	0.00011626705250103349	0.00010721364002560874	0.00011851052700405388	0.00014160201272442273	0.00016322322924273012	5.099569086412198e-05	0.00023815509188817295	0.00010137798971201142	9.31522358327989e-05	0.00017417127131965217	0.00023180517811306815	0.6896908486007769	6.511601687906148e-05	1.2738049946162402	0.670028853611653	0.00013263735224920388	1.1168409422326304	0.7233129373015911	0.00015012666874438267	1.6147599320334651	-0.14580947841475328	0.4697483030838967	0.6693263916395589	1.8907542048389732	1.335135289627445	1.180251253961435	0.000115960012624216
G946M	missense	82	154	72	103	141	22	28	101	76	129	110	17	21	88	89	116	243	0.0002606456475317171	0.00045615470413217304	0.0002817771258733161	0.00034422154628290376	0.00036751099297846956	0.0003741054001301236	0.0003746382802811079	0.0003124511795032026	0.0003146658820452465	0.00042809910823662684	0.0004767836433142906	0.0002294806088885489	0.00029107844564110026	0.00033417189201366727	0.00032245004711353465	0.0005094509686099826	0.00045984116633811896	0.6074539806104885	0.0003624160923167156	0.4849262610902426	0.6744803109993354	0.0003829999532748417	1.1515425752722037	0.6683608972225797	0.0004064785185188259	1.1646629467594145	0.000618174027285098	0.8029305998199785	0.10326405358311529	0.9620052553895396	0.9337105943739535	0.8824679276047591	0.00038396485470346104
G946R	missense	97	194	212	201	105	43	38	103	129	124	49	64	29	109	106	82	189	0.00030775028262781056	0.0005738720471340241	0.0008221716138495387	0.0006685841572033323	0.00027433919194167443	0.000715679895901106	0.0005038238941711451	0.0003185776732189517	0.0005312540865698966	0.0004116337579198335	0.00021476740689832912	0.0008286799765419822	0.00039692515314695493	0.0004130214395674539	0.0003833572782349801	0.00036140538798827825	0.00035807303936165	0.568768658468305	0.0005847417525321425	0.1138271581772416	0.5885007524535227	0.0003690582311517527	0.48128319060027897	0.6095964136972372	0.00037896428628809054	0.6833392900232261	-0.15244005731376628	0.4546610468900064	-0.31967822405897794	0.26807603659265705	0.4261498796002489	0.3613685417413317	0.0004442547566573286
G946T	missense	71	13	19	53	41	4	17	49	41	63	37	1	3	44	54	60	138	0.0002261022484612486	4.120107005064789e-05	7.719921256803181e-05	0.00017873041826227696	0.00010870043454292761	8.132726089785297e-05	0.00023253410500206697	0.00015316234289372677	0.00017163593566104355	0.00021075648405495474	0.00016322322924273012	2.549784543206099e-05	5.292335375292732e-05	0.0001689633161866857	0.0001970528065693823	0.0002656111887624696	0.0002619586972172071	0.7186440284619643	0.00010145778385597107	1.5515459691769595	0.6373972148967512	0.0001746944979631138	0.8624588256481084	0.6736165464050239	0.00022339650218393617	1.207710517864598	0.4562505129132091	1.8396789639811575	0.31714387352819634	1.3129218324655807	1.207238437563222	1.5763003982233692	0.00016651626133434036
G946P	missense	31	48	27	23	18	5	5	19	48	30	15	10	0	22	44	19	76	0.00010048988820499937	0.0001442037451772676	0.00010807889759524453	7.943574144990087e-05	4.917400610275297e-05	9.759271307742355e-05	7.751136833402232e-05	6.12649371574907e-05	0.00020024192493788413	0.00010208517196411871	6.872557020746531e-05	0.00014023814987633546	1.323083843823183e-05	8.63590282731949e-05	0.00016122502355676732	8.708563565982608e-05	0.0001451138106886687	0.5220403513768495	9.52230975812915e-05	-0.3344263881819733	0.6030905134685858	0.00010807940106673971	0.5950186459324446	0.6516070424830176	0.00011994587454461425	1.0274367491668617	-0.10005198785407812	0.5738651522146996	-1.02527880729401	-0.889615892993196	0.42934300230577765	-0.1578753703892482	0.00010774945773088182
G946H	missense	42	9	12	7	44	3	3	11	7	16	20	2	3	23	27	20	79	0.0001350332872754679	2.9429335750462777e-05	5.017948816922067e-05	2.647858048330029e-05	0.00011646475129599387	6.506180871828237e-05	5.167424555601488e-05	3.6758962294494424e-05	3.26925591735321e-05	5.5982191077097355e-05	9.020231089729822e-05	3.824676814809149e-05	5.292335375292732e-05	9.011376863289904e-05	0.00010031779243532189	9.14399174428174e-05	0.00015076759552069474	0.758342529420264	5.563803892474441e-05	1.932364255721657	0.731440748385094	5.390900586060553e-05	1.5955814649634048	0.6750080829668044	0.00010815976850793327	1.2191082095691366	-0.10005198785407819	0.5738651522146992	0.14105261447251513	1.0240056462788847	1.5823513100847328	0.798935399246792	7.256893776442774e-05
G946K	missense	84	1	3	22	63	6	9	28	11	50	69	0	7	21	13	34	158	0.0002669262655445296	5.885867150092556e-06	1.543984251360636e-05	7.612591888948834e-05	0.00016563875739874684	0.00011385816525699414	0.0001291856138900372	8.883415887836153e-05	4.9038838760298155e-05	0.00016794657323129206	0.0003006743696576608	1.2748922716030496e-05	0.00010584670750585465	8.260428791349079e-05	5.0158896217660946e-05	0.00015239986240469565	0.0002996505960973808	0.8815395658454863	6.577259648798352e-05	3.11416415209858	0.7804896752456805	0.0001516234851319031	1.9779456465482386	0.7860299067550983	0.00014620341065830705	2.1284573095277386	0.05484997213166504	0.926329935582035	0.9192038648561588	2.3007327975462935	2.4068557027248523	1.6135313665641642	0.00012119983075939791
K947V	missense	105	307	187	97	67	31	9	155	104	76	42	55	12	102	84	56	117	0.0003328727546790604	0.0009064235411142535	0.000725672598139499	0.0003243626109204286	0.0001759911797361685	0.000520494469746259	0.0001291856138900372	0.00047786650982842754	0.00042908983915260885	0.0002535663948786174	0.00018469996993256303	0.0007139396720977077	0.0001720008996970138	0.000386738257049525	0.0003045361556072272	0.00024819406163050433	0.00022238220339302473	0.4730264978916573	0.0005331124824775875	-0.8046046380053175	0.5269657625142004	0.0003363056784480542	0.0015830712917229508	0.5658906125480814	0.00029046266942007033	0.32535714217325523	-0.6052019661739841	-0.5755559247873413	-0.6181307968351484	-0.22160062053677346	-0.15922147484677976	-0.39857827266205736	0.00038662694344857067
K947Q	missense	24	1	6	6	7	0	0	21	5	16	6	0	0	11	15	8	14	7.850772516015576e-05	5.885867150092556e-06	2.7019724398811132e-05	2.3168757922887753e-05	2.0704844674843356e-05	1.6265452179570593e-05	1.291856138900372e-05	6.739143087323978e-05	2.4519419380149078e-05	5.5982191077097355e-05	3.0067436965766077e-05	1.2748922716030496e-05	1.323083843823183e-05	4.505688431644952e-05	5.732445282018394e-05	3.918853604692174e-05	2.8268924160130263e-05	0.6911083489961791	1.91947985366587e-05	1.2874027390832299	0.5684500775142272	4.4490119574063076e-05	0.32497681645312365	0.5745846956690909	4.245969933592137e-05	0.39656797614524103	-0.10005198785407819	0.5738651522146992	0.01611387786421517	0.8190163499252244	0.6696491772271983	0.6964407510699618	3.538153914888105e-05
K947R	missense	143	68	85	134	330	23	72	143	59	170	182	28	60	111	102	82	325	0.0004522044969224972	0.00020306241667819314	0.00033195661404253677	0.0004468260456556924	0.0008566629484216439	0.0003903708523096942	0.0009430549813972716	0.0004411075475339331	0.00024519419380149076	0.0005631149808343322	0.0007860487092478845	0.00036971875876488436	0.0008070811447321417	0.00042053092028686214	0.0003690261650299341	0.00036140538798827825	0.000614377951746831	0.7661246917912891	0.0004596270061995165	2.0070166901513447	0.7080734000253047	0.0005088663578544101	1.413419741898712	0.6656380767410184	0.0004413351062629764	1.1423610761021812	0.38305963055477177	1.673140022205953	0.33904571497602615	1.348856588883966	1.5209325027174128	1.5109983055449594	0.00046994282343896767
K947C	missense	54	138	108	150	155	14	50	116	80	128	71	6	22	100	99	97	165	0.00017271699535234268	0.0004090677669314326	0.0004207357084957733	0.000499783206622293	0.00040374447115944543	0.00024398178269355888	0.0006588466308391897	0.00035839988237132067	0.00033101216163201256	0.00042480603817326816	0.0003092650659335939	8.924245901221346e-05	0.0003043092840793321	0.0003792287763301168	0.0003582778301261496	0.00042671961473314784	0.0003128427607054416	0.6295488718856306	0.0004333327883022361	0.6968773029099175	0.6202923070389789	0.0003558707870275488	0.729116375308454	0.6139378675040502	0.000369267245473714	0.7188989392617893	0.431426929188177	1.7831952431757547	0.5327436738675513	1.6666604131918565	0.7149642058267203	1.7249278281838056	0.00038615694026783296
K947L	missense	168	68	70	111	344	29	79	91	71	210	204	27	135	129	101	171	385	0.000530712222082653	0.00020306241667819314	0.00027405720461651294	0.00037070012676620405	0.0008928964266026197	0.00048796356538711777	0.0010334849111202976	0.00028181871092445725	0.00029423303256178896	0.000694837783368679	0.0008805463682831494	0.00035696983604885385	0.001799394027599529	0.0004881162467615364	0.0003654433867286726	0.0007489364666745043	0.0007274536483873521	0.7805498380100415	0.0004351790436658825	2.1453936901280537	0.7526349743819569	0.0005378589737845186	1.7608024676705292	0.6840949056684487	0.0005824874371380163	1.2935358649910147	0.325916744418203	1.5431167805054362	0.7024947548922135	1.9451741519982002	1.7332440075965323	1.744145466251818	0.0005185084848628058
K947A	missense	79	43	38	64	166	7	35	60	42	100	98	9	60	49	65	58	154	0.00025122472051249844	0.0001294890773020362	0.00015053846450766202	0.00021513846642681487	0.00043221363258735503	0.00013012361743656474	0.00046506821000413394	0.00018685805833034666	0.00017572250555773506	0.0003326000763992255	0.0004252394656586916	0.00012748922716030494	0.0008070811447321417	0.0001877370179852063	0.00023646336788325876	0.00025690262519648696	0.00029211221632134606	0.7561185873822551	0.000231844910205967	1.911030508203611	0.7222873688403528	0.00028010502648649974	1.5242256840651138	0.6678431505867259	0.00024330380684657452	1.160422227040938	0.5531605259212655	2.0601885478763777	0.8014437128749823	2.107521537784621	1.5318928064365542	2.0838550428304994	0.00025175124784634705
K947D	missense	38	8	24	17	16	0	1	18	12	20	21	6	3	14	10	21	38	0.00012247205124984298	2.6486402175416498e-05	9.649901571003975e-05	5.957680608742565e-05	4.399779493404213e-05	1.6265452179570593e-05	2.583712277800744e-05	5.8201690299616175e-05	5.312540865698967e-05	6.915447133053203e-05	9.449765903526481e-05	8.924245901221346e-05	5.292335375292732e-05	5.63211053955619e-05	3.941056131387646e-05	9.57941992258087e-05	7.349920281633868e-05	0.63361359427437	5.664000472673101e-05	0.7358692189267363	0.6817847293358783	6.874480733060066e-05	1.2084846557206503	0.6758998689645735	6.625626718789644e-05	1.2264125824100427	0.200978007809903	1.2588304826633299	-0.22692417082207927	0.42025932756503176	1.0569221523524763	0.8395449051141808	6.388035974840937e-05
K947S	missense	127	56	26	69	168	22	28	90	31	119	107	5	17	76	75	141	246	0.0004019595528199975	0.00016774721377763784	0.00010421893696684294	0.00023168757922887754	0.0004373898437560659	0.0003741054001301236	0.0003746382802811079	0.00027875546406658274	0.0001307702366941284	0.0003951684076030402	0.0004638975989003909	7.649353629618297e-05	0.00023815509188817295	0.00028911500769721775	0.00027229115089587373	0.0006183080131847653	0.000465494951170145	0.7493827276358617	0.00023526089343235603	1.846415006229835	0.7057809725851806	0.00031714792681603553	1.395548970852546	0.6914928154497698	0.00041130228073700043	1.3541301010760525	0.000618174027285098	0.8029305998199785	0.4932351325838776	1.6018380186522772	1.5320313593861445	1.2023843092361277	0.00032123703366179735
K947F	missense	47	26	35	28	16	10	1	37	33	35	13	3	0	49	35	38	22	0.00015073483230749907	7.94592065262495e-05	0.00013895858262245726	9.598485425196355e-05	4.399779493404213e-05	0.0001789199739752765	2.583712277800744e-05	0.00011640338059923235	0.00013894337648751146	0.00011855052228091205	6.013487393153215e-05	5.099569086412198e-05	1.323083843823183e-05	0.0001877370179852063	0.00012898001884541387	0.00016981698953666088	4.3345683712199736e-05	0.5729081401793552	8.960010958367812e-05	0.1535362226086949	0.5705114175379764	0.000108508038324797	0.3410461301282061	0.5324466750036241	0.0001324699275198702	0.05142708529437892	-0.840414677348322	-1.110760239161007	-0.5859461134637473	-0.16879461515548824	0.18200314601042664	-0.6397774271582476	0.00011019269180944844
K947P	missense	86	40	16	54	77	11	8	56	32	70	64	3	3	67	46	69	179	0.00027320688355734205	0.00012066027657689738	6.561933068282704e-05	0.0001820402408226895	0.00020187223557972272	0.0001951854261548471	0.00011626705250103349	0.00017460507089884852	0.00013485680659081992	0.00023380797449846542	0.0002791976289678278	5.099569086412198e-05	5.292335375292732e-05	0.0002553223444598806	0.00016839058015929032	0.0003047997248093913	0.00033922708992156314	0.7039332221248636	0.00014254802091553416	1.410428699563425	0.6877272280775869	0.0002056168702389904	1.2548098011086557	0.6704374983354299	0.0002669349348375313	1.1816718130210981	-0.22499072446237806	0.28957885437259306	0.01611387786421517	0.8190163499252244	1.2823034378977263	0.5542976021489088	0.00020503327533068528
K947T	missense	119	84	62	69	74	21	16	67	99	90	49	14	15	90	61	70	114	0.00037683708076874763	0.0002501493538789336	0.00024317751958930018	0.00023168757922887754	0.00019410791882665645	0.000357839947950553	0.00021961554361306325	0.0002083007863354684	0.0004086569896691513	0.0002996693757656388	0.00021476740689832912	0.00019123384074045744	0.0002116934150117093	0.0003416813727330755	0.00022213225467821276	0.00030915400659238263	0.00021672841856099868	0.600572588171872	0.00022978059288094194	0.4189146985814144	0.6151020656842785	0.00028284863966714693	0.6886555025668636	0.5919819499294531	0.0002724240131411674	0.5390640815378044	-0.2120257472980104	0.31907943569526886	0.04414260146445871	0.8650035952302443	0.548878094228694	0.5920415154627565	0.0002616844152297521
K947K	silent	105	95	63	54	96	15	21	85	34	113	61	6	20	96	85	93	105	0.0003328727546790604	0.00028252162320444263	0.0002470374802177018	0.0001820402408226895	0.0002510462416824757	0.0002602472348731295	0.00028420835055808184	0.00026343922977721003	0.00014302994638420297	0.0003754099872228882	0.0002663115845539281	8.924245901221346e-05	0.00027784760720286846	0.00036420981489130027	0.0003081189339084887	0.00040930248760118263	0.00019976706406492052	0.6042987956456293	0.00024066139648182738	0.4546593214566423	0.6537396527830068	0.0002620476869845573	0.9898573904574917	0.5867464083333938	0.000320349575116473	0.4961812061199862	0.038250710312203264	0.8885598826931448	0.49323513258387763	1.6018380186522772	0.6468993060113734	1.245198950672711	0.00027435288619428593
K947G	missense	125	170	130	135	94	14	13	161	109	89	51	13	5	106	108	67	144	0.000395678934807185	0.0005032416413329135	0.0005056548423206084	0.0004501358682161049	0.00024587003051376483	0.00024398178269355888	0.0001808598594460521	0.0004962459909756748	0.0004495226886360664	0.0002963763057022801	0.00022335810317426226	0.00017848491802442692	7.938503062939099e-05	0.00040175721848834155	0.0003905228348375031	0.0002960911612434087	0.0002732662668812592	0.5643195605277892	0.00042622559559584783	0.07114801882745815	0.54210951908156	0.00036637577212207087	0.1196372359109974	0.5809441724621048	0.0003404093703626281	0.44865669438646144	-0.13001521123152135	0.5056866666894704	-0.3518629074303792	0.21527003121137167	0.21314731637497233	0.360478348950421	0.00037767024602684894
K947_	nonsense	59	75	34	72	70	10	12	92	69	66	49	21	1	69	86	59	112	0.00018841854038437382	0.0002236629517035171	0.00013509862199405565	0.00024161704691011516	0.00018375549648923478	0.0001789199739752765	0.00016794129805704837	0.0002848819577823318	0.00028605989276840593	0.00022063569424503074	0.00021476740689832912	0.0002804762997526709	2.646167687646366e-05	0.0002628318251792889	0.00031170171220975016	0.00026125690697947825	0.00021295922867298133	0.6228951399322363	0.00019603352927423067	0.6330496333391966	0.5907463563175889	0.0002515862379235244	0.4987889453355034	0.6011546296637943	0.0002621874182603746	0.6141949682050722	-0.027501320705466386	0.7389473447321128	-1.02527880729401	-0.889615892993196	0.5820111822932574	-0.07533427413054161	0.00023660239515270993
K947N	missense	36	66	65	16	31	4	15	47	36	55	34	4	7	44	36	25	76	0.00011619143323703052	0.0001971765495281006	0.00025475740147450494	5.6266983527013114e-05	8.281937869937342e-05	8.132726089785297e-05	0.00020669698222405952	0.0001470358491779777	0.000151203086177586	0.0001844119235480854	0.0001503371848288304	6.374461358015247e-05	0.00010584670750585465	0.0001689633161866857	0.00013256279714667535	0.00011321132635777392	0.0001451138106886687	0.5104603813287539	0.000147755078307248	-0.44551028922364944	0.6335137556605411	0.00015824701093311987	0.8321850600916859	0.6047044332710507	0.0001399628125949509	0.6432704292733743	0.4050979904658278	1.7232862292167401	0.22023386052013996	1.1539197814169404	0.3433150667138036	1.4386030053168404	0.0001486549672784396
K947Y	missense	80	97	79	57	41	14	14	102	66	68	25	4	12	87	121	66	107	0.0002543650295189047	0.0002884074903545352	0.00030879685027212725	0.0001919697085039271	0.00010870043454292761	0.00024398178269355888	0.0001937784208350558	0.00031551442636107717	0.00027380018307833135	0.0002272218343717481	0.00011167905158713113	6.374461358015247e-05	0.0001720008996970138	0.00033041715165396315	0.00043709895275390254	0.00029173687946041743	0.0002035362539529379	0.5336804000544555	0.0002244686209183793	-0.22276616712327227	0.5363777355189966	0.00023205387384957194	0.07495473475964065	0.572932248842242	0.0003156973094553053	0.3830332405099318	-0.10005198785407819	0.5738651522146992	0.43108722583503317	1.499870798395848	0.07840726938210006	1.0368679753052736	0.00025740660140775217
K947W	missense	33	13	14	22	17	1	1	9	14	30	20	3	0	25	31	29	22	0.00010677050621781183	4.120107005064789e-05	5.7899409426023855e-05	7.612591888948834e-05	4.658590051839755e-05	3.2530904359141185e-05	2.583712277800744e-05	3.063246857874535e-05	6.129854845037269e-05	0.00010208517196411871	9.020231089729822e-05	5.099569086412198e-05	1.323083843823183e-05	9.762324935230729e-05	0.00011464890564036788	0.00013062845348973912	4.3345683712199736e-05	0.6443750532768063	5.5453074721139404e-05	0.8391013380018019	0.7215349504667811	7.105462497263373e-05	1.5183601564372027	0.5774742528153002	9.65615730486535e-05	0.4202355407782536	-0.10005198785407819	0.5738651522146992	-0.5859461134637473	-0.16879461515548824	0.9258990117390861	0.20253526852960552	7.435642424747555e-05
K947H	missense	29	7	7	5	43	3	8	30	7	30	14	2	1	22	9	10	53	9.420927019218691e-05	2.3543468600370222e-05	3.087968502721272e-05	1.9858935362475217e-05	0.00011387664571163845	6.506180871828237e-05	0.00011626705250103349	9.49606525941106e-05	3.26925591735321e-05	0.00010208517196411871	6.443022206949873e-05	3.824676814809149e-05	2.646167687646366e-05	8.63590282731949e-05	3.582778301261496e-05	4.789709961290435e-05	0.00010176812697646895	0.7977124056194047	4.7039683675424157e-05	2.310030123039478	0.6155671958421668	7.354215145031504e-05	0.692281455743309	0.6518053042593327	6.79630094687958e-05	1.029060656626643	0.2521305302572843	1.3752232174277472	-0.15997738119146607	0.5301001637385283	1.3437907451364766	0.9526616905831378	6.284828153151166e-05
K947M	missense	51	24	16	26	46	3	0	18	6	33	28	0	3	47	27	22	86	0.00016329606833312397	7.357333937615695e-05	6.561933068282704e-05	8.936520913113848e-05	0.0001216409624647047	6.506180871828237e-05	1.291856138900372e-05	5.8201690299616175e-05	2.860598927684059e-05	0.00011196438215419471	0.0001245650960010309	1.2748922716030496e-05	5.292335375292732e-05	0.00018022753726579807	0.00010031779243532189	0.0001001484810088	0.00016395976012875552	0.6849476382190225	8.75497104137068e-05	1.2283045045045828	0.7341927587147226	8.083428943292059e-05	1.6170349450852501	0.6137605981444684	0.00013616339270966886	0.7174469748904114	-0.7021119791820406	-0.7960655086825615	0.6181738691921775	1.806827315005937	1.187595474826748	0.5053809031616878	0.00010151579751876542
K947E	missense	42	17	10	20	16	9	6	32	6	18	15	9	0	20	18	31	15	0.0001350332872754679	5.2972804350832996e-05	4.245956691241749e-05	6.950627376866327e-05	4.399779493404213e-05	0.00016265452179570593	9.042992972302605e-05	0.00010108714630985967	2.860598927684059e-05	6.256833120381469e-05	6.872557020746531e-05	0.00012748922716030494	1.323083843823183e-05	7.884954755378666e-05	6.807278772396843e-05	0.00013933701705572175	3.0153519104138947e-05	0.6250727964242936	5.223410999148897e-05	0.6539393746132888	0.5947674704909303	6.524675924949507e-05	0.5301358091378253	0.5954405767070928	7.910321785940394e-05	0.5673927383732098	-0.2549539478398213	0.22140036884736392	-0.9838861221357849	-0.8217021487444849	0.583822640708108	-0.3001508899485605	6.552802903346266e-05
K947I	missense	3	2	1	1	2	0	0	3	1	3	7	0	0	4	1	3	5	1.2561236025624921e-05	8.828800725138832e-06	7.71992125680318e-06	6.619645120825072e-06	7.764316753066258e-06	1.6265452179570593e-05	1.291856138900372e-05	1.2252987431498142e-05	8.173139793383025e-06	1.3172280253434671e-05	3.436278510373266e-05	1.2748922716030496e-05	1.323083843823183e-05	1.877370179852063e-05	7.165556602522992e-06	1.741712713196522e-05	1.1307569664052106e-05	0.6076489027261284	7.733170963958336e-06	0.48679610262822953	0.7561934994935554	1.6990298145512122e-05	1.7885431875809334	0.597223868017383	1.3665988799265239e-05	0.5819991850396657	-0.10005198785407819	0.5738651522146992	0.01611387786421517	0.8190163499252244	0.9524461584162763	0.6964407510699618	1.2796485969578566e-05
L948V	missense	184	33	32	83	151	3	14	62	40	139	116	7	11	48	73	120	287	0.0005809571661851527	0.00010005974155157344	0.00012737870073725247	0.00027802509507465306	0.00039339204882202374	6.506180871828237e-05	0.0001937784208350558	0.00019298455204609573	0.00016754936576435204	0.00046102980887021355	0.0005025557321420901	0.00010199138172824396	0.00015877006125878198	0.0001839822776255022	0.0002651255942933507	0.0005268680957419479	0.0005427633438745011	0.7683271556616952	0.0002247138965463757	2.0281444027112143	0.7403779947166241	0.00033102986470568785	1.665252364979029	0.7351312853720527	0.00037968482788382544	1.711560757440235	0.47397927987364064	1.8800190991650738	0.19220513691989644	1.1079325361119206	1.801652508376826	1.4939758176384972	0.000311809529711963
L948H	missense	65	222	200	140	111	23	21	119	97	52	31	18	5	107	82	58	75	0.00020726039442281122	0.0006562741872353199	0.0007758520863087197	0.0004666849810181676	0.00028986782544780697	0.0003903708523096942	0.00028420835055808184	0.00036758962294494425	0.00040048384987576827	0.0001745327133580094	0.00013745114041493063	0.00024222953160457942	7.938503062939099e-05	0.00040551195884804567	0.00029737059900470416	0.00025690262519648696	0.00014322921574466	0.5445641446754127	0.0005471697700025035	-0.1183609911672151	0.5189446822005864	0.0002700143316484131	-0.06094579541026584	0.5312437212942311	0.0002757535996984742	0.0415740236565672	-0.13784054874347793	0.48788085008662097	-0.48448847270497014	-0.002331187131176757	-0.045910920973637914	0.2427748314777221	0.00036431256711646364
L948P	missense	101	71	49	74	87	9	19	60	44	94	52	8	7	51	70	63	123	0.0003203115186534355	0.00021189121740333198	0.0001929980314200795	0.00024823669203094024	0.0002277532914232769	0.00016265452179570593	0.0002583712277800744	0.00018685805833034666	0.00018389564535111809	0.00031284165601907344	0.00022765345131222885	0.00011474030444427445	0.00010584670750585465	0.00019524649870461457	0.0002543772593895662	0.0002786740341114435	0.00023368977305707685	0.6395912286984035	0.00022021980806940716	0.7932112455524315	0.6594763398558334	0.00022781220275319177	1.034578117250237	0.6431429837064909	0.00024049689131567527	0.9581099810792816	0.200978007809903	1.2588304826633299	-0.035038644583166134	0.7350894600921885	0.9286331146273167	0.9969599713777592	0.00022950963404609137
L948N	missense	87	184	192	115	26	25	13	144	68	67	33	31	10	93	107	48	81	0.0002763471925637483	0.0005444427113835613	0.0007449724012815069	0.0003839394170078542	6.987885077759632e-05	0.0004229017566688354	0.0001808598594460521	0.0004441707943918077	0.0002819733228717144	0.00022392876430838942	0.0001460418366908638	0.00040796552691297586	0.00014553922282055013	0.00035294559381218786	0.00038694005653624157	0.00021335980736657392	0.0001545367854087121	0.49702484001092945	0.0004358083451126297	-0.5743942445354356	0.5163855210821754	0.0002740286795656938	-0.08089590664035	0.538249345804165	0.00027694556078092887	0.0989551594133006	-0.368897300146658	-0.03786697025327451	-0.4476434152974658	0.05812118014186299	-0.18544499725416166	0.010127104944294238	0.00032892752848641746
L948_	nonsense	92	313	374	412	85	101	34	276	276	190	63	127	21	310	300	139	179	0.0002920487375957794	0.0009240811425645311	0.0014474852356505963	0.0013669567174503774	0.00022257708025456607	0.0016590761223162004	0.00045214964861513024	0.0008485193796312463	0.001131979861383549	0.0006289763821015056	0.00027490228082986126	0.0016318621076519034	0.00029107844564110026	0.0011677242518679833	0.0010784162686797104	0.0006095994496187826	0.00033922708992156314	0.5560469122185676	0.0009902750439800176	-0.008209530658198308	0.5286250254932047	0.0007210944759865406	0.014517966540385532	0.5094155413288213	0.0007987417650220099	-0.1372145705853224	-0.56458411526572	-0.4831338403763649	-0.748673410961447	-0.43578430239849336	-0.0436353782343784	-0.45945907138742914	0.000836703761662856
L948M	missense	63	18	15	18	26	5	3	47	24	35	17	1	3	54	47	31	48	0.00020097977640999874	5.591573792587927e-05	6.175937005442545e-05	6.288662864783819e-05	6.987885077759632e-05	9.759271307742355e-05	5.167424555601488e-05	0.0001470358491779777	0.00010216424741728782	0.00011855052228091205	7.731626648339847e-05	2.549784543206099e-05	5.292335375292732e-05	0.00020651071978372695	0.0001719733584605518	0.00013933701705572175	9.234515225642552e-05	0.64647046011699	6.26101468514348e-05	0.8592020779096137	0.570858566554449	0.000111266721339894	0.3437523534457683	0.5481494192179067	0.00015254156188910652	0.1800439268386777	-0.2761432469097594	0.17318611960817545	0.31714387352819634	1.3129218324655807	0.46099945273135323	0.7430539760368781	0.00010880614336014511
L948D	missense	71	183	150	124	73	17	23	162	72	126	56	20	5	87	104	64	175	0.0002261022484612486	0.000541499777808515	0.0005828540548886401	0.00041372782005156703	0.00019151981324230102	0.00029277813923227067	0.0003100454733360893	0.0004993092378335493	0.00029831960245848047	0.00041821989804655086	0.00024483484386409517	0.0002677273770366404	7.938503062939099e-05	0.00033041715165396315	0.0003761917216324571	0.0002830283158944348	0.00033168871014552844	0.53689689124156	0.0004324003664977558	-0.19191113146724248	0.5699296467967865	0.00036517089555066894	0.3365108975030896	0.6165474363375382	0.00033033147483159587	0.7402731969441108	0.024886748754221824	0.8581514500568059	-0.5279541664860604	-0.07364615497532452	0.2949576543266526	0.3922526475407407	0.0003759675789600069
L948L	silent	159	167	101	209	361	17	67	174	151	154	120	17	51	173	134	128	329	0.0005024494410249969	0.0004944128406077746	0.0003937159840969622	0.0006950627376866326	0.0009368942215366618	0.00029277813923227067	0.000878462174452253	0.0005360682001280437	0.00062115862429711	0.0005104258598205935	0.0005197371246939565	0.0002294806088885489	0.0006880035987880552	0.000653324822588518	0.000483675070670302	0.0005617023500058783	0.0006219163315228658	0.7057904490178483	0.0006300214459820078	1.4282446358340177	0.6158723407388346	0.000546847452234926	0.6946602331426759	0.6241274851219969	0.000580154643696891	0.8023592833061385	0.47718441974885206	1.8873120923065576	0.4768447163957083	1.5749459596114521	0.975088050760944	1.7311290259590049	0.0005856745139712749
L948T	missense	115	66	52	87	162	11	72	75	45	75	67	17	48	70	85	81	173	0.00036427584474312273	0.0001971765495281006	0.0002045779133052843	0.0002912643853163032	0.00042186121024993334	0.0001951854261548471	0.0009430549813972716	0.0002328067611984647	0.0001879822152478096	0.00025027332481525875	0.0002920836733817276	0.0002294806088885489	0.0006483110834733597	0.000266586565538993	0.0003081189339084887	0.00035705110620528696	0.00032791952025751104	0.7102939794335968	0.00027872001459990537	1.4714459329844771	0.6561637400299285	0.00024078649366081516	1.0087545243110814	0.6481141790795659	0.0003149190314775699	0.9988276695838796	0.684089626218753	2.3581053526545834	0.4510374527894227	1.5326035048125737	1.159676042293146	1.9453544287335784	0.0002781418465794301
L948W	missense	127	106	103	111	134	6	7	76	82	93	42	26	4	71	87	45	118	0.0004019595528199975	0.0003148938925299517	0.0004014359053537654	0.00037070012676620405	0.0003493942538879816	0.00011385816525699414	0.00010334849111202976	0.00023587000805633924	0.0003391853014253956	0.0003095485859557148	0.00018469996993256303	0.0003442209133328234	6.615419219115915e-05	0.0002703413058986971	0.0003152844905110117	0.0002002969620176	0.00022426679833703343	0.6313321568389877	0.0003591060446344757	0.7139839317237295	0.6035904133787038	0.00026732596634250315	0.598915649032021	0.5936678790278922	0.00025254738919108555	0.5528730612135758	-0.042060040876391376	0.7058203516868148	-0.7162798819587534	-0.38263564012658013	0.6219242139897755	0.16159235578011732	0.00029299313338935476
L948R	missense	306	171	138	162	268	54	42	188	177	181	127	84	16	227	203	180	282	0.0009640748649667127	0.0005061845749079598	0.0005365345273478211	0.0005395010773472434	0.0006962004021916078	0.0008945998698763826	0.0005554981397271599	0.0005789536561382873	0.0007274094416110893	0.0005993387515312776	0.0005498045616597225	0.001083658430862592	0.00022492425344994112	0.0008560808020125409	0.0007308867734573452	0.0007881250027214261	0.0005333403691544576	0.6564370202558817	0.000569605145448658	0.9548089210703724	0.61402884286133	0.0006138766027350942	0.6802891224517336	0.5858473409133632	0.0007271082368364425	0.4888171931601029	-0.20694622176873553	0.3306374164041605	-0.6828561264718036	-0.32779666620412845	0.7079717455607364	0.0014203751000160247	0.0006368633283400649
L948E	missense	70	449	357	111	58	55	11	220	170	96	40	112	19	80	81	28	86	0.00022296193945484235	0.001324320108770825	0.0013818659049677693	0.00037070012676620405	0.00015269822947696976	0.0009108653220559532	0.00015502273666804465	0.0006769775555902724	0.0006988034523342487	0.0003194277961457908	0.00017610927365662986	0.001440628266911446	0.0002646167687646366	0.0003041339691360342	0.0002937878207034427	0.00012627417170674784	0.00016395976012875552	0.44982144381520356	0.000807396092495442	-1.0272052077813565	0.49928777312170014	0.0004678295194317355	-0.21418254152296093	0.5422391364391669	0.00022203893041874506	0.13163443272339023	-0.7690587688126537	-0.9483966070525524	-0.7359345699552234	-0.4148834503079701	-0.3699177721936424	-0.6816400286802612	0.0004990881807819741
L948S	missense	182	73	64	77	201	18	29	94	78	135	118	13	34	134	89	102	207	0.0005746765481723402	0.00021777708455342454	0.00025089744084610336	0.00025816615971217783	0.0005227973280397947	0.00030904359141184127	0.0003875568416701116	0.0002910084514980809	0.00032283902183862954	0.00044785752861677884	0.0005111464284180233	0.00017848491802442692	0.0004630793453381141	0.0005068899485600571	0.00032245004711353465	0.0004484910236481044	0.0003919957483538063	0.7172596623600556	0.0003124095032878751	1.53826607411409	0.687421060754007	0.0003932128575928781	1.2524230533120853	0.60863291118601	0.00041745669191887557	0.6754475070251106	0.09831566591275526	1.0252320175432506	0.41405388653625286	1.4719238835142212	1.1553788781504286	1.2485779505287358	0.0003743596842665429
L948Y	missense	114	115	74	89	113	18	58	129	104	98	67	8	36	114	90	95	188	0.0003611355357367165	0.0003413802947053682	0.00028949704713011925	0.0002978840304371283	0.0002950440366165178	0.00030904359141184127	0.0007621951219512195	0.0003982220915236896	0.00042908983915260885	0.00032601393627250814	0.0002920836733817276	0.00011474030444427445	0.0004895410222145777	0.00043179514136597454	0.00032603282541479616	0.0004180110511671652	0.0003561884444176413	0.6116582352461053	0.0003059513522222834	0.5252566767957368	0.5885491580806917	0.00036135238508263354	0.4816605398962011	0.6139980868159159	0.00038300686559139427	0.7193921790157105	0.39204642283523705	1.6935886194644574	0.6300730924918854	1.8263505907935695	0.5754364652358829	1.7599696051290135	0.0003501035342987704
L948C	missense	103	52	68	105	77	10	16	50	53	102	56	8	25	41	58	84	161	0.00032659213666624793	0.0001559754794774527	0.00026633728335970973	0.00035084119140372887	0.00020187223557972272	0.0001789199739752765	0.00021961554361306325	0.0001562255897516013	0.0002206747744213417	0.0003391862165259428	0.00024483484386409517	0.00011474030444427445	0.0003440017993940276	0.00015769909510757332	0.00021138391977442827	0.0003701139515542609	0.00030530438092940684	0.6534856677018732	0.0002437565474551535	0.9264972973194548	0.6749961800488625	0.00024023035614074523	1.155564066863407	0.6969896018758722	0.00026112533684141735	1.3991527607539591	0.08900424836597079	1.0040447661438991	0.4768447163957083	1.5749459596114521	1.1604047083122737	1.2894953628776755	0.0002483707468124387
L948G	missense	138	84	56	79	117	8	22	88	62	95	81	5	7	78	108	83	240	0.00043650295189046604	0.0002501493538789336	0.00022001775581889066	0.0002647858048330029	0.0003053964589539395	0.00014638906961613534	0.0002971269119470856	0.00027262897035083367	0.0002574539034915653	0.0003161347260824321	0.0003522185473132597	7.649353629618297e-05	0.00010584670750585465	0.000296624488416626	0.0003905228348375031	0.0003657596697712696	0.0004541873815060929	0.6502931094116495	0.00026008734337119166	0.8958718442562739	0.6560247602848561	0.00029960903680952266	1.0076710984364947	0.6621514154796554	0.00037677359363287284	1.1138027965523252	0.3074333387241899	1.5010595361398356	0.14105261447251513	1.0240056462788847	1.0057819130816978	1.2625325912093601	0.0003121566579378624
L948Q	missense	71	13	26	52	66	5	14	25	37	70	31	4	13	39	56	34	65	0.0002261022484612486	4.120107005064789e-05	0.00010421893696684294	0.00017542059570186443	0.0001734030741518131	9.759271307742355e-05	0.0001937784208350558	7.964441830473792e-05	0.0001552896560742775	0.00023380797449846542	0.00013745114041493063	6.374461358015247e-05	0.00018523173813524564	0.00015018961438816505	0.0002042183631719053	0.00015239986240469565	0.00012438326630457317	0.743314025279998	0.0001235609192177921	1.7881993865736328	0.6769509475702056	0.00015154829732310287	1.1708025874861192	0.5994060190855182	0.0001577977765673348	0.5998725818374547	0.29788802081795945	1.47934006655855	0.46327190920643446	1.5526768037771335	1.1862915186324021	1.5160084351678418	0.00014430233103607658
L948I	missense	78	25	25	13	29	16	11	29	20	32	45	4	1	26	30	23	90	0.0002480844115060922	7.651627295120322e-05	0.00010035897633844135	4.6337515845775506e-05	7.764316753066258e-05	0.0002765126870527001	0.00015502273666804465	9.189740573623606e-05	8.581796783052178e-05	0.00010867131209083605	0.00019758601434646277	6.374461358015247e-05	2.646167687646366e-05	0.00010137798971201142	0.00011106612733910638	0.0001045027627917913	0.00017149813990479027	0.6039597066004622	7.521398316652066e-05	0.4514065208206118	0.7127939938782046	0.00012099317500101415	1.4502194462080202	0.6771545613609415	0.00012211125493692484	1.2366894213452218	-0.25131966318472726	0.22966984041357807	-0.38182613080782246	0.1661088163362278	1.046105129457951	0.19788932837490292	0.00010610613770148656
L948K	missense	61	14	12	55	92	4	30	34	29	65	45	4	52	67	66	44	54	0.0001946991583971863	4.414400362569416e-05	5.017948816922067e-05	0.00018535006338310202	0.000240693819345054	8.132726089785297e-05	0.00040047540305911534	0.00010721364002560874	0.00012259709690074538	0.0002173426241816721	0.00019758601434646277	6.374461358015247e-05	0.000701234437226287	0.0002553223444598806	0.00024004614618452024	0.00019594268023460871	0.00010365272192047764	0.7991125736015531	0.00013009184363076771	2.323461601784647	0.6959322759265295	0.00016118484386362224	1.3187727990054832	0.5465196535828686	0.0001987409731998718	0.16669496658207586	0.6923397016441757	2.37687762027375	1.0414197431289853	2.5012546498596855	1.269643122457402	2.4390661350667178	0.00016333922023142061
L948A	missense	98	133	99	123	62	20	15	142	89	73	46	41	6	122	101	65	157	0.0003108905916342168	0.0003943530990562012	0.000385996062840159	0.0004104179974911545	0.00016305065181439142	0.00034157449577098246	0.00020669698222405952	0.0004380443006760586	0.00036779129070223617	0.00024368718468854142	0.00020188136248442935	0.0005354547540732808	9.261586906762282e-05	0.00046183306424360754	0.0003654433867286726	0.0002873825976774261	0.0002977660011533721	0.5631854225938948	0.0003384544528004765	0.06026850312119303	0.5418341290655647	0.0003128510346378164	0.11749041466897565	0.5745316602461967	0.0003531062624507696	0.39613357764205415	-0.2181512999320727	0.3051413190802907	-0.7620373725194285	-0.45771080134218445	0.19129749847740762	-0.07628474113094688	0.0003348039166296875
L948F	missense	63	193	164	95	15	38	4	151	88	65	14	124	19	105	74	47	56	0.00020097977640999874	0.0005709291135589778	0.0006368935036862624	0.00031774296579960347	4.140968934968671e-05	0.0006343526350032531	6.45928069450186e-05	0.0004656135223969294	0.00036370472080554466	0.0002173426241816721	6.443022206949873e-05	0.0015936153395038118	0.0002646167687646366	0.0003980024781286374	0.0002687083725946122	0.0002090055255835826	0.000107421911808495	0.4728191675929162	0.0003917438180986326	-0.8065935082953649	0.4731321636880876	0.00027777277236341126	-0.418080339804296	0.5065725420788676	0.0002457845720288318	-0.16050079234707437	-0.9921465905445586	-1.456011880389724	-0.7797661394798601	-0.48679871725276885	-0.4617248801489118	-0.9714052988212464	0.00030510038749695855
Q949_	nonsense	49	103	62	73	36	19	8	88	45	90	30	6	4	83	70	65	58	0.00015701545032031152	0.0003060650918048129	0.00024317751958930018	0.00024492686947052766	9.575990662115051e-05	0.00032530904359141186	0.00011626705250103349	0.00027262897035083367	0.0001879822152478096	0.0002996693757656388	0.00013315579227696404	8.924245901221346e-05	6.615419219115915e-05	0.00031539819021514663	0.0002543772593895662	0.0002873825976774261	0.00011119110169651236	0.5366269483684449	0.00022248234687144783	-0.19450062930527492	0.5820853071327248	0.0002233590884103115	0.4312711586028916	0.5501798889017223	0.00024208728724466283	0.19667494330433968	-0.4468394740787345	-0.21521702736473375	-0.13001415781402287	0.579261378613672	0.14448182420065211	0.18202217562446912	0.00022930957417547404
Q949I	missense	93	34	26	94	313	25	49	97	69	157	180	30	129	53	71	69	221	0.00029518904660218566	0.00010300267512661972	0.00010421893696684294	0.00031443314323919094	0.0008126651534876017	0.0004229017566688354	0.000645928069450186	0.00030019819207170446	0.00028605989276840593	0.0005203050700106696	0.0007774580129719514	0.00039521660419694534	0.001720008996970138	0.00020275597942402283	0.00025796003769082773	0.0003047997248093913	0.0004183800775699279	0.8441380067377836	0.0003335799772050638	2.7553798829278886	0.7355364862930619	0.0004710052919556828	1.627510063067445	0.6982446185438717	0.0002959739548735425	1.4094322557085237	0.1839446685111227	1.2200727274579115	0.6386955363367792	1.8404975939136272	1.9307740672346192	1.5302851606857693	0.00036685307467809633
Q949Q	silent	66	55	53	96	18	3	8	51	41	54	24	4	2	29	50	50	71	0.00021040070342921743	0.00016480428020259155	0.00020843787393368587	0.000321052788360016	4.917400610275297e-05	6.506180871828237e-05	0.00011626705250103349	0.00015928883660947584	0.00017163593566104355	0.00018111885348472674	0.00010738370344916456	6.374461358015247e-05	3.9692515314695496e-05	0.0001126422107911238	0.0001827216933643363	0.00022206837093255652	0.00013569083596862527	0.5856110133592932	0.0001858672371497616	0.2753918665701633	0.5954903879029138	0.00015485683230110267	0.5357713600515521	0.6457641850487424	0.0001632807777641605	0.9795795174285666	0.2521305302572843	1.3752232174277472	-0.2057348717521411	0.45502500252292416	0.5969142480167607	0.9151241099753357	0.0001680016157383416
Q949M	missense	103	75	34	53	152	11	34	118	94	92	119	8	5	78	76	67	199	0.00032659213666624793	0.0002236629517035171	0.00013509862199405565	0.00017873041826227696	0.00039598015440637916	0.0001951854261548471	0.00045214964861513024	0.00036452637608706974	0.00038822414018569373	0.00030625551589235614	0.0005154417765559898	0.00011474030444427445	7.938503062939099e-05	0.000296624488416626	0.0002758739291971352	0.0002960911612434087	0.00037691898880173685	0.7000669699357149	0.00023336803659155722	1.373340661010839	0.6544371124164635	0.0003936119521802773	0.9952944835603261	0.6512042289372183	0.00031137714191472666	1.0241374146502336	0.3648348104485727	1.6316711649285411	-0.159977381191466	0.5301001637385284	1.1309241864071329	1.0808856643335347	0.00031278571022885375
Q949E	missense	87	145	92	84	67	19	15	158	76	80	30	12	12	123	94	42	154	0.0002763471925637483	0.00042966830195675655	0.0003589763384413479	0.0002813349176350656	0.0001759911797361685	0.00032530904359141186	0.00020669698222405952	0.0004870562504020511	0.0003146658820452465	0.00026673867513205213	0.00013315579227696404	0.00016573599530839644	0.0001720008996970138	0.00046558780460331166	0.00034036393861984216	0.00018723411666862608	0.00029211221632134606	0.5408615084161684	0.00031149268444233464	-0.15387950098260594	0.5095691939694884	0.0003004041499640785	-0.13403303939077907	0.5594941263759597	0.0003213245190532815	0.27296529032790884	-0.19696200086213458	0.3533555683194792	0.01611387786421517	0.8190163499252244	-0.004982416681825382	0.5861859591223518	0.0003110737844865649
Q949V	missense	81	41	34	94	137	8	21	48	28	73	75	4	15	27	50	72	152	0.0002575053385253109	0.00012360321015194366	0.00013509862199405565	0.00031443314323919094	0.00035715857064104787	0.00014638906961613534	0.00028420835055808184	0.00015009909603585223	0.00011851052700405388	0.00024368718468854142	0.00032644645848546025	6.374461358015247e-05	0.0002116934150117093	0.00010513273007171553	0.0001827216933643363	0.0003178625701583652	0.0002883430264333287	0.7432423287885022	0.00023257338650655953	1.787511619167216	0.7224998505780051	0.00020968581655347694	1.5258820996264588	0.7207390654065955	0.00022351500500693647	1.5936780581166203	0.2881281835288032	1.4571324783773578	0.5212638561841212	1.6478252639572968	1.6356905923034317	1.5524788711673274	0.00022192473602232433
Q949S	missense	214	80	108	107	120	12	62	180	83	168	136	14	30	103	122	141	262	0.0006751664363773396	0.00023837761957874848	0.0004207357084957733	0.00035746083652455393	0.0003131607757070057	0.0002114508783344177	0.0008138693675072344	0.000554447681275291	0.0003432718713220871	0.0005565288407076149	0.0005884626949014218	0.00019123384074045744	0.00041015599158518673	0.00039049299740922914	0.00044068173105516405	0.0006183080131847653	0.0004956484702742839	0.6401416075049207	0.0003324337350765204	0.7984908986624711	0.644294334627417	0.0005106777720516037	0.9162257826419792	0.6566876245739979	0.0004862828029808606	1.0690503940706653	0.5853452092926669	2.133421755857034	0.33138431264280654	1.3362863843501014	0.9279223584583719	1.7348540701035677	0.00044313143670299493
Q949R	missense	182	206	161	152	223	42	37	205	141	157	111	22	11	159	206	122	270	0.0005746765481723402	0.0006091872500345795	0.0006253136218010576	0.0005064028517431181	0.0005797356508956139	0.0006994144437215354	0.0004909053327821414	0.0006310288527221543	0.0005802929253301949	0.0005203050700106696	0.0004810789914522572	0.0002932252224687014	0.00015877006125878198	0.0006007584575526602	0.0007416351083611297	0.0005355766593079305	0.0005107252298263534	0.6138357509489285	0.0005801598436185923	0.5461450675121611	0.5961983044682012	0.000553176459878819	0.5412899708640956	0.6000827312861375	0.0005971738637620184	0.6054153445985644	-0.15373684681685446	0.4517103248247655	-0.2664327121057528	0.35543693302545265	0.564283460991607	0.40357362892510906	0.0005768367224198099
Q949H	missense	65	53	75	88	22	48	11	218	131	73	25	83	5	92	104	33	63	0.00020726039442281122	0.000158918413052499	0.0002933570077585209	0.0002945742078767157	5.952642844017465e-05	0.000797007156798959	0.00015502273666804465	0.0006708510618745233	0.0005394272263632797	0.00024368718468854142	0.00011167905158713113	0.0010709095081465616	7.938503062939099e-05	0.00034919085345248374	0.0003761917216324571	0.00014804558062170436	0.00012061407641655579	0.5789670803879545	0.00020159401428197755	0.21165819630586963	0.4674565696713543	0.0003914111311283689	-0.4623248116025125	0.510080778941534	0.00024851055803080024	-0.13176579300504693	-0.711066821834967	-0.816441407580437	-1.1300141578140228	-1.0614571200560372	-0.1274774694338966	-0.9389492638182371	0.0002805052344803822
Q949K	missense	83	115	69	114	114	15	35	79	53	109	73	20	14	71	54	69	107	0.00026378595653812334	0.0003413802947053682	0.0002701972439881113	0.0003806295944474417	0.00029763214220087324	0.0002602472348731295	0.00046506821000413394	0.0002450597486299628	0.0002206747744213417	0.0003622377069694535	0.0003178557622095271	0.0002677273770366404	0.00019846257657347746	0.0002703413058986971	0.0001970528065693823	0.0003047997248093913	0.0002035362539529379	0.6229830716652043	0.0003224598188354486	0.6338931415592409	0.664267561942934	0.0002864569980575713	1.0719284086711387	0.6131283463492946	0.00024393252280760215	0.7122683750325598	0.2521305302572843	1.3752232174277472	-0.13001415781402287	0.579261378613672	0.8060299750876464	0.9772422980207096	0.00028428311323354074
Q949L	missense	198	214	119	164	316	29	54	201	121	167	168	18	31	162	110	139	244	0.0006249214922748399	0.0006327307186349497	0.00046319527540819084	0.0005461207224680685	0.0008204294702406679	0.00048796356538711777	0.0007105208763952046	0.0006187758652906562	0.0004985615273963645	0.0005532357706442562	0.0007259138353163523	0.00024222953160457942	0.0004233868300234186	0.0006120226786317726	0.0003976883914400261	0.0006095994496187826	0.00046172576128212763	0.657793296913521	0.0006156190466879692	0.9678193607689719	0.6446166385180271	0.0005991217496619074	0.9187383241233658	0.6106453911895234	0.0005202590702431772	0.6919311749872699	0.16318944692050327	1.1728461805352515	0.24251025523129216	1.190469074303196	0.8594962866265359	1.1816576274192236	0.0005783332888643513
Q949Y	missense	109	100	75	140	111	17	39	70	34	133	100	17	26	82	56	92	177	0.00034543399070468536	0.000297236291079674	0.0002933570077585209	0.0004666849810181676	0.00028986782544780697	0.00029277813923227067	0.0005167424555601488	0.00021749052690909202	0.00014302994638420297	0.0004412713884900615	0.0004338301619346248	0.0002294806088885489	0.0003572326378322594	0.0003116434498554425	0.0002042183631719053	0.0004049482058181913	0.0003354579000335458	0.6390317534757951	0.00033678652632604237	0.7878443326843177	0.7208282882021796	0.00030890550592949534	1.5128513236093362	0.6520815234842027	0.00031406697971977124	1.0313230920195775	0.24673549837057815	1.3629473317941325	0.19220513691989638	1.1079325361119206	1.1106729161044104	1.2354399339530264	0.0003199196706584363
Q949C	missense	99	19	7	63	212	12	31	45	40	100	95	4	17	36	29	33	152	0.00031403090064062303	5.8858671500925554e-05	3.087968502721272e-05	0.0002118286438664023	0.0005512664894677043	0.0002114508783344177	0.00041339396444811904	0.00014090935546222862	0.00016754936576435204	0.0003326000763992255	0.0004123534212447919	6.374461358015247e-05	0.00023815509188817295	0.00013892539330905267	0.00010748334903784489	0.00014804558062170436	0.0002883430264333287	0.8680387104356333	0.00021320837246556124	2.984653654221883	0.7412155339616949	0.00026335305471764954	1.6717814580394526	0.7144875930949436	0.00017069933735048263	1.5424739747567846	0.29115463815899106	1.4640188901161018	0.5724163786315024	1.731752153790333	2.0663030290060402	1.5978855219532173	0.00021575358817789783
Q949W	missense	22	11	18	24	33	3	11	12	4	10	8	0	2	11	9	8	30	7.22271071473433e-05	3.531520290055533e-05	7.333925193963022e-05	8.274556401031341e-05	8.799558986808426e-05	6.506180871828237e-05	0.00015502273666804465	3.982220915236896e-05	2.0432849483457566e-05	3.622377069694535e-05	3.865813324169924e-05	1.2748922716030496e-05	3.9692515314695496e-05	4.505688431644952e-05	3.582778301261496e-05	3.918853604692174e-05	5.8422443264269213e-05	0.6999150432881036	6.984890217964581e-05	1.371883264781077	0.6363761376302773	3.378424064361778e-05	0.8544989496973082	0.6554331160841635	4.4623911660063856e-05	1.0587750614631175	0.37706926686558434	1.659509515269854	0.49323513258387763	1.6018380186522772	1.0950524253138343	1.6306737669610656	4.941901816110915e-05
Q949P	missense	135	102	64	121	81	12	26	64	74	91	51	21	14	73	69	71	145	0.00042708202487124733	0.0003031221582297666	0.00025089744084610336	0.00040379835237032945	0.00021222465791714438	0.0002114508783344177	0.00034880115750310044	0.0001991110457618448	0.0003064927422518635	0.00030296244582899746	0.00022335810317426226	0.0002804762997526709	0.00019846257657347746	0.00027785078661810535	0.00025079448108830476	0.0003135082883753739	0.0002751508618252679	0.6122022193406677	0.0002925106523408359	0.5304749869535035	0.6333837149357358	0.000257981084254242	0.8311713189459471	0.6311100215878118	0.00027932610447676295	0.8595513112692605	0.2173684239980724	1.2961253270384125	-0.15021754390230982	0.5461133093228534	0.7403992057229036	0.921119318180633	0.0002766059470239469
Q949T	missense	163	43	37	83	244	8	32	55	75	89	112	3	12	79	95	58	303	0.0005150106770506218	0.0001294890773020362	0.00014667850387926044	0.00027802509507465306	0.0006340858681670778	0.00014638906961613534	0.0004263125258371228	0.00017154182404097398	0.000310579312148555	0.0002963763057022801	0.0004853743395902238	5.099569086412198e-05	0.0001720008996970138	0.0003003792287763301	0.0003439467169211036	0.00025690262519648696	0.00057291686297864	0.7980588517641416	0.0002970696361057569	2.313353498583489	0.716711690397316	0.00031596794537050823	1.4807601107874013	0.686948502001183	0.0003685363584681402	1.316908884531437	0.46421944258448444	1.8578115109838818	0.5279972388430896	1.6588728494444884	1.7036741646341091	1.7583421802141852	0.00032719131331480173
Q949N	missense	77	162	110	112	91	14	10	128	100	99	54	24	5	75	105	64	165	0.00024494410249968596	0.00047969817273254325	0.00042845562975257653	0.0003740099493266166	0.0002381057137606986	0.00024398178269355888	0.00014210417527904092	0.0003951588446658151	0.0004127435595658428	0.0003293070063358668	0.00023624414758816203	0.0003187230679007624	7.938503062939099e-05	0.00028536026733751364	0.0003797744999337186	0.0002830283158944348	0.0003128427607054416	0.5609305147058182	0.0003800673663931087	0.03863770756154565	0.574017147218363	0.0003433633895389217	0.36837527973241163	0.6235826092713016	0.00031525146096777714	0.7978963556806316	-0.2347505617515344	0.2673712661914006	-0.6036748804241788	-0.1978825310660727	0.40163644765819634	0.034744367562663955	0.00034622740563326917
Q949A	missense	107	27	48	36	60	13	11	45	58	60	51	14	8	61	65	58	74	0.0003391533726918729	8.240214010129577e-05	0.00018913807079167793	0.00012246343473526383	0.00015787444064568057	0.0002277163305139883	0.00015502273666804465	0.00014090935546222862	0.00024110762390479928	0.00020087727386487874	0.00022335810317426226	0.00019123384074045744	0.00011907754594408647	0.00023279390230165583	0.00023646336788325876	0.00025690262519648696	0.00014134462080065132	0.6611815112680192	0.0001379695215684795	1.0003216959649914	0.6571108973280075	0.0002015630891015422	1.0161381522167738	0.5884139387096141	0.0002168761290455132	0.5098394869428734	-0.16699877748469133	0.4215340538447083	-0.20573487175214128	0.4550250025229239	0.8420997783748795	0.4382795281838161	0.0001854695799051783
Q949F	missense	86	38	66	57	29	7	10	42	17	60	21	8	0	34	37	39	73	0.00027320688355734205	0.00011477440942680483	0.00025861736210290657	0.0001919697085039271	7.764316753066258e-05	0.00013012361743656474	0.00014210417527904092	0.00013171961488860502	7.355825814044724e-05	0.00020087727386487874	9.449765903526481e-05	0.00011474030444427445	1.323083843823183e-05	0.00013141591258964444	0.00013614557544793687	0.00017417127131965217	0.00013946002585664264	0.5903887845208766	0.00016075116189107527	0.32122389003039586	0.628908184469115	0.00012516320148229897	0.796282022613502	0.6383686354283106	0.00014529819630346903	0.9190046127696144	0.038250710312203264	0.8885598826931448	-0.9381286315751097	-0.7466269875288806	0.678836841804504	0.07096644758213211	0.00014373751989228106
Q949D	missense	72	3	2	12	46	2	0	7	3	21	29	1	0	7	9	25	53	0.00022924255746765483	1.1771734300185111e-05	1.157988188520477e-05	4.302769328536297e-05	0.0001216409624647047	4.8796356538711774e-05	1.291856138900372e-05	2.4505974862996284e-05	1.634627958676605e-05	7.24475413938907e-05	0.00012886044413899745	2.549784543206099e-05	1.323083843823183e-05	3.003792287763301e-05	3.582778301261496e-05	0.00011321132635777392	0.00010176812697646895	0.8650376114880168	4.700506798386439e-05	2.95586482513781	0.8155580524189152	6.0540059995662626e-05	2.251323520348918	0.7552204017195648	7.021128980612271e-05	1.8761051618305717	-0.5771732425737406	-0.511779210840455	-0.284916117799766	0.32511086738486816	2.361097835772433	-0.0933341717277934	5.9252139261883236e-05
Q949G	missense	49	4	3	18	6	4	2	29	13	23	13	2	1	17	32	21	25	0.00015701545032031152	1.4714667875231389e-05	1.543984251360636e-05	6.288662864783819e-05	1.8116739090487936e-05	8.132726089785297e-05	3.875568416701116e-05	9.189740573623606e-05	5.721197855368118e-05	7.903368152060803e-05	6.013487393153215e-05	3.824676814809149e-05	2.646167687646366e-05	6.758532647467428e-05	0.00011823168394162938	9.57941992258087e-05	4.899946854422579e-05	0.6898323366181554	2.778946953179097e-05	1.275162255546603	0.5931445046953125	7.206948493551436e-05	0.5174838710037781	0.5954353701852099	8.265266954658454e-05	0.5673500931902481	-0.3219007374704345	0.06906927047737274	-0.15997738119146607	0.5301001637385283	0.7866654065802097	0.29958471710795054	6.083720800462996e-05
D950P	missense	121	100	68	142	83	34	43	100	95	143	88	22	48	66	81	50	93	0.0003831176987815601	0.000297236291079674	0.00026633728335970973	0.00047330462613899267	0.00021740086908585523	0.0005692908262849707	0.0005684167011161637	0.0003093879326453281	0.00039231071008238524	0.0004742020891236482	0.0003822859842790258	0.0002932252224687014	0.0006483110834733597	0.00025156760410017647	0.0002937878207034427	0.00022206837093255652	0.00017715192473681632	0.6217572085840828	0.000313569767416058	0.6221337283113336	0.6491134078180979	0.0003895466790325968	0.9537931891988954	0.5859657434724683	0.000236143930118248	0.4897869958248505	-0.0006673557181663723	0.80000549827004	0.3445821218751359	1.3579402740994981	0.6885713044450266	1.078972886184769	0.0003130867921889676
D950L	missense	217	113	69	95	137	18	11	113	68	138	95	14	7	72	77	152	271	0.0006845873633965582	0.00033549442755527567	0.0002701972439881113	0.00031774296579960347	0.00035715857064104787	0.00030904359141184127	0.00015502273666804465	0.00034921014179769704	0.0002819733228717144	0.00045773673880685487	0.0004123534212447919	0.00019123384074045744	0.00010584670750585465	0.00027409604625840123	0.0002794567074983967	0.0006662051127976695	0.0005126098247703621	0.635984962903049	0.0003201483019960096	0.7586171946976087	0.6554069531582125	0.0003753184061802646	1.0028549417644477	0.7045363584153559	0.0004330919228312074	1.460966159531054	-0.2996243427592823	0.11975710319940013	-0.2568873941995225	0.37109811268988796	1.07414609866437	0.24542760794464405	0.0003761862103358272
D950I	missense	89	44	26	45	103	11	14	64	13	56	77	6	19	36	32	39	107	0.0002826278105765607	0.0001324320108770825	0.00010421893696684294	0.00015225183777897667	0.00026916298077296364	0.0001951854261548471	0.0001937784208350558	0.0001991110457618448	5.721197855368118e-05	0.0001877049936114441	0.0003350371547613934	8.924245901221346e-05	0.0002646167687646366	0.00013892539330905267	0.00011823168394162938	0.00017417127131965217	0.0002035362539529379	0.7120402765762713	0.00016451644159896645	1.4881977465194456	0.7113649411061089	0.00019476629317209088	1.4390791699855248	0.6741782358626071	0.00015871615063081803	1.2123111611010438	-0.003141974846021727	0.7943747361099196	0.47204583351393953	1.5670723436943848	1.3798626925353379	1.1807235399021523	0.00017266629513395843
D950T	missense	151	70	31	66	122	13	33	88	50	85	72	8	51	50	81	53	141	0.00047732696897374703	0.00020894828382828572	0.0001235187401088509	0.00022175811154763993	0.00031833698687571657	0.0002277163305139883	0.0004392310872261265	0.00027262897035083367	0.00020841506473126716	0.00028320402544884546	0.0003135604140715605	0.00011474030444427445	0.0006880035987880552	0.00019149175834491045	0.0002937878207034427	0.00023513121628153044	0.0002676124820492332	0.6860852611026066	0.00021814053059012327	1.2392174505051285	0.6479149353219535	0.0002694521186506267	0.9444504169004784	0.6464703401448731	0.0002470058193447792	0.9853634388161501	0.2852988935099389	1.45069469609446	0.7778747120596895	2.0688514421518085	1.0563437687405857	1.7597730691231344	0.00024486615619517636
D950G	missense	221	300	224	205	160	46	40	254	179	197	82	96	24	147	139	135	295	0.0006971485994221832	0.0008858230060889296	0.0008684911413903579	0.0006818234474449825	0.0004166849990812225	0.0007644762524398178	0.0005296610169491525	0.0007811279487580066	0.0007355825814044723	0.0006520278725450163	0.00035651389545122633	0.001236645503454958	0.00033077096095579576	0.0005557015732362107	0.0005015889621766095	0.0005921823224868174	0.0005578401034265706	0.5551533103426206	0.000713205648501373	-0.016781641116694567	0.5578088489529572	0.0006313130745396804	0.24202240928633495	0.6304936110432093	0.000551828240331552	0.854502462720275	-0.15936598907006008	0.43890174315799607	-0.5727178477299921	-0.14709075486079756	0.35991441029663845	0.14590549414859927	0.0006321156544575352
D950N	missense	83	112	112	59	90	19	19	93	81	85	48	17	11	41	45	80	92	0.00026378595653812334	0.0003325514939802294	0.0004361755510093797	0.00019858935362475217	0.00023551760817634316	0.00032530904359141186	0.0002583712277800744	0.0002879452046402063	0.0003350987315287041	0.00028320402544884546	0.00021047205876036253	0.0002294806088885489	0.00015877006125878198	0.00015769909510757332	0.00016480780185802884	0.0003526968244222957	0.00017526732979280762	0.5700581032158705	0.00030070850169767614	0.1261964952430852	0.5931753104481012	0.0002791800050945296	0.5177240193048129	0.6603618336400097	0.00021261776279517638	1.0991448258970486	-0.10005198785407819	0.5738651522146992	-0.159977381191466	0.5301001637385284	0.5810217801483156	0.5519826579766138	0.00026416875652912733
D950R	missense	244	558	457	306	197	78	48	379	261	214	141	116	55	215	248	190	261	0.0007693757065695264	0.0016450998684508693	0.0017678619678079283	0.0010161155260466487	0.000512444905702373	0.0012849707221860769	0.0006330095080611823	0.0011640338059923235	0.0010706813129331763	0.0007080100636221137	0.0006099394355912547	0.001491623957775568	0.0007409269525409825	0.0008110239176960913	0.0008921117970141126	0.0008316678205513391	0.0004937638753302753	0.5200295297444918	0.0012353805670019548	-0.3537157222902266	0.5537522684320015	0.0008881661545347171	0.21039906520508878	0.5832218270914094	0.0007571418526479545	0.4673123344804678	-0.3074829991160059	0.1018754727114072	-0.30388395687574604	0.29398998293311757	0.10799855913177665	0.1979327278222624	0.0009602295247282089
D950H	missense	77	151	134	87	58	36	21	157	110	73	36	59	14	107	86	74	102	0.00024494410249968596	0.0004473259034070342	0.0005210946848342147	0.0002912643853163032	0.00015269822947696976	0.0006018217306441119	0.00028420835055808184	0.0004839930035441766	0.0004536092585327579	0.00024368718468854142	0.00015892788110476354	0.0007649353629618298	0.00019846257657347746	0.00040551195884804567	0.00031170171220975016	0.00032657113372434784	0.00019411327923289447	0.5264331486919344	0.00035309580075863046	-0.29228732735380775	0.5144659268577597	0.0003350543319675599	-0.09586023148031853	0.5624618733431882	0.00030947452100375957	0.2972732861927599	-0.32583103109886696	0.06012625844290293	-0.5859461134637473	-0.16879461515548824	-0.030291424213788793	-0.05433417835629266	0.0003325415512433166
D950V	missense	141	40	23	66	95	17	25	80	76	136	86	10	21	54	50	93	179	0.0004459238789096847	0.00012066027657689738	9.263905508163816e-05	0.00022175811154763993	0.00024845813609812025	0.00029277813923227067	0.00033588259611409674	0.0002481229954878374	0.0003146658820452465	0.0004511505986801375	0.0003736952880030926	0.00014023814987633546	0.00029107844564110026	0.00020651071978372695	0.0001827216933643363	0.00040930248760118263	0.00033922708992156314	0.7187273140780717	0.00017087889482607393	1.5523449083019694	0.6712298876670274	0.0003469086910540785	1.126203683336917	0.6936358295685839	0.00028444049766770225	1.3716829379296267	0.05964885501343372	0.9372493404461406	0.3171438735281963	1.3129218324655807	1.3500771765228379	1.1250855864558607	0.0002674093611826182
D950S	missense	245	236	170	274	424	40	72	310	208	249	160	25	62	200	273	151	333	0.0007725160155759327	0.0006974752572859678	0.0006600532674566719	0.0009102012041134475	0.0010999448733510532	0.0006668835393623943	0.0009430549813972716	0.0009526697727989806	0.0008540931084085262	0.000823267515839667	0.0006915510502126198	0.00033147199061679287	0.0008335428216086053	0.0007547028123005295	0.00098168125454565	0.0006618508310146783	0.0006294547112989005	0.6791010102303516	0.0008419186505517851	1.172219191483603	0.5943601612193036	0.0008303953618149483	0.5269606025376867	0.5962827759642404	0.0007569224022899396	0.5742909599150693	0.15048701554664223	1.1439429973680504	0.4004810793469789	1.4496547276799023	0.7578235846454531	1.2967988625239764	0.0008097454715522244
D950M	missense	95	61	52	72	63	7	8	59	32	54	26	3	5	52	61	53	75	0.00030146966461499814	0.0001824618816528692	0.0002045779133052843	0.00024161704691011516	0.00016563875739874684	0.00013012361743656474	0.00011626705250103349	0.00018379481147247213	0.00013485680659081992	0.00018111885348472674	0.00011597439972509772	5.099569086412198e-05	7.938503062939099e-05	0.0001990012390643187	0.00022213225467821276	0.00023513121628153044	0.00014322921574466	0.622886454493464	0.0001985738998167539	0.6329663159888858	0.5930875968923641	0.00015393621781827912	0.5170402424293546	0.6008726890565053	0.00019987348144218046	0.6118856705487037	-0.048899465406696846	0.6902578869791168	0.19220513691989644	1.1079325361119206	0.587297409655648	0.8990952115455186	0.00018412786635907115
D950Y	missense	90	26	17	23	47	3	7	32	36	29	26	1	3	29	39	36	85	0.00028576811958296695	7.94592065262495e-05	6.947929131122863e-05	7.943574144990087e-05	0.00012422906804906013	6.506180871828237e-05	0.00010334849111202976	0.00010108714630985967	0.000151203086177586	9.879210190076005e-05	0.00011597439972509772	2.549784543206099e-05	5.292335375292732e-05	0.0001126422107911238	0.00014331113205045984	0.00016110842597067828	0.00016207516518474684	0.6761431797807315	8.815082683410978e-05	1.1438454268193585	0.6229260485222894	0.00011676418352832585	0.749647882748656	0.6608499318880311	0.0001447842334992522	1.1031427038581965	0.200978007809903	1.2588304826633299	0.31714387352819634	1.3129218324655807	0.9988786711420703	1.2858761575644553	0.00011656641462056262
D950_	nonsense	95	54	63	93	176	9	33	87	51	86	93	18	27	95	86	86	149	0.00030146966461499814	0.00016186134662754526	0.0002470374802177018	0.0003111233206787784	0.0004580946884309092	0.00016265452179570593	0.0004392310872261265	0.0002695657234929591	0.00021250163462795867	0.00028649709551220413	0.0004037627249688587	0.00024222953160457942	0.0003704634762704913	0.00036045507453159615	0.00031170171220975016	0.0003788225151202435	0.00028268924160130263	0.7260920390908088	0.0002945292089887336	1.6229929653449662	0.675816281709885	0.0002930817946504952	1.161957224074053	0.6094248504721321	0.0003334171358657231	0.681934063023598	0.431426929188177	1.7831952431757547	0.1845183082536054	1.0953206141230323	1.155628084147539	1.4392579286493934	0.00030700937983498396
D950A	missense	108	62	66	70	64	8	12	94	66	68	48	7	2	79	62	94	104	0.0003422936816982791	0.0001854048152279155	0.00025861736210290657	0.00023499740178929007	0.00016822686298310227	0.00014638906961613534	0.00016794129805704837	0.0002910084514980809	0.00027380018307833135	0.0002272218343717481	0.00021047205876036253	0.00010199138172824396	3.9692515314695496e-05	0.0003003792287763301	0.00022571503297947427	0.0004136567693841739	0.00019788246912091185	0.6139120488866419	0.00021181161052580361	0.5468769754987476	0.5890664837551002	0.0002506256319271307	0.48569338670384354	0.6118643391595207	0.0002844083750652226	0.701915241196874	0.05964885501343372	0.9372493404461406	-0.40985485440806596	0.12012157103120802	0.5781618677998218	0.5286854557386743	0.000248948539172719
D950C	missense	95	139	105	64	49	11	9	72	62	65	51	14	21	63	65	62	140	0.00030146966461499814	0.00041201070050647887	0.0004091558266105686	0.00021513846642681487	0.00012940527921777097	0.0001951854261548471	0.0001291856138900372	0.0002236170206248411	0.0002574539034915653	0.0002173426241816721	0.00022335810317426226	0.00019123384074045744	0.00029107844564110026	0.0002403033830210641	0.00023646336788325876	0.00027431975232845217	0.00026572788710522446	0.5132833873482865	0.0002914275681904083	-0.4184298632802866	0.6194552385077802	0.0002304429128680852	0.7225909517294237	0.6390303257140835	0.0002542035975844999	0.9244243351745203	-0.17923323390170298	0.39369570350339567	0.1824452996307401	1.0919193905275955	0.4095284745412191	0.7428075470154956	0.0002586913595476645
D950D	silent	75	46	50	67	29	4	12	85	38	77	46	11	4	55	48	47	92	0.00023866348448687351	0.00013831787802717505	0.0001968579920484811	0.00022506793410805246	7.764316753066258e-05	8.132726089785297e-05	0.00016794129805704837	0.00026343922977721003	0.00015937622597096901	0.0002568594649419761	0.00020188136248442935	0.00015298707259236595	6.615419219115915e-05	0.00021026546014343107	0.00017555613676181332	0.0002090055255835826	0.00017526732979280762	0.594858651248085	0.0001594717429285928	0.3641022594158468	0.6126368695097163	0.0002203890707936461	0.669437901325317	0.6133869761010926	0.00019252361307040865	0.7143867399088972	0.3149213601167398	1.5180978217639682	-0.3640973638473909	0.19519673224681222	0.5826423002166871	0.8566472770053902	0.00019079480893088253
D950F	missense	126	216	141	210	93	14	21	143	119	114	54	25	0	122	132	64	86	0.00039881924381359124	0.0006386165857850423	0.0005481144092330259	0.0006983725602470452	0.0002432819249294094	0.00024398178269355888	0.00028420835055808184	0.0004411075475339331	0.0004903883876029815	0.0003787030572862468	0.00023624414758816203	0.00033147199061679287	1.323083843823183e-05	0.00046183306424360754	0.000476509514067779	0.0002830283158944348	0.00016395976012875552	0.5641706858795724	0.0005320963700486306	0.06971989970267278	0.5662946787887778	0.0003866107850028308	0.3081742618939192	0.5269095994233888	0.0003463326635836442	0.00607442828082487	0.0662794339124468	0.952336596640031	-1.3988594701066028	-1.5025565972151083	0.12798952995913895	-0.2751100002875386	0.0004216799395450352
D950K	missense	78	11	9	22	23	3	1	18	20	21	16	0	0	26	34	17	34	0.0002480844115060922	3.531520290055533e-05	3.8599606284015906e-05	7.612591888948834e-05	6.211453402453006e-05	6.506180871828237e-05	2.583712277800744e-05	5.8201690299616175e-05	8.581796783052178e-05	7.24475413938907e-05	7.30209183454319e-05	1.2748922716030496e-05	1.323083843823183e-05	0.00010137798971201142	0.00012539724054415238	7.837707209384348e-05	6.596082304030395e-05	0.6944799558651747	5.303881552464741e-05	1.3197457626170896	0.6384233737854287	7.237202946736514e-05	0.8704583157238122	0.573374343973879	9.27782813475778e-05	0.3866543196485411	-0.4010819835180594	-0.11110017823393115	0.01611387786421517	0.8190163499252244	0.8589527993298143	0.35395808584564664	7.272970877986346e-05
D950E	missense	81	51	49	69	74	15	15	88	35	84	58	25	2	73	69	56	159	0.0002575053385253109	0.00015303254590240644	0.0001929980314200795	0.00023168757922887754	0.00019410791882665645	0.0002602472348731295	0.00020669698222405952	0.00027262897035083367	0.00014711651628089448	0.0002799109553854868	0.00025342554014002835	0.00033147199061679287	3.9692515314695496e-05	0.00027785078661810535	0.00025079448108830476	0.00024819406163050433	0.0003015351910413895	0.6512228226906959	0.000192956518844505	0.9047903628239191	0.6348606612389736	0.00023827049553931082	0.842684952385623	0.6329347193992536	0.00026959363009457595	0.8744969071522385	-0.10005198785407819	0.5738651522146992	-0.9217382153869403	-0.7197349284880556	0.8739907407872601	-0.0729348881366782	0.00023360688149279727
D950Q	missense	93	120	42	69	41	17	17	52	58	57	53	19	9	52	29	52	108	0.00029518904660218566	0.0003560949625805996	0.00016597830702126838	0.00023168757922887754	0.00010870043454292761	0.00029277813923227067	0.00023253410500206697	0.00016235208346735037	0.00024110762390479928	0.00019099806367480274	0.00023194879945019544	0.0002549784543206099	0.0001323083843823183	0.0001990012390643187	0.00010748334903784489	0.00023077693449853913	0.00020542084889694657	0.5269558435627314	0.0002156153208434183	-0.28727323966088153	0.6490015921616945	0.00020660164262428698	0.952921522789749	0.6489928299817989	0.00018567059287441233	1.0060244564845067	-0.10005198785407812	0.5738651522146996	-0.284916117799766	0.32511086738486816	0.5572242465377913	0.44948800979978387	0.0002026291854473725
D950W	missense	26	16	8	9	15	0	8	6	7	15	11	1	0	12	9	9	26	8.478834317296822e-05	5.002987077578672e-05	3.4739645655614314e-05	3.309822560412536e-05	4.140968934968671e-05	1.6265452179570593e-05	0.00011626705250103349	2.1442728005121748e-05	3.26925591735321e-05	5.2689121013738686e-05	5.1544177655598985e-05	2.549784543206099e-05	1.323083843823183e-05	4.881162467615364e-05	3.582778301261496e-05	4.354281782991304e-05	5.0884063488234475e-05	0.6034166186550973	3.9819357846303275e-05	0.44619680720915417	0.7120602826635624	3.959214646199788e-05	1.4444997514855709	0.634725693855337	4.476657225172903e-05	0.8891662843441843	0.8541905215852468	2.7451538783250085	-0.284916117799766	0.32511086738486816	0.9266209476796364	1.5351323728549384	4.139269218667673e-05
V951_	nonsense	107	271	238	153	40	42	7	315	119	71	36	50	17	196	185	47	81	0.0003391533726918729	0.0008004779324125875	0.00092253059018798	0.0005097126743035306	0.00010611232895857219	0.0006994144437215354	0.00010334849111202976	0.0009679860070883532	0.0004903883876029815	0.0002371010445618241	0.00015892788110476354	0.0006501950585175553	0.00023815509188817295	0.0007396838508617129	0.0006663967640346383	0.0002090055255835826	0.0001545367854087121	0.4916047252483539	0.0005847083814656676	-0.6263881175264534	0.4443177765345456	0.0004636008300894806	-0.6427048171786593	0.468693223960491	0.0004424057314721615	-0.47075982667599187	-0.8304304564417211	-1.0880420872456884	-0.4361837931304151	0.07692319421910855	-0.5799509204603682	-0.5055594465132899	0.0004969049810091032
V951E	missense	120	64	30	40	97	5	5	58	42	60	49	4	7	90	78	49	92	0.00037997738977515387	0.00019129068237800804	0.0001196587794804493	0.000135702724976914	0.0002536343472668311	9.759271307742355e-05	7.751136833402232e-05	0.0001807315646145976	0.00017572250555773506	0.00020087727386487874	0.00021476740689832912	6.374461358015247e-05	0.00010584670750585465	0.0003416813727330755	0.0002830394857996582	0.00021771408914956524	0.00017526732979280762	0.6612485443946321	0.0001750716335255506	1.0009647288201937	0.6456033060868407	0.00019302468773388511	0.926429956980452	0.5556565955036017	0.00025442556936877664	0.24153313468708168	-0.10005198785407812	0.5738651522146996	0.22023386052013996	1.1539197814169404	0.7229759401625757	0.86389246681582	0.0002075072968760708
V951T	missense	160	141	111	113	176	18	37	100	87	138	71	13	13	99	122	71	162	0.0005055897500314031	0.00041789656765657145	0.0004323155903809781	0.00037731977188702916	0.0004580946884309092	0.00030904359141184127	0.0004909053327821414	0.0003093879326453281	0.00035961815090885315	0.00045773673880685487	0.0003092650659335939	0.00017848491802442692	0.00018523173813524564	0.0003754740359704126	0.00044068173105516405	0.0003135082883753739	0.0003071889758734155	0.6298645517870575	0.00042140665458887197	0.6999055451925232	0.6335088310238048	0.0003590019720736575	0.8321466697574667	0.5961149456708613	0.0003592132578185915	0.5729163083283589	0.20097800780990308	1.2588304826633299	0.01611387786421517	0.8190163499252244	0.7016561744261164	1.038923416294277	0.00037987396149370695
V951Q	missense	152	98	72	83	131	22	23	111	47	103	101	35	37	80	55	45	156	0.00048046727798015327	0.0002913504239295815	0.0002817771258733161	0.00027802509507465306	0.0003416299371349154	0.0003741054001301236	0.0003100454733360893	0.00034308364808194797	0.00019615535504119262	0.00034247928658930147	0.0004381255100725914	0.0004589612177770978	0.0005027718606528096	0.0003041339691360342	0.00020063558487064378	0.0002002969620176	0.0002958814062093634	0.6404142203947568	0.0002981956455031165	0.8011060093364599	0.665861797205691	0.0003299609499462584	1.0843563760195458	0.621865931898703	0.00025023698055841033	0.7838355253823596	-0.08156858216006495	0.6159223965803003	0.03959497371373814	0.8575422182545733	0.8897659702461218	0.7367323074174368	0.00029279785866926175
V951C	missense	127	195	100	74	107	21	29	114	78	101	62	13	7	136	79	42	111	0.0004019595528199975	0.0005768149807090704	0.00038985602346856065	0.00024823669203094024	0.0002795154031103853	0.000357839947950553	0.0003875568416701116	0.0003522733886555716	0.00032283902183862954	0.0003358931464625841	0.0002706069326918947	0.00017848491802442692	0.00010584670750585465	0.0005143994292794653	0.0002866222641009197	0.00018723411666862608	0.00021107463372897262	0.5385520870307183	0.0003736057748297391	-0.17603323156907325	0.6023775960810649	0.00032040312241217	0.5894610508765563	0.519799371253326	0.00029983261094449593	-0.05216348716971051	0.03464658604337805	0.8803590382379981	-0.22692417082207927	0.42025932756503176	0.12042144404592418	0.650309182901515	0.00033128050272880166
V951S	missense	211	222	118	73	97	29	18	125	104	122	99	36	4	135	67	74	169	0.0006657455093581208	0.0006562741872353199	0.00045933531477978926	0.00024492686947052766	0.0002536343472668311	0.00048796356538711777	0.0002454526663910707	0.00038596910409219147	0.00042908983915260885	0.00040504761779311616	0.00042953481379665823	0.00047171014049312833	6.615419219115915e-05	0.0005106446889197612	0.00024362892448578176	0.00032657113372434784	0.00032038114048147634	0.5148561387674973	0.000403542679688117	-0.40334283263261256	0.6330816737944484	0.0004124103437086437	0.8288167370787114	0.5814802113287466	0.00035030647190284177	0.45304724071592034	-0.2984196416209116	0.12249828688614808	-0.8531178418667611	-0.6071482122678724	0.29284038172067306	-0.24232496269086218	0.00038875316509986746
V951K	missense	96	191	131	67	153	17	24	98	58	50	66	38	47	49	45	30	99	0.0003046099736214043	0.0005650432464088853	0.0005095148029490099	0.00022506793410805246	0.0003985682599907346	0.00029277813923227067	0.000322964034725093	0.000303261438929579	0.00024110762390479928	0.00016794657323129206	0.000287788325243761	0.0004972079859251893	0.0006350802450351279	0.0001877370179852063	0.00016480780185802884	0.00013498273527273044	0.00018845949440086842	0.567301077223958	0.00042454856086417055	0.09974900002652307	0.6100540048388576	0.00025002599032735784	0.6493030074707719	0.6198856939348762	0.00016899676237920852	0.7676159430636302	0.04261551571465339	0.8984915852407223	0.1062905082133032	0.9669708154866735	0.5055559835203084	0.9327312003636978	0.0002811904378569123
V951G	missense	175	79	79	110	132	19	20	99	75	64	85	22	6	78	91	80	184	0.0005526943851274966	0.00023543468600370222	0.00030879685027212725	0.0003673903042057915	0.00034421804271927075	0.00032530904359141186	0.00027128978916907815	0.00030632468578745353	0.000310579312148555	0.00021404955411831342	0.00036939993986512607	0.0002932252224687014	9.261586906762282e-05	0.000296624488416626	0.0003296156037160577	0.0003526968244222957	0.00034865006464160657	0.663315346688467	0.0003139599708002229	1.0207910721118871	0.6346529902260862	0.000300088372979862	0.8410660391501256	0.6418687581226976	0.0003318967452991465	0.947673151199994	-0.07886268878414004	0.6220794014538878	-0.5005159181391209	-0.028627713341407256	0.9365100874873354	0.2967258440562403	0.0003153150296930772
V951R	missense	250	231	102	121	140	27	32	143	120	158	109	13	21	160	127	144	214	0.0007882175606079638	0.0006827605894107364	0.0003975759447253638	0.00040379835237032945	0.00036492288739411414	0.0004554326610279766	0.0004263125258371228	0.0004411075475339331	0.000494474957499673	0.0005235981400740282	0.00047248829517632405	0.00017848491802442692	0.00029107844564110026	0.0006045131979123643	0.0004585956225614715	0.0006313708585337391	0.0004051879129618671	0.5609612560667443	0.00046226444347513595	0.03893260213215461	0.6329766143495718	0.0004829172350709896	0.827997739167255	0.59968643247951	0.0005249168979923605	0.6021693705114464	-0.02869607931840986	0.7362287843231539	0.2124085230081834	1.1410806054027394	0.489699903936952	0.9386546948629466	0.0004900328588461621
V951V	silent	142	75	46	72	71	9	26	70	25	79	84	14	11	57	60	57	172	0.00044906418791609094	0.0002236629517035171	0.00018141814953487475	0.00024161704691011516	0.0001863436020735902	0.00016265452179570593	0.00034880115750310044	0.00021749052690909202	0.00010625081731397933	0.00026344560506869345	0.0003651045917271595	0.00019123384074045744	0.00015877006125878198	0.00021777494086283933	0.00021854947637695127	0.0002525483434134957	0.00032603492531350236	0.6172334097449587	0.0002082604375555243	0.5787380009916105	0.7037622482668089	0.0002380728852547311	1.3798118707517923	0.6691886027356719	0.0002537269214916972	1.1714424540461656	0.33131177630490916	1.5553926661390511	-0.08079613514384125	0.6600142988765841	1.0433307752631895	1.1077034825078176	0.00023335341476731752
V951D	missense	102	169	128	125	72	34	28	170	91	93	58	35	18	101	94	59	153	0.00032345182765984175	0.0005002987077578672	0.0004979349210638052	0.00041703764261197956	0.00018893170765794563	0.0005692908262849707	0.0003746382802811079	0.0005238152126965456	0.0003759644304956192	0.0003095485859557148	0.00025342554014002835	0.0004589612177770978	0.0002513859303264048	0.0003829835166898209	0.00034036393861984216	0.00026125690697947825	0.0002902276213773374	0.5459110153156594	0.0004010507447728994	-0.10544078115840642	0.5500057596299446	0.000365688442321977	0.1811929058945983	0.5899586453198731	0.0003187079959166197	0.52249175221657	-0.18172203430539774	0.3880326731891663	-0.26143502195024304	0.36363673571421706	0.1994146256509206	0.37583470445169165	0.00036181572767049865
V951A	missense	134	130	121	120	76	35	24	132	85	90	50	43	41	104	93	55	123	0.0004239417158648411	0.00038552429833106237	0.000470915196664994	0.00040048852980991686	0.0001992841299953673	0.0005855562784645413	0.000322964034725093	0.00040741183209731325	0.0003514450111154701	0.0002996693757656388	0.0002190627550362957	0.0005609525995053418	0.0005556952144057369	0.00039424773776893326	0.00033678116031858065	0.00024383977984751304	0.00023368977305707685	0.5709945474129771	0.0003640530387003351	0.13517958190828333	0.5646497152958975	0.0003193972435036795	0.29535083924330996	0.5655681129722215	0.00030213961274802597	0.3227156372056878	-0.2584144799493278	0.2135262547920919	-0.0040895082240718335	0.7858682806344057	0.25108201945242703	0.4996972677132488	0.0003285299649840136
V951N	missense	88	81	50	25	27	14	18	76	24	70	37	13	2	60	43	38	101	0.0002794875015701545	0.00024132055315379477	0.0001968579920484811	8.605538657072594e-05	7.246695636195174e-05	0.00024398178269355888	0.0002454526663910707	0.00023587000805633924	0.00010216424741728782	0.00023380797449846542	0.00016322322924273012	0.00017848491802442692	3.9692515314695496e-05	0.0002290391619419517	0.00015764224525550584	0.00016981698953666088	0.0001922286842888858	0.49567151060749354	0.0001491752220337384	-0.5873764119247882	0.6103250128478642	0.00018376636480370566	0.6514156684849726	0.6085960440111583	0.00018718177025575105	0.6751455381767751	0.0026103540430695805	0.8074636173347786	-0.6528929030943603	-0.2786354513289846	0.2463949315789865	0.264414083002897	0.00017337445236439837
V951M	missense	87	126	81	83	75	13	11	80	42	45	39	7	20	71	80	36	41	0.0002763471925637483	0.00037375256403087727	0.0003165167715289304	0.00027802509507465306	0.00019669602441101187	0.0002277163305139883	0.00015502273666804465	0.0002481229954878374	0.00017572250555773506	0.00015148122291449873	0.0001718139255186633	0.00010199138172824396	0.00027784760720286846	0.0002703413058986971	0.0002902050424021812	0.00016110842597067828	7.915298764836473e-05	0.563877042635122	0.0002912476137613682	0.06690304983409671	0.5826437694951765	0.0001867851623696836	0.4356246892065626	0.5153198737893908	0.00020020194047998033	-0.08885381388298672	-0.16699877748469133	0.4215340538447083	0.43524318560619085	1.5066895584721134	0.13789130838589084	0.9641118061584109	0.00022607823887034405
V951F	missense	127	22	36	44	60	5	16	38	16	54	34	6	7	17	25	43	47	0.0004019595528199975	6.768747222606438e-05	0.00014281854325085884	0.00014894201521856415	0.00015787444064568057	9.759271307742355e-05	0.00021961554361306325	0.00011946662745710689	6.947168824375573e-05	0.00018111885348472674	0.0001503371848288304	8.924245901221346e-05	0.00010584670750585465	6.758532647467428e-05	9.31522358327989e-05	0.0001915883984516174	9.046055731241685e-05	0.691854909788967	0.00012933061783529197	1.2945643193708478	0.674063473637937	0.00013009858850360494	1.1482930918125938	0.6721620770714913	0.00011069662951787686	1.1957973612055317	0.35224568314055216	1.6030257944644513	0.07410582484190192	0.914164810105388	1.2128849241296578	1.2585953022849197	0.0001233752786189246
V951Y	missense	84	234	225	189	36	47	18	171	118	100	32	45	18	108	109	52	36	0.0002669262655445296	0.0006915893901358753	0.0008723511020187594	0.0006288662864783819	9.575990662115051e-05	0.0007807417046193884	0.0002454526663910707	0.0005268784595544201	0.00048630181770629007	0.0003326000763992255	0.00014174648855289722	0.0005864504449374028	0.0002513859303264048	0.0004092666992077498	0.0003941056131387646	0.00023077693449853913	6.973001292832132e-05	0.5140695823301412	0.0005721416713135417	-0.4108880816348171	0.5149937788379478	0.0003718817105532082	-0.09174532615372008	0.49116077720751344	0.0002759698149433437	-0.2867343024474299	-0.5025396242768364	-0.34195745966726215	-0.36789035286452987	0.18897350500114127	-0.2631225700786557	-0.07649197733306044	0.00040666439893669785
V951L	missense	228	211	131	125	130	29	35	130	56	113	97	27	28	73	87	75	151	0.0007191307624670268	0.0006239019179098108	0.0005095148029490099	0.00041703764261197956	0.00033904183155055996	0.00048796356538711777	0.00046506821000413394	0.0004012853383815642	0.00023293448411141625	0.0003754099872228882	0.00042094411752072506	0.00035696983604885385	0.0003836943147087231	0.00027785078661810535	0.0003152844905110117	0.00033092541550733913	0.00028645843148932	0.5623472263459575	0.00047237404875534006	0.052227885686721334	0.6426023619518649	0.0003576434818091484	0.9030358967716883	0.6292816196356992	0.00030262978103144406	0.8445753757929466	-0.020870741806453322	0.7540346009260032	0.03135384442095206	0.8440208449739703	0.5999463860837854	0.7990277229499867	0.00037754910386531086
V951W	missense	39	7	1	10	4	0	0	8	7	7	8	0	0	7	19	14	30	0.00012561236025624922	2.3543468600370222e-05	7.71992125680318e-06	3.64080481645379e-05	1.2940527921777098e-05	1.6265452179570593e-05	1.291856138900372e-05	2.756922172087082e-05	3.26925591735321e-05	2.6344560506869343e-05	3.865813324169924e-05	1.2748922716030496e-05	1.323083843823183e-05	3.003792287763301e-05	7.165556602522992e-05	6.531422674486956e-05	5.8422443264269213e-05	0.6201609306826849	2.01529914858721e-05	0.6068210137103951	0.651861901561223	3.1316118660742876e-05	0.9752192555360482	0.6687010193422662	5.635753972800042e-05	1.1674487931169981	-0.10005198785407819	0.5738651522146992	0.01611387786421517	0.8190163499252244	0.916496354121147	0.6964407510699618	3.5942216624871804e-05
V951P	missense	126	67	49	72	117	23	29	73	28	56	68	17	17	68	52	46	103	0.00039881924381359124	0.00020011948310314688	0.0001929980314200795	0.00024161704691011516	0.0003053964589539395	0.0003903708523096942	0.0003875568416701116	0.00022668026748271563	0.00011851052700405388	0.0001877049936114441	0.00029637902151969416	0.0002294806088885489	0.00023815509188817295	0.0002590770848195847	0.0001898872499668593	0.00020465124380059132	0.00019599787417690315	0.6734573340230121	0.00023503275509682026	1.1180807466755813	0.6669479051893771	0.00020731870240447693	1.0928232032648237	0.599330438517846	0.00021240336319098462	0.5992535222792355	-0.003141974846021727	0.7943747361099196	0.01611387786421517	0.8190163499252244	0.9367191574065469	0.806695543017572	0.00021825160689742723
V951H	missense	96	102	80	101	52	25	31	118	65	89	45	13	44	80	68	70	127	0.0003046099736214043	0.0003031221582297666	0.0003126568109005288	0.0003376019011620787	0.00013716959597083722	0.0004229017566688354	0.00041339396444811904	0.00036452637608706974	0.00026971361318163983	0.0002963763057022801	0.00019758601434646277	0.00017848491802442692	0.0005953877297204324	0.0003041339691360342	0.00024721170278704324	0.00030915400659238263	0.00024122815283311158	0.5707942787673457	0.00027263761656580286	0.13325845237852896	0.5724652740929904	0.00028205057732936313	0.35627754925212624	0.6106163267487478	0.0002754319578371429	0.6916931161790255	-0.009875357504990129	0.7790535596674711	0.5231983559613208	1.6509992335274208	0.39374303926989357	1.215026396597446	0.00027670671724410297
V951I	missense	83	27	23	73	104	11	20	41	11	59	34	10	22	24	14	45	71	0.00026378595653812334	8.240214010129577e-05	9.263905508163816e-05	0.00024492686947052766	0.000271751086357319	0.0001951854261548471	0.00027128978916907815	0.00012865636803073048	4.9038838760298155e-05	0.0001975842038015201	0.0001503371848288304	0.00014023814987633546	0.0003043092840793321	9.386850899260315e-05	5.3741674518922446e-05	0.0002002969620176	0.00013569083596862527	0.7551710839045664	0.00017292978775269516	1.9019413324876924	0.6757945851824493	0.00013140414885534478	1.1617880873469693	0.6953120874244202	0.00012089949537443771	1.385412703127953	0.14298606083221632	1.1268752831912145	0.336449028723583	1.3445961577143413	1.4830473743208714	1.235735720452778	0.00014174447732749254
V952P	missense	150	68	48	87	115	23	22	107	39	100	73	21	11	76	67	94	203	0.0004741866599673408	0.00020306241667819314	0.00018913807079167793	0.0002912643853163032	0.00030022024778522866	0.0003903708523096942	0.0002971269119470856	0.0003308306606504498	0.00016346279586766053	0.0003326000763992255	0.0003178557622095271	0.0002804762997526709	0.00015877006125878198	0.00028911500769721775	0.00024362892448578176	0.0004136567693841739	0.0003844573685777716	0.675015980674931	0.0002459212801428507	1.1330324736421953	0.6392184609506972	0.00028618732378171577	0.8766564707639952	0.6678346697678272	0.00033271451753623626	1.1603527629953179	-0.11853539354809126	0.5318079078490987	-0.24712755691036625	0.38711125827421305	1.0566805691338361	0.4594595830616559	0.0002882743738202676
V952D	missense	65	113	126	136	38	28	24	92	77	50	20	35	22	53	62	27	71	0.00020726039442281122	0.00033549442755527567	0.0004902149998070019	0.0004534456907765175	0.00010093611778986136	0.0004716981132075472	0.000322964034725093	0.0002848819577823318	0.00031875245194193803	0.00016794657323129206	9.020231089729822e-05	0.0004589612177770978	0.0003043092840793321	0.00020275597942402283	0.00022571503297947427	0.00012191988992375652	0.00013569083596862527	0.5579352093678351	0.00034502280898216414	0.009904455198009558	0.5184121802129044	0.00021544582346321502	-0.06509695018050327	0.5694325368979613	0.00017152043457396973	0.35436806642024393	-0.16450997708099666	0.42719708415893753	-0.1784607868854792	0.499774098097944	0.09972519047925006	0.4634855911284408	0.00024399635567311632
V952_	nonsense	60	103	114	77	55	29	9	155	83	74	24	27	3	110	73	36	50	0.00019155884939078005	0.0003060650918048129	0.0004438954722661829	0.00025816615971217783	0.00014493391272390349	0.00048796356538711777	0.0001291856138900372	0.00047786650982842754	0.0003432718713220871	0.00024698025475190013	0.00010738370344916456	0.00035696983604885385	5.292335375292732e-05	0.000416776179927158	0.0002651255942933507	0.00016110842597067828	9.61143421444429e-05	0.5524623089398315	0.0002882651591267693	-0.04259577813854284	0.4965719234155056	0.00029387558483789483	-0.23535412909241155	0.48311217873461726	0.00023478113558390748	-0.3526581499173905	-0.5771732425737406	-0.511779210840455	-0.8289841621500417	-0.5675516375156809	-0.21020268571611492	-0.539665424178068	0.0002723072931828572
V952L	missense	153	207	164	249	142	42	38	306	147	219	91	53	32	225	220	114	241	0.0004836075869865595	0.0006121301836096258	0.0006368935036862624	0.0008274556401031341	0.000370099098562825	0.0006994144437215354	0.0005038238941711451	0.0009404167853674824	0.000604812344710344	0.000724475413938907	0.00039517202869292553	0.0006884418266656468	0.00043661766846165044	0.0008485713212931326	0.0007917940045787907	0.0005007424050440001	0.0004560719764501016	0.5976387721194246	0.0006116446064904619	0.3907712983229533	0.5538864249698833	0.0006662191431774148	0.21144489144624604	0.5543199836201729	0.0006492949268415061	0.2305853158554645	-0.1424558364071654	0.477379198805325	-0.19776594208086584	0.4680997728491834	0.27760050187488794	0.4727394858272542	0.0006423862255031276
V952R	missense	252	166	120	191	305	21	59	163	139	204	190	38	54	140	109	140	319	0.0007944981786207763	0.0004914699070327284	0.0004670552360365924	0.0006354859315992069	0.0007919603088127583	0.000357839947950553	0.0007751136833402232	0.0005023724846914238	0.0005721197855368119	0.0006750793629885269	0.0008204114943516172	0.0004972079859251893	0.0007276961141027507	0.0005294183907182819	0.0003941056131387646	0.000613953731401774	0.000603070382082779	0.6810516938881749	0.0005964928458703215	1.1909316362921187	0.6764145693746471	0.000642495781892095	1.166621215478784	0.6507413094796455	0.0005351370293353999	1.020345769208524	0.33567658170735926	1.5653243686866285	0.1654119603319598	1.063972475645969	1.1259662069931424	1.3146484221662988	0.0005913752190326054
V952M	missense	101	72	63	101	67	31	23	105	64	81	43	45	6	79	70	77	128	0.0003203115186534355	0.00021483415097837827	0.0002470374802177018	0.0003376019011620787	0.0001759911797361685	0.000520494469746259	0.0003100454733360893	0.00032470416693470075	0.0002656270432849483	0.00027003174519541075	0.00018899531807052962	0.0005864504449374028	9.261586906762282e-05	0.0003003792287763301	0.0002543772593895662	0.00033963397907332176	0.00024311274777712025	0.621672804707806	0.00024386617802358185	0.6213240619822387	0.5770276040536239	0.00026233956837139736	0.39184349683087644	0.6154898375042581	0.00028437580375408457	0.7316106969567715	-0.22499072446237806	0.28957885437259306	-0.801545913803102	-0.5225331958817635	0.5815927519232955	-0.11647717075458522	0.0002635271833830213
V952E	missense	61	2	6	17	35	2	10	18	13	48	29	5	11	7	22	41	111	0.0001946991583971863	8.828800725138832e-06	2.7019724398811132e-05	5.957680608742565e-05	9.31718010367951e-05	4.8796356538711774e-05	0.00014210417527904092	5.8201690299616175e-05	5.721197855368118e-05	0.00016136043310457473	0.00012886044413899745	7.649353629618297e-05	0.00015877006125878198	3.003792287763301e-05	8.240390092901442e-05	0.0001828798348856348	0.00021107463372897262	0.8142831555941867	4.714928306204268e-05	2.468989390009929	0.7224167261858238	0.00010140863652421738	1.52523409788166	0.7838642324555323	0.0001265990731053137	2.110718869391237	0.46421944258448444	1.8578115109838818	0.31714387352819634	1.3129218324655807	2.034980785760942	1.5853666717247312	9.171899756385793e-05
V952C	missense	69	94	70	92	95	23	11	70	54	79	71	8	9	80	50	77	113	0.0002198216304484361	0.0002795786896293964	0.00027405720461651294	0.0003078134981183659	0.00024845813609812025	0.0003903708523096942	0.00015502273666804465	0.00021749052690909202	0.0002247613443180332	0.00026344560506869345	0.0003092650659335939	0.00011474030444427445	0.0001323083843823183	0.0003041339691360342	0.0001827216933643363	0.00033963397907332176	0.00021484382361699	0.6182871246518901	0.00027747688211559885	0.5888460377103201	0.6636723480866635	0.00025374063555735313	1.0672883793455696	0.6116807614278691	0.0002603333662976706	0.7004116066919309	-0.40108198351805935	-0.11110017823393102	0.061871368424890265	0.8940915111408287	0.7855153412492735	0.39149566645344885	0.0002638502946568742
V952I	missense	55	81	52	48	42	2	14	48	46	40	35	7	30	46	50	30	58	0.0001758573043587489	0.00024132055315379477	0.0002045779133052843	0.0001621813054602143	0.00011128854012728304	4.8796356538711774e-05	0.0001937784208350558	0.00015009909603585223	0.0001920687851445011	0.00013501587259770538	0.00015463253296679695	0.00010199138172824396	0.00041015599158518673	0.00017647279690609393	0.0001827216933643363	0.00013498273527273044	0.00011119110169651236	0.5498485373066094	0.0001798420780116441	-0.06766906833225388	0.6164032364578177	0.0001579540716862139	0.6987988661381104	0.5747033391160732	0.00015134208180991827	0.3975397518560696	0.5989180164819407	2.1643053970071806	0.6043855847065442	1.784204621585438	0.3428898498873087	1.9742550092963094	0.00016304607716925875
V952V	silent	125	128	63	79	143	9	21	80	70	112	106	4	22	74	65	83	244	0.000395678934807185	0.0003796384311809698	0.0002470374802177018	0.0002647858048330029	0.0003726872041471804	0.00016265452179570593	0.00028420835055808184	0.0002481229954878374	0.00029014646266509745	0.0003721169171595295	0.0004596022507624243	6.374461358015247e-05	0.0003043092840793321	0.00028160552697780946	0.00023646336788325876	0.0003657596697712696	0.00046172576128212763	0.6246929400053263	0.0003160372300947137	0.6502955022475264	0.6903662562121732	0.0003424971565187221	1.2753825209915708	0.687210141937771	0.00033638858147861636	1.3190519050001261	0.24237069296812808	1.3530156292465552	0.6788717095457892	1.9064153845034084	1.081576642746408	1.6297155068749818	0.0003316409893640174
V952N	missense	54	14	46	28	54	2	8	18	14	36	30	4	15	29	33	26	59	0.00017271699535234268	4.414400362569416e-05	0.00018141814953487475	9.598485425196355e-05	0.00014234580713954806	4.8796356538711774e-05	0.00011626705250103349	5.8201690299616175e-05	6.129854845037269e-05	0.00012184359234427071	0.00013315579227696404	6.374461358015247e-05	0.0002116934150117093	0.0001126422107911238	0.00012181446224289088	0.00011756560814076522	0.00011307569664052105	0.6813632666580048	0.00011597320363802014	1.193920479837251	0.7202628961468378	9.36249058428059e-05	1.508443772122434	0.6242075872465133	0.00011627449445382523	0.8030153776878398	0.37706926686558434	1.659509515269854	0.5212638561841212	1.6478252639572968	1.168459876549175	1.6536673896135754	0.00010862420131155042
V952T	missense	83	189	151	149	55	43	17	115	106	78	28	69	5	117	124	42	79	0.00026378595653812334	0.0005591573792587928	0.0005867140155170418	0.0004964733840618805	0.00014493391272390349	0.000715679895901106	0.00023253410500206697	0.0003553366355134461	0.00043726297894599187	0.0002601525350053348	0.0001245650960010309	0.0008924245901221347	7.938503062939099e-05	0.0004430593624450869	0.00044784728765768703	0.00018723411666862608	0.00015076759552069474	0.5317778966598089	0.00044681967289040463	-0.2410164301157169	0.5326900187878081	0.0002943293113664509	0.04620689295985105	0.5092988921443403	0.0003072270905730237	-0.1381700118427182	-0.48823215923695945	-0.3094021739479589	-1.050832911766398	-0.9315429849179813	-0.11099318299952803	-0.6204725794329701	0.00034945869160995976
V952Y	missense	60	179	148	68	247	22	35	78	54	77	80	22	20	51	61	66	160	0.00019155884939078005	0.00052972804350833	0.000575134133631837	0.000228377756668465	0.000641850184920144	0.0003741054001301236	0.00046506821000413394	0.0002419965017720883	0.0002247613443180332	0.0002568594649419761	0.00034792319917529316	0.0002932252224687014	0.00027784760720286846	0.00019524649870461457	0.00022213225467821276	0.00029173687946041743	0.00030341978598539816	0.6243424380595721	0.000493772529682194	0.6469332203680952	0.6658148606493002	0.0002678851275518477	1.083990478962882	0.6736556419775048	0.00025313385470716074	1.208030738902542	0.09452267689561628	1.0166014291868242	-0.023394663419458436	0.7541939553856453	0.9796514794111731	0.8853976922862348	0.00033826383731373413
V952F	missense	57	23	16	23	15	10	4	36	11	52	21	1	9	24	19	29	42	0.00018213792237156137	7.063040580111066e-05	6.561933068282704e-05	7.943574144990087e-05	4.140968934968671e-05	0.0001789199739752765	6.45928069450186e-05	0.00011334013374135781	4.9038838760298155e-05	0.0001745327133580094	9.449765903526481e-05	2.549784543206099e-05	0.0001323083843823183	9.386850899260315e-05	7.165556602522992e-05	0.00013062845348973912	8.103758259237342e-05	0.5890961072083472	6.427379182088132e-05	0.3088235437369735	0.6449828919144731	0.00010785233622373254	0.9215934769095377	0.6317870642883826	9.42975277749864e-05	0.8650967810642046	-0.4424746686762843	-0.20528532481715614	0.715083882200234	1.9658293660545776	0.6985046005702387	0.8802720206187107	8.880788527320008e-05
V952A	missense	45	8	5	22	44	0	11	11	9	41	31	2	1	16	16	29	78	0.0001444542142946866	2.6486402175416498e-05	2.315976377040954e-05	7.612591888948834e-05	0.00011646475129599387	1.6265452179570593e-05	0.00015502273666804465	3.6758962294494424e-05	4.086569896691513e-05	0.00013830894266106405	0.00013745114041493063	3.824676814809149e-05	2.646167687646366e-05	6.383058611497015e-05	6.090723112144544e-05	0.00013062845348973912	0.00014888300057668604	0.7916247419456147	6.055920903282706e-05	2.251632611965992	0.7663189818099522	8.834618608435105e-05	1.8674770604883917	0.7254573442725085	0.0001010623178257102	1.6323241773539814	0.9791292581935467	3.029440176167115	-0.15997738119146607	0.5301001637385283	1.9171446166027881	1.7797701699528217	8.332257098096276e-05
V952S	missense	113	126	79	129	109	28	29	164	112	118	100	10	13	123	126	71	141	0.00035799522673031026	0.00037375256403087727	0.00030879685027212725	0.00043027693285362974	0.0002846916142790961	0.0004716981132075472	0.0003875568416701116	0.0005054357315492984	0.000461782398326141	0.0003918753375396815	0.0004338301619346248	0.00014023814987633546	0.00018523173813524564	0.00046558780460331166	0.00045501284426021	0.0003135082883753739	0.0002676124820492332	0.6119677196738714	0.00034937949035893263	0.5282254873716818	0.6051494772999796	0.00044823090733743645	0.6110694358414953	0.5637843748762925	0.0003754303548220322	0.30810553104144417	-0.0853287310333718	0.6073665328702413	0.1208492283842281	0.9908575769880658	0.48246681808487374	0.7991120549291535	0.0003910135841728004
V952W	missense	83	44	30	85	129	12	36	63	55	52	60	29	3	49	67	44	114	0.00026378595653812334	0.0001324320108770825	0.0001196587794804493	0.0002846447401954781	0.00033645372596620454	0.0002114508783344177	0.00047798677139313764	0.00019604779890397027	0.00022884791421472472	0.0001745327133580094	0.0002620162364159615	0.0003824676814809149	5.292335375292732e-05	0.0001877370179852063	0.00024362892448578176	0.00019594268023460871	0.00021672841856099868	0.7362374980825958	0.0002182973141298036	1.7203159426916474	0.6458356551883863	0.00021536116572316649	0.9282412499024555	0.630818458722091	0.00021100926031664886	0.857163200351265	0.35420638390608006	1.607487183917713	-0.8589473855274848	-0.6167128523908246	1.1685734643151227	0.49538716576344416	0.00021488924672320633
V952G	missense	96	78	55	91	68	17	17	68	37	59	42	6	9	90	65	57	68	0.0003046099736214043	0.00023249175242865593	0.00021615779519048906	0.00030450367555795335	0.00017857928532052393	0.00029277813923227067	0.00023253410500206697	0.00021136403319334295	0.0001552896560742775	0.0001975842038015201	0.00018469996993256303	8.924245901221346e-05	0.0001323083843823183	0.0003416813727330755	0.00023646336788325876	0.0002525483434134957	0.00013003705113659922	0.6151538906972248	0.00023293312712440557	0.5587896689015168	0.6187081492475213	0.0001872344657504259	0.7167669675598687	0.5444820732421406	0.0002401825337916073	0.15000570868925334	-0.10005198785407812	0.5738651522146996	0.17101583784995833	1.0731668611540284	0.4751874483835463	0.823516006684364	0.0002201167088888129
V952K	missense	66	40	33	31	93	13	21	66	42	44	56	19	16	55	33	42	128	0.00021040070342921743	0.00012066027657689738	0.00013123866136565408	0.00010591432193320116	0.0002432819249294094	0.0002277163305139883	0.00028420835055808184	0.00020523753947759388	0.00017572250555773506	0.00014818815285114005	0.00024483484386409517	0.0002549784543206099	0.00022492425344994112	0.00021026546014343107	0.00012181446224289088	0.00018723411666862608	0.00024311274777712025	0.6962326047280086	0.0001502737962012905	1.336558506694253	0.6397383010237707	0.00019349576043764104	0.8807089187341763	0.6518815183566795	0.00019060669670801705	1.0296849052514776	0.09624265728989004	1.0205150821652602	-0.05446719642149207	0.7032126756886837	1.082317443559969	0.8618638789269719	0.0001781254177823162
V952Q	missense	37	6	6	6	22	3	4	18	6	24	31	4	0	17	9	17	76	0.00011933174224343676	2.0600535025323943e-05	2.7019724398811132e-05	2.3168757922887753e-05	5.952642844017465e-05	6.506180871828237e-05	6.45928069450186e-05	5.8201690299616175e-05	2.860598927684059e-05	8.23267515839667e-05	0.00013745114041493063	6.374461358015247e-05	1.323083843823183e-05	6.758532647467428e-05	3.582778301261496e-05	7.837707209384348e-05	0.0001451138106886687	0.7333205381818627	3.257886144679937e-05	1.692334239491227	0.743836770088115	7.664639289383853e-05	1.6922154791357342	0.7302047192100887	8.172599806745035e-05	1.671208614479484	-0.0031419748460217757	0.7943747361099195	-0.6828561264718036	-0.32779666620412845	1.6852527777021484	0.23328903495289552	6.365041746936275e-05
V952H	missense	32	19	13	20	23	5	2	26	12	25	20	4	1	30	23	20	50	0.00010363019721140561	5.8858671500925554e-05	5.4039448797622264e-05	6.950627376866327e-05	6.211453402453006e-05	9.759271307742355e-05	3.875568416701116e-05	8.270766516261246e-05	5.312540865698967e-05	8.561982164732537e-05	9.020231089729822e-05	6.374461358015247e-05	2.646167687646366e-05	0.00011639695115082791	8.59866792302759e-05	9.14399174428174e-05	9.61143421444429e-05	0.6379000302444822	6.112973202293529e-05	0.7769879806461354	0.647050951288353	7.791380159105643e-05	0.9377151717268374	0.6072424961026781	9.748447249209103e-05	0.6640590010408478	-0.40108198351805935	-0.11110017823393102	-0.38182613080782246	0.1661088163362278	0.7929207178046068	0.027504319051148383	7.884266870202758e-05
N953K	missense	19	2	1	5	18	2	4	9	5	18	11	4	0	21	6	26	20	6.280618012812461e-05	8.828800725138832e-06	7.71992125680318e-06	1.9858935362475217e-05	4.917400610275297e-05	4.8796356538711774e-05	6.45928069450186e-05	3.063246857874535e-05	2.4519419380149078e-05	6.256833120381469e-05	5.1544177655598985e-05	6.374461358015247e-05	1.323083843823183e-05	8.260428791349079e-05	2.5079448108830473e-05	0.00011756560814076522	3.957649382418237e-05	0.8195139660680988	2.1395415861792547e-05	2.5191673119422378	0.699427966652085	4.231609920457703e-05	1.3460236892675648	0.6077258064610797	6.620645949681722e-05	0.6680176627202955	0.1217967617622782	1.0786610339520262	-0.6828561264718036	-0.32779666620412845	1.511069554643366	0.37543218387394883	4.330599152106226e-05
N953Y	missense	33	11	18	36	34	2	8	31	14	23	17	2	2	23	29	18	33	0.00010677050621781183	3.531520290055533e-05	7.333925193963022e-05	0.00012246343473526383	9.058369545243968e-05	4.8796356538711774e-05	0.00011626705250103349	9.802389945198513e-05	6.129854845037269e-05	7.903368152060803e-05	7.731626648339847e-05	3.824676814809149e-05	3.9692515314695496e-05	9.011376863289904e-05	0.00010748334903784489	8.273135387683478e-05	6.407622809629526e-05	0.7085128230844177	8.042539625697227e-05	1.4543597233647454	0.6074233262033898	7.891809897659108e-05	0.628795376665262	0.5876657908279174	8.610117491096849e-05	0.5037116142450317	0.37706926686558434	1.659509515269854	0.01611387786421517	0.8190163499252244	0.8622889047583464	1.2392629325975393	8.181489004817728e-05
N953D	missense	40	23	22	24	40	7	9	13	5	37	35	6	15	28	14	22	46	0.00012875266926265546	7.063040580111066e-05	8.877909445323657e-05	8.274556401031341e-05	0.00010611232895857219	0.00013012361743656474	0.0001291856138900372	4.2885456010243496e-05	2.4519419380149078e-05	0.00012513666240762937	0.00015463253296679695	8.924245901221346e-05	0.0002116934150117093	0.00010888747043141967	5.3741674518922446e-05	0.0001001484810088	8.857596236840816e-05	0.6610399225506517	8.70668483058082e-05	0.9989634690435623	0.7819308131713838	8.679351769120473e-05	1.9891801333919295	0.6198315179559183	8.783839708188758e-05	0.7671722025806893	-0.0031419748460217757	0.7943747361099195	0.3751358205058831	1.4080702926457445	1.2517719350053937	1.101222514377832	8.723292102630017e-05
N953P	missense	29	34	16	10	6	2	2	17	9	12	4	0	0	19	11	10	13	9.420927019218691e-05	0.00010300267512661972	6.561933068282704e-05	3.64080481645379e-05	1.8116739090487936e-05	4.8796356538711774e-05	3.875568416701116e-05	5.513844344174164e-05	4.086569896691513e-05	4.2809910823662684e-05	2.1476740689832912e-05	1.2748922716030496e-05	1.323083843823183e-05	7.509480719408253e-05	4.299333961513795e-05	4.789709961290435e-05	2.6384329216121578e-05	0.46598522841830187	5.578669826611815e-05	-0.8721498629184533	0.5477646719631016	4.007269848053809e-05	0.1637223574761202	0.5332315424180583	4.8092393909561605e-05	0.057855717544769016	-0.10005198785407812	0.5738651522146996	0.01611387786421517	0.8190163499252244	-0.21685726263252136	0.696440751069962	4.798393021873928e-05
N953H	missense	20	3	3	2	4	1	2	3	1	9	10	0	0	8	5	6	5	6.594648913453083e-05	1.1771734300185111e-05	1.543984251360636e-05	9.929467681237608e-06	1.2940527921777098e-05	3.2530904359141185e-05	3.875568416701116e-05	1.2252987431498142e-05	8.173139793383025e-06	3.293070063358668e-05	4.7248829517632405e-05	1.2748922716030496e-05	1.323083843823183e-05	3.379266323733714e-05	2.1496669807568976e-05	3.047997248093913e-05	1.1307569664052106e-05	0.619998175299603	1.2520393104201545e-05	0.6052597399943859	0.786205008846536	2.5151414344025064e-05	2.022499910925661	0.5497091828871389	2.4269218797474334e-05	0.19281952032441493	0.07603927120160313	0.9745441848212235	0.01611387786421517	0.8190163499252244	0.9401930570814873	0.8967802673732239	2.064700874856698e-05
N953S	missense	107	130	142	155	135	25	37	126	56	79	93	47	21	69	78	81	134	0.0003391533726918729	0.00038552429833106237	0.0005519743698614274	0.0005163323194243557	0.000351982359472337	0.0004229017566688354	0.0004909053327821414	0.00038903235095006603	0.00023293448411141625	0.00026344560506869345	0.0004037627249688587	0.0006119482903694638	0.00029107844564110026	0.0002628318251792889	0.0002830394857996582	0.00035705110620528696	0.00025442031744117235	0.6155674174996477	0.0004514533367722956	0.5627565332550202	0.6322432208046683	0.0003222937912747586	0.8222805208604478	0.6302682208705301	0.0002893356836563516	0.8526563540573857	0.06475826079191409	0.948875310840664	-0.3227046786891659	0.26311047649552305	0.7458978027242846	0.6059928936680935	0.0003543609372344686
N953_	nonsense	29	182	124	35	5	18	2	79	52	26	6	33	5	54	29	15	33	9.420927019218691e-05	0.0005385568442334688	0.0004824950785501988	0.0001191536121748513	1.5528633506132516e-05	0.00030904359141184127	3.875568416701116e-05	0.0002450597486299628	0.00021658820452465018	8.891289171068403e-05	3.0067436965766077e-05	0.00043346337234503684	7.938503062939099e-05	0.00020651071978372695	0.00010748334903784489	6.966850852786088e-05	6.407622809629526e-05	0.41599582852987405	0.0002889335421161628	-1.351686297578935	0.45866030557236886	0.00014515707045776577	-0.5308966752188656	0.49514797748286254	0.000111934701361432	-0.2540762460579285	-0.9016843340872447	-1.2501735576978608	-0.7372137887943963	-0.41698228832124773	-0.7122197396185764	-0.8335779230095542	0.00018200843797845352
N953T	missense	53	29	17	39	15	5	2	54	13	42	18	2	2	65	37	36	40	0.00016957668634593644	8.828800725138832e-05	6.947929131122863e-05	0.00013239290241650144	4.140968934968671e-05	9.759271307742355e-05	3.875568416701116e-05	0.00016847857718309945	5.721197855368118e-05	0.00014160201272442273	8.161161462136506e-05	3.824676814809149e-05	3.9692515314695496e-05	0.00024781286374047235	0.00013614557544793687	0.00016110842597067828	7.726839270435605e-05	0.5956994871719358	8.289247258220128e-05	0.37216819863411665	0.575933055383767	0.0001122260457706421	0.38331086965344335	0.5272491180524607	0.00015558381446586087	0.008855331613438416	-0.40108198351805935	-0.11110017823393102	0.01611387786421517	0.8190163499252244	0.25477813330033283	0.3539580858456467	0.00011690077760623476
N953N	silent	26	17	18	12	14	3	3	25	12	15	6	3	2	21	14	10	9	8.478834317296822e-05	5.2972804350832996e-05	7.333925193963022e-05	4.302769328536297e-05	3.882158376533129e-05	6.506180871828237e-05	5.167424555601488e-05	7.964441830473792e-05	5.312540865698967e-05	5.2689121013738686e-05	3.0067436965766077e-05	5.099569086412198e-05	3.9692515314695496e-05	8.260428791349079e-05	5.3741674518922446e-05	4.789709961290435e-05	1.8845949440086843e-05	0.5813047929922721	5.204033333528937e-05	0.23408331783238015	0.5384866760623995	5.388159623530809e-05	0.09139512146129777	0.5036741409071777	5.077225287135111e-05	-0.18424079595051998	-0.10005198785407819	0.5738651522146992	-0.10882485874408475	0.6140270535715644	0.047079214447719314	0.5939461028931319	5.223139414731619e-05
N953V	missense	47	132	88	56	51	7	17	57	49	38	18	8	1	31	34	18	25	0.00015073483230749907	0.00039141016548115495	0.00034353649592774155	0.00018865988594351458	0.00013458149038648182	0.00013012361743656474	0.00023253410500206697	0.00017766831775672305	0.00020432849483457564	0.00012842973247098805	8.161161462136506e-05	0.00011474030444427445	2.646167687646366e-05	0.00012015169151053205	0.00012539724054415238	8.273135387683478e-05	4.899946854422579e-05	0.5156901937242723	0.00026454700943472325	-0.3953419416202085	0.5481323045198224	0.00014800953992091296	0.1665882615982232	0.5401416977296676	9.431993861893625e-05	0.11445489146185833	0.2521305302572843	1.3752232174277472	-0.6370986359111285	-0.2527215049885242	-0.038099596186708995	0.5612508562196115	0.0001689588293248575
N953C	missense	36	15	23	38	54	4	6	24	13	29	25	3	10	17	13	11	28	0.00011619143323703052	4.7086937200740445e-05	9.263905508163816e-05	0.00012908307985608892	0.00014234580713954806	8.132726089785297e-05	9.042992972302605e-05	7.658117144686338e-05	5.721197855368118e-05	9.879210190076005e-05	0.00011167905158713113	5.099569086412198e-05	0.00014553922282055013	6.758532647467428e-05	5.0158896217660946e-05	5.225138139589565e-05	5.4653253376251844e-05	0.722962060901688	0.0001027887198195039	1.592967828321397	0.6783288531077751	8.606607587210893e-05	1.1815441420296369	0.6045771640398642	5.6162214366120675e-05	0.6422280021461402	0.0460760478241599	0.9063656992959943	0.4554465716944778	1.539837627762932	1.1389133241657248	1.2231016635294631	8.167233668591117e-05
N953G	missense	103	30	43	48	33	13	15	53	17	63	47	14	3	59	43	53	78	0.00032659213666624793	9.12309408264346e-05	0.00016983826764966996	0.0001621813054602143	8.799558986808426e-05	0.0002277163305139883	0.00020669698222405952	0.0001654153303252249	7.355825814044724e-05	0.00021075648405495474	0.00020617671062239594	0.00019123384074045744	5.292335375292732e-05	0.0002252844215822476	0.00015764224525550584	0.00023513121628153044	0.00014888300057668604	0.6207547316900556	0.0001278115259511008	0.6125172056752496	0.6744510754947932	0.0001639766957857557	1.1513146679461321	0.6002726554262683	0.00019173522092399249	0.606970960782799	-0.042060040876391376	0.7058203516868148	-0.5579173898635037	-0.12280736985046839	0.7902676114680602	0.2915064909181732	0.00016117448088694966
N953I	missense	17	2	10	22	119	3	21	8	1	16	31	3	4	24	7	16	41	5.652556211531215e-05	8.828800725138832e-06	4.245956691241749e-05	7.612591888948834e-05	0.0003105726701226503	6.506180871828237e-05	0.00028420835055808184	2.756922172087082e-05	8.173139793383025e-06	5.5982191077097355e-05	0.00013745114041493063	5.099569086412198e-05	6.615419219115915e-05	9.386850899260315e-05	2.866222641009197e-05	7.402279031085218e-05	7.915298764836473e-05	0.8929583107198961	0.00010949673916242374	3.2237014583593755	0.8308763313936763	5.729392325157046e-05	2.3707381860381536	0.625550404057036	6.892662834047801e-05	0.8140140193637917	0.6403107016401657	2.2584905435904057	0.11302389087227156	0.9780184009738648	2.1361512212537734	1.6182544722821353	7.857243025149073e-05
N953M	missense	3	132	145	74	4	8	3	60	68	22	0	16	3	49	39	12	1	1.2561236025624921e-05	0.00039141016548115495	0.0005635542517466322	0.00024823669203094024	1.2940527921777098e-05	0.00014638906961613534	5.167424555601488e-05	0.00018685805833034666	0.0002819733228717144	7.574061145724937e-05	4.295348137966582e-06	0.00021673168617251842	5.292335375292732e-05	0.0001877370179852063	0.00014331113205045984	5.660566317888696e-05	3.7691898880173684e-06	0.47588841340088667	0.00030403540929512614	-0.7771509625729566	0.45330076004876	0.00013721683519931925	-0.5726773699041163	0.4210617579634828	9.785575077564261e-05	-0.8608960112218556	-0.4522345059654407	-0.22749291299834862	-0.6122750521860963	-0.21199299196758764	-0.7369081145663096	-0.21974295248296813	0.0001797026650900293
N953R	missense	31	16	31	33	7	9	9	11	10	5	15	7	10	27	20	7	33	0.00010048988820499937	5.002987077578672e-05	0.0001235187401088509	0.00011253396705402623	2.0704844674843356e-05	0.00016265452179570593	0.0001291856138900372	3.6758962294494424e-05	4.4952268863606643e-05	1.9758420380152007e-05	6.872557020746531e-05	0.00010199138172824396	0.00014553922282055013	0.00010513273007171553	7.523834432649142e-05	3.483425426393044e-05	6.407622809629526e-05	0.5846789812492065	7.669685565337679e-05	0.2664511040073475	0.6769300531253287	4.2548805436429595e-05	1.1706397034471328	0.5517882214066562	6.982038918960817e-05	0.20984835071101912	-0.10005198785407819	0.5738651522146992	0.1544165760304966	1.0459321452225758	0.5489797193884998	0.8098986487186375	6.302201675980486e-05
N953E	missense	21	23	31	33	19	6	6	18	13	23	15	12	5	9	15	14	15	6.908679814093707e-05	7.063040580111066e-05	0.0001235187401088509	0.00011253396705402623	5.176211168710839e-05	0.00011385816525699414	9.042992972302605e-05	5.8201690299616175e-05	5.721197855368118e-05	7.903368152060803e-05	6.872557020746531e-05	0.00016573599530839644	7.938503062939099e-05	3.754740359704126e-05	5.732445282018394e-05	6.531422674486956e-05	3.0153519104138947e-05	0.6014295732135148	8.961130616277404e-05	0.4271355524493136	0.6503603897451361	6.579323014534267e-05	0.9635141200020967	0.6156798957067728	4.758490056655843e-05	0.7331674112089718	-0.10005198785407812	0.5738651522146996	-0.31967822405897794	0.26807603659265705	0.707939027886794	0.42097059440367834	6.766314562489172e-05
N953F	missense	41	18	11	33	36	1	14	21	9	40	27	7	5	19	18	20	35	0.00013189297826906167	5.591573792587927e-05	4.631952754081908e-05	0.00011253396705402623	9.575990662115051e-05	3.2530904359141185e-05	0.0001937784208350558	6.739143087323978e-05	4.086569896691513e-05	0.00013501587259770538	0.0001202697478630643	0.00010199138172824396	7.938503062939099e-05	7.509480719408253e-05	6.807278772396843e-05	9.14399174428174e-05	6.784541798431263e-05	0.699770336413645	7.763228478546877e-05	1.3704951261196088	0.7119172622721193	9.088568757523115e-05	1.443384826482634	0.62566909671188	7.561323258629524e-05	0.8149861981226265	0.7750092755376219	2.5649844296137045	-0.10882485874408475	0.6140270535715644	1.209622050241623	1.5895057415926344	8.137706831566506e-05
N953A	missense	41	9	9	20	39	2	5	21	14	13	24	5	2	14	20	13	23	0.00013189297826906167	2.9429335750462777e-05	3.8599606284015906e-05	6.950627376866327e-05	0.00010352422337421678	4.8796356538711774e-05	7.751136833402232e-05	6.739143087323978e-05	6.129854845037269e-05	4.610298088702135e-05	0.00010738370344916456	7.649353629618297e-05	3.9692515314695496e-05	5.63211053955619e-05	7.523834432649142e-05	6.095994496187826e-05	4.5230278656208424e-05	0.7562909231121338	6.026485979433968e-05	1.9126836839099617	0.671416511204994	7.054416591494959e-05	1.127658519577512	0.5999995031987677	5.9437418335035e-05	0.6047336463183655	0.20097800780990308	1.2588304826633299	-0.284916117799766	0.32511086738486816	1.215025283268613	0.791970675024099	6.341548134810809e-05
N953L	missense	31	2	3	3	18	0	0	0	11	14	10	0	0	3	0	4	20	0.00010048988820499937	8.828800725138832e-06	1.543984251360636e-05	1.3239290241650144e-05	4.917400610275297e-05	1.6265452179570593e-05	1.291856138900372e-05	3.0632468578745355e-06	4.9038838760298155e-05	4.939605095038002e-05	4.7248829517632405e-05	1.2748922716030496e-05	1.323083843823183e-05	1.5018961438816506e-05	3.582778301261496e-06	2.177140891495652e-05	3.957649382418237e-05	0.796366527491715	2.1670484895787078e-05	2.2971194339677883	0.7366946816350056	3.718674152154628e-05	1.6365388521232467	0.7686235749798259	1.998741061980422e-05	1.985886852717303	-0.10005198785407819	0.5738651522146992	0.01611387786421517	0.8190163499252244	1.9731817129361124	0.6964407510699618	2.628154567904586e-05
N953Q	missense	4	2	1	0	0	0	0	0	1	0	1	0	0	1	0	3	2	1.5701545032031152e-05	8.828800725138832e-06	7.71992125680318e-06	3.309822560412536e-06	2.5881055843554194e-06	1.6265452179570593e-05	1.291856138900372e-05	3.0632468578745355e-06	8.173139793383025e-06	3.293070063358668e-06	8.590696275933164e-06	1.2748922716030496e-05	1.323083843823183e-05	7.509480719408253e-06	3.582778301261496e-06	1.741712713196522e-05	5.653784832026053e-06	0.496182425951305	5.611662531677492e-06	-0.5824753224351861	0.6882688207606962	5.780038247637348e-06	1.2590318230015713	0.6552491723187416	8.540792746165255e-06	1.0572684288766412	-0.10005198785407819	0.5738651522146992	0.01611387786421517	0.8190163499252244	0.5779416431476755	0.6964407510699618	6.644164508493365e-06
N953W	missense	2	0	0	0	2	0	0	0	0	0	0	0	2	0	0	1	4	9.420927019218692e-06	2.942933575046278e-06	3.85996062840159e-06	3.309822560412536e-06	7.764316753066258e-06	1.6265452179570593e-05	1.291856138900372e-05	3.0632468578745355e-06	4.086569896691513e-06	3.293070063358668e-06	4.295348137966582e-06	1.2748922716030496e-05	3.9692515314695496e-05	3.7547403597041264e-06	3.582778301261496e-06	8.70856356598261e-06	9.422974720043421e-06	0.7222897114955941	4.469258379231666e-06	1.5865181402322424	0.6496196713482894	3.6845587389728244e-06	0.957739800323296	0.7336145847086075	6.3672642367479134e-06	1.6991378811430438	-0.10005198785407819	0.5738651522146992	0.49323513258387763	1.6018380186522772	1.4144652738995276	1.0878515854334883	4.840360451650802e-06
Q954I	missense	49	21	3	16	14	1	7	17	13	19	29	1	4	13	16	28	62	0.00015701545032031152	6.47445386510181e-05	1.543984251360636e-05	5.6266983527013114e-05	3.882158376533129e-05	3.2530904359141185e-05	0.00010334849111202976	5.513844344174164e-05	5.721197855368118e-05	6.586140126717336e-05	0.00012886044413899745	2.549784543206099e-05	6.615419219115915e-05	5.256636503585777e-05	6.090723112144544e-05	0.00012627417170674784	0.0001187294814725471	0.5986541463123135	4.381823711424222e-05	0.4005115416823643	0.7185510339104897	7.676806685039841e-05	1.4950988358540485	0.717005939841254	8.961931233414953e-05	1.5631010575140267	0.5020080034738842	1.9437958131119601	0.41405388653625275	1.471923883514221	1.1529038116834798	1.7078598483130905	7.006853876626338e-05
Q954K	missense	61	56	28	37	70	4	9	47	47	53	47	4	10	50	50	28	75	0.0001946991583971863	0.00016774721377763784	0.00011193885822364612	0.00012577325729567639	0.00018375549648923478	8.132726089785297e-05	0.0001291856138900372	0.0001470358491779777	0.00019615535504119262	0.00017782578342136806	0.00020617671062239594	6.374461358015247e-05	0.00014553922282055013	0.00019149175834491045	0.0001827216933643363	0.00012627417170674784	0.00014322921574466	0.638123237166572	0.00014730370644654877	0.7791291516113683	0.6523470832278696	0.00018179842456573359	0.9790015215867321	0.5859232007739748	0.00016092920979016365	0.4894385403296615	0.200978007809903	1.2588304826633299	0.35853655868642137	1.380835576714292	0.7491897378425874	1.319833029688811	0.00016334378026748198
Q954M	missense	46	8	4	56	32	4	0	55	22	55	19	2	1	31	41	31	48	0.00014759452330109283	2.6486402175416498e-05	1.9299803142007953e-05	0.00018865988594351458	8.540748428372885e-05	8.132726089785297e-05	1.291856138900372e-05	0.00017154182404097398	9.39911076239048e-05	0.0001844119235480854	8.590696275933165e-05	3.824676814809149e-05	2.646167687646366e-05	0.00012015169151053205	0.00015047668865298284	0.00013933701705572175	9.234515225642552e-05	0.7602663201189175	7.996339388616698e-05	1.9508187227631553	0.5861637577925148	0.00013396295449307396	0.46306499281046243	0.6014689171225135	0.00012557763736891555	0.6167692099889179	-0.799021992190097	-1.0165750925777817	-0.15997738119146607	0.5301001637385283	1.0102176418541784	-0.24323746441962668	0.0001131679952493855
Q954T	missense	81	57	49	130	124	16	12	75	73	108	53	17	11	73	78	52	127	0.0002575053385253109	0.0001706901473526841	0.0001929980314200795	0.00043358675541404227	0.0003235131980444274	0.0002765126870527001	0.00016794129805704837	0.0002328067611984647	0.000302406172355172	0.0003589446369060948	0.00023194879945019544	0.0002294806088885489	0.00015877006125878198	0.00027785078661810535	0.0002830394857996582	0.00023077693449853913	0.00024122815283311158	0.7029649890962809	0.0002801970330578083	1.4011406701915308	0.6309901733917054	0.0002815265924774817	0.8125123061570682	0.6053791290272335	0.0002582238399373536	0.6487966758949448	-0.2165575569255153	0.3087677308029129	-0.159977381191466	0.5301001637385284	0.9541498840811813	0.4194339472707207	0.0002733158218242145
Q954D	missense	74	25	42	46	119	9	23	45	27	75	80	5	15	39	35	39	103	0.00023552317548046728	7.651627295120322e-05	0.00016597830702126838	0.0001555616603393892	0.0003105726701226503	0.00016265452179570593	0.0003100454733360893	0.00014090935546222862	0.00011442395710736236	0.00025027332481525875	0.00034792319917529316	7.649353629618297e-05	0.0002116934150117093	0.00015018961438816505	0.00012898001884541387	0.00017417127131965217	0.00019599787417690315	0.7470230600682624	0.0001771572276086278	1.8237792759574962	0.7358471646839957	0.00021338245914003575	1.6299319771905234	0.6601542287751515	0.00016233469468253356	1.0974443917791064	0.2801592538575279	1.4389999313746338	0.4420826101364963	1.5179111288192408	1.5170518816423755	1.4784555300969373	0.0001842914604770657
Q954A	missense	61	58	48	55	34	8	1	58	19	44	30	8	9	52	52	41	90	0.0001946991583971863	0.0001736330809277304	0.00018913807079167793	0.00018535006338310202	9.058369545243968e-05	0.00014638906961613534	2.583712277800744e-05	0.0001807315646145976	8.173139793383026e-05	0.00014818815285114005	0.00013315579227696404	0.00011474030444427445	0.0001323083843823183	0.0001990012390643187	0.0001898872499668593	0.0001828798348856348	0.00017149813990479027	0.5754982348549113	0.0001596762276387375	0.17838238537362872	0.6074683722708064	0.000135951726919133	0.6291465362890051	0.609945386863759	0.00018581661595540075	0.6861976328612203	-0.7532645016294218	-0.9124582434469789	0.061871368424890265	0.8940915111408287	0.49790885150795133	-0.009183366153075079	0.00016048152350442373
Q954H	missense	50	131	83	94	31	24	12	69	33	65	35	26	11	34	55	34	57	0.00016015575932671776	0.00038846723190610866	0.0003242366927857336	0.00031443314323919094	8.281937869937342e-05	0.0004066363044892648	0.00016794129805704837	0.00021442728005121748	0.00013894337648751146	0.0002173426241816721	0.00015463253296679695	0.0003442209133328234	0.00015877006125878198	0.00013141591258964444	0.00020063558487064378	0.00015239986240469565	0.00010930650675250369	0.5206324917094544	0.00027748911165760163	-0.34793165143601806	0.6075970951280194	0.0001813364534217995	0.6301500039100074	0.6008815953399455	0.00014843946665437188	0.611958619456891	-0.3840486442192789	-0.07234242302851251	-0.33606864024714733	0.24118397755183207	0.2980589906436268	0.08442077726165978	0.000202421677244591
Q954F	missense	77	94	96	110	159	18	31	67	51	115	70	23	14	46	79	72	111	0.00024494410249968596	0.0002795786896293964	0.0003744161809549543	0.0003673903042057915	0.0004140968934968671	0.00030904359141184127	0.00041339396444811904	0.0002083007863354684	0.00021250163462795867	0.0003819961273496055	0.00030496971779562734	0.0003059741451847319	0.00019846257657347746	0.00017647279690609393	0.0002866222641009197	0.0003178625701583652	0.00021107463372897262	0.6595292309473461	0.0003588705170717523	0.9844717634632276	0.6768498883250474	0.000276942066527165	1.170014773398437	0.6420163085043992	0.0002480080662235879	0.948881695630454	0.1263443895129988	1.0890087314901369	-0.18800610479170962	0.4841129184335084	1.0344560774973728	0.7865608249618227	0.00029460688327416837
Q954_	nonsense	50	45	49	55	70	8	19	78	47	44	67	14	19	34	53	30	89	0.00016015575932671776	0.00013537494445212876	0.0001929980314200795	0.00018535006338310202	0.00018375549648923478	0.00014638906961613534	0.0002583712277800744	0.0002419965017720883	0.00019615535504119262	0.00014818815285114005	0.0002920836733817276	0.00019123384074045744	0.0002646167687646366	0.00013141591258964444	0.00019347002826812078	0.00013498273527273044	0.00016961354496078157	0.6496412041783423	0.0001743696339361363	0.8896182722587224	0.6395565167773218	0.00021960592076153716	0.8792918075134557	0.6361412209587023	0.0001573705552728193	0.9007604759498532	0.24673549837057815	1.3629473317941325	0.14105261447251505	1.0240056462788845	0.8898901852406772	1.1934764890365086	0.00018378203665683093
Q954P	missense	107	67	50	53	81	8	14	45	33	40	65	5	6	36	30	44	126	0.0003391533726918729	0.00020011948310314688	0.0001968579920484811	0.00017873041826227696	0.00021222465791714438	0.00014638906961613534	0.0001937784208350558	0.00014090935546222862	0.00013894337648751146	0.00013501587259770538	0.00028349297710579443	7.649353629618297e-05	9.261586906762282e-05	0.00013892539330905267	0.00011106612733910638	0.00019594268023460871	0.0002393435578891029	0.6278853914311993	0.00019698313783276231	0.6809199301863842	0.7008603014855086	0.00017459039541330997	1.3571895510181011	0.6954333100142603	0.00017131943969296765	1.3864056038856996	0.1217967617622782	1.0786610339520262	0.08306066749482832	0.9288571860987209	1.141505028363395	1.0037591100253735	0.00018096432431301333
Q954V	missense	124	40	31	46	102	14	13	71	63	68	52	24	17	54	84	46	105	0.0003925386258007788	0.00012066027657689738	0.0001235187401088509	0.0001555616603393892	0.0002665748751886082	0.00024398178269355888	0.0001808598594460521	0.00022055377376696656	0.0002615404733882568	0.0002272218343717481	0.00022765345131222885	0.0003187230679007624	0.00023815509188817295	0.00020651071978372695	0.0003045361556072272	0.00020465124380059132	0.00019976706406492052	0.7131314255882342	0.00016657888805343641	1.4986648797126385	0.6232630696724377	0.00023424238320980009	0.7522751536086184	0.6085990651037401	0.00022886629581411652	0.6751702831118374	-0.13001521123152135	0.5056866666894704	-0.12655362570451642	0.5849391376609797	0.9753701054776981	0.545312902175225	0.00020989585569245101
Q954G	missense	150	137	100	145	151	21	43	118	81	148	81	29	66	104	114	101	185	0.0004741866599673408	0.0004061248333563863	0.00038985602346856065	0.0004832340938202303	0.00039339204882202374	0.000357839947950553	0.0005684167011161637	0.00036452637608706974	0.0003350987315287041	0.0004906674394404416	0.0003522185473132597	0.0003824676814809149	0.0008864661753615326	0.00039424773776893326	0.00041201950464507205	0.00044413674186511305	0.00035053465958561524	0.629123780778013	0.00041815174986680023	0.6927995049245891	0.6346146165514943	0.00038562777359236875	0.8407668946097884	0.6172684421956616	0.00040023466096618344	0.7461787568221365	0.20097800780990308	1.2588304826633299	0.36506742584537916	1.3915508912743482	0.759915052118838	1.325190686968839	0.0004013380614751175
Q954Y	missense	98	42	32	57	144	7	57	55	23	81	81	2	25	27	30	53	100	0.0003108905916342168	0.00012654614372698995	0.00012737870073725247	0.0001919697085039271	0.00037527530973153583	0.00013012361743656474	0.0007492765605622158	0.00017154182404097398	9.807767752059631e-05	0.00027003174519541075	0.0003522185473132597	3.824676814809149e-05	0.0003440017993940276	0.00010513273007171553	0.00011106612733910638	0.00023513121628153044	0.0001903440893448771	0.7484182083708555	0.00020529246567492634	1.8371626021094671	0.7250684520092964	0.0002229674485175602	1.5459058034454003	0.6989665060232212	0.00016041854075930735	1.4153450367025529	0.7602860187169156	2.5314830489581626	0.9539659711153707	2.3577676283385047	1.59947114741914	2.4446253386483336	0.00019622615165059798
Q954N	missense	63	106	37	65	66	11	6	130	69	49	44	9	2	89	78	32	82	0.00020097977640999874	0.0003148938925299517	0.00014667850387926044	0.0002184482889872274	0.0001734030741518131	0.0001951854261548471	9.042992972302605e-05	0.0004012853383815642	0.00028605989276840593	0.0001646535031679334	0.0001932906662084962	0.00012748922716030494	3.9692515314695496e-05	0.0003379266323733714	0.0002830394857996582	0.00014369129883871304	0.0001564213803527208	0.5733400441339442	0.00021335593988706315	0.15767937461615342	0.5358631535744667	0.0002613223501315999	0.07094327688131105	0.532192529974135	0.00023026969934111587	0.0493454535400175	-0.3341351938874461	0.04123092013606016	-0.5067648674161224	-0.03888048001743229	0.09265603501249399	0.0011752200593139368	0.0002349826631199263
Q954L	missense	184	262	142	164	148	47	32	231	73	173	155	44	28	168	136	135	227	0.0005809571661851527	0.000773991530237171	0.0005519743698614274	0.0005461207224680685	0.00038562773206895747	0.0007807417046193884	0.0004263125258371228	0.0007106732710268922	0.000302406172355172	0.0005729941910244083	0.0006700743095227868	0.0005737015222213723	0.0003836943147087231	0.0006345511207899974	0.000490840627272825	0.0005921823224868174	0.00042968764723398	0.5601697747163094	0.0005644285886589061	0.03134010960904079	0.6332436490123176	0.0005640369859823149	0.8300794256956024	0.5951219044933289	0.000536815429445905	0.5647825822716435	-0.26277928535177786	0.20359455224451453	-0.17470063801217248	0.5059434439121303	0.4754007058587622	0.3547689980783224	0.0005550936680290419
Q954S	missense	114	100	61	66	116	17	12	73	108	103	86	12	2	93	67	63	154	0.0003611355357367165	0.000297236291079674	0.0002393175589608986	0.00022175811154763993	0.0003028083533695841	0.00029277813923227067	0.00016794129805704837	0.00022668026748271563	0.0004454361187393749	0.00034247928658930147	0.0003736952880030926	0.00016573599530839644	3.9692515314695496e-05	0.00035294559381218786	0.00024362892448578176	0.0002786740341114435	0.00029211221632134606	0.6249006638865967	0.00026528007873944916	0.6522881480812549	0.6554410457672277	0.00034707274020362113	1.0031207129724753	0.6092106413462065	0.0002918401921826898	0.6801795352270197	-0.24138114065054747	0.2522840099975102	-0.6207082197229591	-0.2258294459476992	0.7785294654269167	0.013227282024905515	0.00030139767037525337
Q954R	missense	149	101	60	90	124	24	26	79	66	104	67	56	21	87	80	109	227	0.00047104635096093455	0.0003001792246547203	0.000235457598332497	0.0003011938529975408	0.0003235131980444274	0.0004066363044892648	0.00034880115750310044	0.0002450597486299628	0.00027380018307833135	0.00034577235665266015	0.0002920836733817276	0.0007266885948137383	0.00029107844564110026	0.00033041715165396315	0.0002902050424021812	0.0004789709961290435	0.00042968764723398	0.6396226237187371	0.00029008596850729643	0.7935124105224152	0.6480225002156812	0.0002891789904356705	0.9452889462056013	0.6647717532124502	0.0003823202093547919	1.135265259315036	-0.06662823236712842	0.6499177517952004	-0.3973382969860701	0.14065771833313828	0.9580222053476842	0.39528773506416937	0.00032052838943258627
Q954W	missense	64	39	16	50	53	8	6	29	18	40	43	5	11	30	22	23	74	0.00020412008541640498	0.00011771734300185111	6.561933068282704e-05	0.00016880095058103935	0.00013975770155519264	0.00014638906961613534	9.042992972302605e-05	9.189740573623606e-05	7.764482803713875e-05	0.00013501587259770538	0.00018899531807052962	7.649353629618297e-05	0.00015877006125878198	0.00011639695115082791	8.240390092901442e-05	0.0001045027627917913	0.00014134462080065132	0.6680230494861107	0.00012297383145522755	1.0659509464064736	0.7133047215096104	0.00012338835611040244	1.4542008575312548	0.6522524051134703	0.00011116205891807123	1.0327227362559237	-0.20919645727914618	0.3255172179781666	0.31714387352819634	1.3129218324655807	1.184291513397884	0.8192195252218737	0.0001191747488279004
Q954Q	silent	35	28	7	23	14	0	2	35	28	11	8	0	4	40	38	16	21	0.0001130511242306243	8.534507367634205e-05	3.087968502721272e-05	7.943574144990087e-05	3.882158376533129e-05	1.6265452179570593e-05	3.875568416701116e-05	0.00011027688688348328	0.00011851052700405388	3.9516840760304014e-05	3.865813324169924e-05	1.2748922716030496e-05	6.615419219115915e-05	0.0001539443547478692	0.00013972835374919835	7.402279031085218e-05	4.1461088768191055e-05	0.5764811474136617	5.862052097969673e-05	0.18781123199027583	0.5053395958420958	7.674059697238511e-05	-0.1670051537656765	0.5018334136553569	0.0001022891468940277	-0.19931768455310958	0.37706926686558434	1.659509515269854	0.715083882200234	1.9658293660545776	-0.05950386877617009	1.8126694406622157	7.921675494870318e-05
Q954E	missense	66	10	11	25	61	5	14	35	17	31	27	2	4	47	38	20	89	0.00021040070342921743	3.237226932550905e-05	4.631952754081908e-05	8.605538657072594e-05	0.000160462546230036	9.759271307742355e-05	0.0001937784208350558	0.00011027688688348328	7.355825814044724e-05	0.00010537824202747737	0.0001202697478630643	3.824676814809149e-05	6.615419219115915e-05	0.00018022753726579807	0.00013972835374919835	9.14399174428174e-05	0.00016961354496078157	0.7879743251291764	8.130243241677253e-05	2.216615030857067	0.6438648083268073	0.00010237078372861804	0.9128773817102191	0.6077605156547928	0.00014525233835464883	0.6683019561410517	0.29788802081795945	1.47934006655855	0.23796262748057148	1.183007697327525	1.2659314562361126	1.3311738819430374	0.00010964185150001313
Q954C	missense	73	44	23	43	62	13	9	45	29	75	55	8	7	61	22	62	89	0.00023238286647406104	0.0001324320108770825	9.263905508163816e-05	0.0001456321926581516	0.00016305065181439142	0.0002277163305139883	0.0001291856138900372	0.00014090935546222862	0.00012259709690074538	0.00025027332481525875	0.0002405394957261286	0.00011474030444427445	0.00010584670750585465	0.00023279390230165583	8.240390092901442e-05	0.00027431975232845217	0.00016961354496078157	0.6589222480523385	0.00013343847760781592	0.9786491207825495	0.6956873508388233	0.00018857981822609037	1.3168634691443717	0.6253910357801156	0.000189782775129976	0.8127086778171073	-0.24618002353231616	0.24136460513340458	-0.035038644583166134	0.7350894600921885	1.036073755914676	0.48822703261279654	0.00017060035698796078
N955W	missense	57	68	56	57	99	16	16	111	129	106	52	8	21	96	116	62	173	0.00018213792237156137	0.00020306241667819314	0.00022001775581889066	0.0001919697085039271	0.00025881055843554195	0.0002765126870527001	0.00021961554361306325	0.00034308364808194797	0.0005312540865698966	0.0003523584967793775	0.00022765345131222885	0.00011474030444427445	0.00029107844564110026	0.00036420981489130027	0.0004191850612475951	0.00027431975232845217	0.00032791952025751104	0.6449111282069871	0.00021846510985913821	0.8442437774250301	0.5798607372137475	0.00036358742068586273	0.4139293753898633	0.6021101021638708	0.00034640853718121464	0.622020979599342	-0.10005198785407819	0.5738651522146992	0.4042940492470965	1.455910737929896	0.6267313774714118	1.0148879450722976	0.0003094870225754052
N955S	missense	170	180	80	165	295	34	65	93	102	183	153	50	56	102	105	113	474	0.0005369928400954654	0.0005326709770833763	0.0003126568109005288	0.0005494305450284811	0.0007660792529692041	0.0005692908262849707	0.0008526250516742456	0.0002879452046402063	0.0004209166993592258	0.0006059248916579949	0.0006614836132468536	0.0006501950585175553	0.0007541577909792144	0.000386738257049525	0.0003797744999337186	0.0004963881232610087	0.000895182598404125	0.6792034352711308	0.0005402093964953975	1.173201730561584	0.7075812735592822	0.0004940676022260702	1.4095833372011788	0.7201044447328013	0.0005395208696620943	1.5884800554281553	0.17542390333751487	1.2006845308765641	0.06441855743877019	0.8982707312755098	1.390421707730306	1.049477631076037	0.0005245992894611874
N955G	missense	167	109	105	157	297	25	58	150	108	204	214	14	46	121	116	110	457	0.0005275719130762467	0.0003237226932550905	0.0004091558266105686	0.0005229519645451807	0.0007712554641379149	0.0004229017566688354	0.0007621951219512195	0.0004625502755390549	0.0004454361187393749	0.0006750793629885269	0.0009234998496628152	0.00019123384074045744	0.0006218494065968961	0.0004580783238839034	0.0004191850612475951	0.0004833252779120348	0.0008631444843559774	0.7148083805737095	0.0005067714871371887	1.5147515104106626	0.7054134131858778	0.0006266414017324429	1.3926836370339757	0.6969139063277868	0.0005559332868498776	1.3985327594229273	0.2558266758172481	1.3836334476417915	0.5121204767442513	1.6328235521699461	1.435322635622522	1.5082284999058688	0.0005631153919065031
N955T	missense	76	39	36	66	117	11	11	58	38	77	38	10	1	46	67	60	127	0.00024180379349327975	0.00011771734300185111	0.00014281854325085884	0.00022175811154763993	0.0003053964589539395	0.0001951854261548471	0.00015502273666804465	0.0001807315646145976	0.00015937622597096901	0.0002568594649419761	0.0001675185773806967	0.00014023814987633546	2.646167687646366e-05	0.00017647279690609393	0.00024362892448578176	0.0002656111887624696	0.00024122815283311158	0.7268764589960786	0.00019692261418857235	1.6305177191025495	0.6344580361694301	0.00019112145822705985	0.8395462617953253	0.6541615536160397	0.00023173526574686424	1.0483600444288586	-0.10005198785407812	0.5738651522146996	-0.7242488116300287	-0.39571041045283956	1.1728080084422443	0.08907737088093001	0.00020659311272083216
N955V	missense	118	85	74	115	111	20	47	98	76	121	77	17	40	129	134	73	228	0.0003736967717623414	0.0002530922874539799	0.00028949704713011925	0.0003839394170078542	0.00028986782544780697	0.00034157449577098246	0.0006200909466721786	0.000303261438929579	0.0003146658820452465	0.0004017545477297575	0.0003350371547613934	0.0002294806088885489	0.0005424643759675051	0.0004881162467615364	0.000483675070670302	0.00032221685194135655	0.0004315722421779887	0.6460425805740864	0.0003040991442599401	0.8550975311271729	0.6418315172759268	0.0003386797558664941	0.8970267256743905	0.6010160240676671	0.00043139510288779594	0.6130596880431478	0.2589699547875898	1.3907856821354452	0.3736252294806446	1.4055918380067112	0.7883946482815704	1.3981887600710783	0.0003580580010047434
N955L	missense	217	131	96	208	121	26	33	139	174	162	85	30	23	117	135	136	237	0.0006845873633965582	0.00038846723190610866	0.0003744161809549543	0.00069175291512622	0.00031574888129136115	0.000439167208848406	0.0004392310872261265	0.00042885456010243497	0.0007151497319210148	0.0005367704203274629	0.00036939993986512607	0.00039521660419694534	0.00031754012251756396	0.0004430593624450869	0.0004872578489715635	0.0005965366042698087	0.00044853359667406685	0.6320028320536689	0.000442596302319661	0.7204175596924829	0.6032492206261627	0.0005125436630540097	0.5962558581673023	0.6329542281933304	0.0004938468530901316	0.8746566982971651	6.31650291896504e-05	0.8016677292514032	-0.09503657425845148	0.6366497469920634	0.7304433720523168	0.7191587381217333	0.0004829956061546007
N955R	missense	153	95	71	151	173	25	29	182	139	150	132	16	15	141	144	167	333	0.0004836075869865595	0.00028252162320444263	0.0002779171652449145	0.0005030930291827055	0.000450330371677843	0.0004229017566688354	0.0003875568416701116	0.00056057417499104	0.0005721197855368119	0.0004972535795671588	0.0005712813023495554	0.00021673168617251842	0.0002116934150117093	0.000533173131077986	0.0005195028536829169	0.0007315193395425392	0.0006294547112989005	0.6851608682169845	0.00037846554732747645	1.2303499692073716	0.6225726726436905	0.0005503072106111415	0.7468931175119705	0.650938993802667	0.0006034125089005856	1.021964946907841	-0.03790408110523366	0.7152768457205848	-0.01021506085813397	0.7758179731131251	0.9997360112090611	0.7455474094168549	0.0005107284222797345
N955C	missense	83	7	9	58	367	8	37	20	9	86	224	13	76	26	29	103	386	0.00026378595653812334	2.3543468600370222e-05	3.8599606284015906e-05	0.00019527953106433964	0.0009524228550427943	0.00014638906961613534	0.0004909053327821414	6.432818401536524e-05	4.086569896691513e-05	0.00028649709551220413	0.000966453331042481	0.00017848491802442692	0.001018774559743851	0.00010137798971201142	0.00010748334903784489	0.0004528453054310957	0.0007293382433313608	0.9291006247293168	0.00030246136524788	3.570406088523766	0.8966948796325876	0.00033953607738424136	2.883831069843854	0.8253208826386241	0.0003477612218780782	2.450278842781515	0.5254890993234071	1.9972248295207355	0.756476567358459	2.033743110303288	2.968172000383045	2.0154839699120117	0.00032991955483673317
N955I	missense	75	52	39	47	17	20	3	84	61	40	19	24	2	63	39	23	39	0.00023866348448687351	0.0001559754794774527	0.00015439842513606362	0.00015887148289980173	4.658590051839755e-05	0.00034157449577098246	5.167424555601488e-05	0.0002603759829193355	0.0002533673335948738	0.00013501587259770538	8.590696275933165e-05	0.0003187230679007624	3.9692515314695496e-05	0.0002403033830210641	0.00014331113205045984	0.0001045027627917913	7.538379776034737e-05	0.5465597021197159	0.0001289578220079289	-0.09921808278789518	0.5158077975549547	0.00018366653796781157	-0.08539958893896453	0.5066401715714816	0.00014087526890591565	-0.15994685784896673	-0.8202112912600351	-1.0647893418169703	-0.90470487608816	-0.6917880136064289	-0.11485484319194215	-0.8782886777116996	0.00015116654296055203
N955P	missense	47	19	18	21	17	2	1	23	27	15	16	1	0	43	34	24	58	0.00015073483230749907	5.8858671500925554e-05	7.333925193963022e-05	7.28160963290758e-05	4.658590051839755e-05	4.8796356538711774e-05	2.583712277800744e-05	7.351792458898885e-05	0.00011442395710736236	5.2689121013738686e-05	7.30209183454319e-05	2.549784543206099e-05	1.323083843823183e-05	0.00016520857582698158	0.00012539724054415238	0.00010885704457478262	0.00011119110169651236	0.6064479926526852	6.289998007200728e-05	0.475276057653653	0.5998025396227757	7.841298026388044e-05	0.5693870264640128	0.581283356385645	0.00012766349066060725	0.4514348562384935	-0.2761432469097594	0.17318611960817545	-0.284916117799766	0.32511086738486816	0.49869931345205315	0.2491484934965218	8.965881699883167e-05
N955D	missense	79	43	50	45	206	10	22	53	59	61	120	12	19	74	51	80	388	0.00025122472051249844	0.0001294890773020362	0.0001968579920484811	0.00015225183777897667	0.0005357378559615718	0.0001789199739752765	0.0002971269119470856	0.0001654153303252249	0.00024519419380149076	0.00020417034392823742	0.0005197371246939565	0.00016573599530839644	0.0002646167687646366	0.00028160552697780946	0.0001863044716655978	0.0003526968244222957	0.0007331074332193781	0.769693092130844	0.00025358419077276646	2.041247506686263	0.7375965432607581	0.00028362924818722737	1.6435693745934683	0.7473598600361255	0.0003884285640712703	1.8117216355911454	0.22028316300528977	1.3027575404258076	0.20320052122135956	1.1259728665353137	1.8321795056236256	1.2143652034805608	0.0003085473343437547
N955_	nonsense	68	91	58	76	17	12	16	89	72	47	34	13	3	62	57	33	102	0.0002166813214420299	0.0002707498889042575	0.00022773767707569382	0.0002548563371517653	4.658590051839755e-05	0.0002114508783344177	0.00021961554361306325	0.0002756922172087082	0.00029831960245848047	0.00015806736304121606	0.0001503371848288304	0.00017848491802442692	5.292335375292732e-05	0.00023654864266135997	0.00020780114147316678	0.00014804558062170436	0.00019411327923289447	0.5241515720916008	0.00019998245091252853	-0.31417394953312333	0.5518603015039962	0.00022060409188430876	0.19565011079741082	0.595270248686001	0.0001966271609972814	0.565997628588552	0.016453581217359063	0.8389625736264861	-0.5279541664860604	-0.07364615497532452	0.14915792995094648	0.38265820932558076	0.00020573790126470623
N955E	missense	26	98	49	28	16	6	13	51	48	32	18	5	2	39	33	29	51	8.478834317296822e-05	0.0002913504239295815	0.0001929980314200795	9.598485425196355e-05	4.399779493404213e-05	0.00011385816525699414	0.0001808598594460521	0.00015928883660947584	0.00020024192493788413	0.00010867131209083605	8.161161462136506e-05	7.649353629618297e-05	3.9692515314695496e-05	0.00015018961438816505	0.00012181446224289088	0.00013062845348973912	9.799893708845157e-05	0.4570059944837332	0.00015608277613391667	-0.9582855204093577	0.5512017557622768	0.00013745342206489025	0.19051637353371012	0.5881070831713884	0.00012515786680231166	0.5073261179674639	0.20097800780990308	1.2588304826633299	-0.284916117799766	0.32511086738486816	-0.08681434296939457	0.791970675024099	0.0001395646883337062
N955M	missense	71	86	66	61	101	11	15	91	98	83	47	9	12	80	95	63	146	0.0002261022484612486	0.00025603522102902613	0.00025861736210290657	0.00020520899874557725	0.0002639867696042528	0.0001951854261548471	0.00020669698222405952	0.00028181871092445725	0.0004045704197724598	0.0002766178853221281	0.00020617671062239594	0.00012748922716030494	0.0001720008996970138	0.0003041339691360342	0.0003439467169211036	0.0002786740341114435	0.00027703545676927656	0.6212451380861771	0.0002459620878704407	0.6172215577029931	0.5870591563936738	0.0002922959316603603	0.47004513234129197	0.6097805474411282	0.0003009475442344645	0.6848474786708798	0.024886748754221824	0.8581514500568059	0.13005723017105197	1.0059653158554915	0.5907047229050549	0.9320583829561487	0.0002797351879217552
N955A	missense	68	149	126	121	257	33	40	147	124	147	126	63	36	90	102	95	343	0.0002166813214420299	0.00044144003625694165	0.0004902149998070019	0.00040379835237032945	0.0006677312407636982	0.0005530253741054002	0.0005296610169491525	0.00045336053496543126	0.0005108212370864391	0.00048737436937708285	0.000545509213521756	0.0008159310538259517	0.0004895410222145777	0.0003416813727330755	0.0003690261650299341	0.0004180110511671652	0.0006483006607389874	0.6619696929983435	0.0005007961572994928	1.0078825360164392	0.6408356840533809	0.0004992663387376773	0.8892636413521576	0.6931508339270483	0.0004442548124172905	1.3677104725614193	-0.01874704817659781	0.7588668652514804	-0.22186437205267703	0.42856103300553616	1.0882855499766722	0.5937139491285083	0.00048143910281815347
N955F	missense	115	71	30	65	72	10	11	55	56	120	51	9	20	65	61	74	135	0.00036427584474312273	0.00021189121740333198	0.0001196587794804493	0.0002184482889872274	0.00018893170765794563	0.0001789199739752765	0.00015502273666804465	0.00017154182404097398	0.00023293448411141625	0.0003984614776663988	0.00022335810317426226	0.00012748922716030494	0.00027784760720286846	0.00024781286374047235	0.00022213225467821276	0.00032657113372434784	0.00025630491238518103	0.6300598467602748	0.0001847324983822386	0.7017789634646526	0.664093968220726	0.0002565739722482628	1.070575147228559	0.6404246311431341	0.0002632052911320535	0.9358447059062454	-0.062263426964678306	0.6598494543427781	0.3383331725981345	1.3476875074234733	0.9027329388664856	1.0037684808831258	0.0002348372539208516
N955N	silent	67	55	37	67	181	9	31	50	36	79	92	7	10	67	51	83	188	0.00021354101243562366	0.00016480428020259155	0.00014667850387926044	0.00022506793410805246	0.00047103521635268633	0.00016265452179570593	0.00041339396444811904	0.0001562255897516013	0.000151203086177586	0.00026344560506869345	0.00039946737683089215	0.00010199138172824396	0.00014553922282055013	0.0002553223444598806	0.0001863044716655978	0.0003657596697712696	0.0003561884444176413	0.7486969230733304	0.0002518964836356477	1.8398362460221878	0.7334628122136071	0.00024258541445719322	1.6113445984382575	0.6767858245975517	0.0002908937325785973	1.2336692003430012	0.4050979904658278	1.7232862292167401	0.1544165760304966	1.0459321452225758	1.561616681601149	1.384609187219658	0.00026179187689047943
N955H	missense	35	125	66	91	21	15	11	137	70	62	14	10	10	65	89	55	39	0.0001130511242306243	0.000370809630455831	0.00025861736210290657	0.00030450367555795335	5.6938322855819224e-05	0.0002602472348731295	0.00015502273666804465	0.0004227280663866859	0.00029014646266509745	0.0002074634139915961	6.443022206949873e-05	0.00014023814987633546	0.00014553922282055013	0.00024781286374047235	0.00032245004711353465	0.00024383977984751304	7.538379776034737e-05	0.5120022654980532	0.00024771724774312755	-0.4307193607697082	0.4780648351264004	0.00024619204127821956	-0.37962737052938744	0.5412582185148135	0.00022237162211546685	0.12360000488562602	-0.22499072446237806	0.28957885437259306	0.016113877864215077	0.8190163499252243	-0.2289155754711565	0.5542976021489087	0.0002387603037122713
N955K	missense	83	41	37	20	19	7	4	49	39	39	40	10	2	83	44	35	82	0.00026378595653812334	0.00012360321015194366	0.00014667850387926044	6.950627376866327e-05	5.176211168710839e-05	0.00013012361743656474	6.45928069450186e-05	0.00015316234289372677	0.00016346279586766053	0.00013172280253434673	0.00017610927365662986	0.00014023814987633546	3.9692515314695496e-05	0.00031539819021514663	0.00016122502355676732	0.00015675414418768696	0.0001564213803527208	0.5315587245768152	9.788752487174395e-05	-0.24311889582825782	0.6324266094752036	0.00015611430373809097	0.8237101394761709	0.5488094963938158	0.0001974496845780804	0.1854504367061498	-0.304171970510003	0.10940940566128902	-0.5481575525743475	-0.1067942242661434	0.25534722678468763	0.0013075906975728094	0.00015048383772930512
N955Y	missense	81	127	85	90	83	16	20	123	105	83	68	20	41	135	112	83	212	0.0002575053385253109	0.00037669549760592356	0.00033195661404253677	0.0003011938529975408	0.00021740086908585523	0.0002765126870527001	0.00027128978916907815	0.0003798426103764424	0.00043317640904930036	0.0002766178853221281	0.00029637902151969416	0.0002677273770366404	0.0005556952144057369	0.0005106446889197612	0.0004048539480425491	0.0003657596697712696	0.0004014187230738497	0.5731923040434243	0.00030681170843296413	0.15626213903376004	0.5882986459079422	0.0003465039815668913	0.4797076555408988	0.5977538195601484	0.0004206692574518574	0.5863398717802683	-0.008281614498432798	0.7826799713900933	0.31714387352819634	1.3129218324655807	0.40743655545164237	1.047800901927837	0.0003579949824839043
N955Q	missense	27	45	19	6	19	8	1	65	29	14	18	10	1	34	34	24	63	8.792865217937445e-05	0.00013537494445212876	7.719921256803181e-05	2.3168757922887753e-05	5.176211168710839e-05	0.00014638906961613534	2.583712277800744e-05	0.00020217429261971934	0.00012259709690074538	4.939605095038002e-05	8.161161462136506e-05	0.00014023814987633546	2.646167687646366e-05	0.00013141591258964444	0.00012539724054415238	0.00010885704457478262	0.00012061407641655579	0.4924505988149272	7.187625665753919e-05	-0.6182738533985898	0.5057291945827116	0.00011394476377305246	-0.16396801079157075	0.6124184435182762	0.00012157106853128382	0.706453756983449	-0.7532645016294218	-0.9124582434469789	-0.7242488116300287	-0.39571041045283956	-0.025262702402237158	-0.6540843269499093	0.0001024640296539585
A956R	missense	179	59	53	93	160	8	30	123	86	131	103	6	30	121	98	89	206	0.0005652556211531214	0.00017657601450277665	0.00020843787393368587	0.0003111233206787784	0.0004166849990812225	0.00014638906961613534	0.00040047540305911534	0.0003798426103764424	0.00035553158101216164	0.0004346852483633442	0.00044671620634852453	8.924245901221346e-05	0.00041015599158518673	0.0004580783238839034	0.0003546950518248881	0.00039188536046921743	0.0003901111534097976	0.7174465285670246	0.00027820555204911585	1.540058637234441	0.6466305873933578	0.00040419391152511815	0.934438196939305	0.6119329735384993	0.0003986924723969516	0.7024774064416952	0.4370671965408696	1.7960291389559222	0.662377531684231	1.8793530817656017	1.0589914135384804	1.8376911103607618	0.0003603639786570619
A956F	missense	149	115	64	87	41	18	2	78	56	69	54	16	8	93	61	40	84	0.00047104635096093455	0.0003413802947053682	0.00025089744084610336	0.0002912643853163032	0.00010870043454292761	0.00030904359141184127	3.875568416701116e-05	0.0002419965017720883	0.00023293448411141625	0.00023051490443510677	0.00023624414758816203	0.00021673168617251842	0.00011907754594408647	0.00035294559381218786	0.00022213225467821276	0.00017852555310264348	0.00016019057024073817	0.5421482022678287	0.0002480606388526756	-0.14153655260751347	0.6223881211656669	0.00023542250947669333	0.7454544341528961	0.5399327157627831	0.00022844849295844554	0.11274317788150551	-0.9016843340872447	-1.2501735576978608	-0.2600925340747339	0.36583938040580466	0.23888701980896276	-0.44216708864602805	0.00023731054709593815
A956Y	missense	122	206	123	135	160	42	44	127	74	149	92	42	18	70	86	80	172	0.00038625800778796634	0.0006091872500345795	0.0004786351179217972	0.0004501358682161049	0.0004166849990812225	0.0006994144437215354	0.0005813352625051674	0.00039209559780794054	0.0003064927422518635	0.0004939605095038003	0.00039946737683089215	0.0005482036767893113	0.0002513859303264048	0.000266586565538993	0.00031170171220975016	0.0003526968244222957	0.00032603492531350236	0.586245740933952	0.000488660808813426	0.28148065737005085	0.6414557920991989	0.0003980040565986241	0.894097734993132	0.6468115251487879	0.0003142550068711353	0.9881579909649322	-0.08030792965832093	0.6187908923112104	-0.33860097676254236	0.23702912618616667	0.7212454611093717	0.42791000924868855	0.0004003066240943951
A956K	missense	69	43	17	21	51	13	10	48	50	36	38	12	17	28	38	29	77	0.0002198216304484361	0.0001294890773020362	6.947929131122863e-05	7.28160963290758e-05	0.00013458149038648182	0.0002277163305139883	0.00014210417527904092	0.00015009909603585223	0.00020841506473126716	0.00012184359234427071	0.0001675185773806967	0.00016573599530839644	0.00023815509188817295	0.00010888747043141967	0.00013972835374919835	0.00013062845348973912	0.00014699840563267737	0.6307257639410645	0.00010159148883220561	0.7081669487448873	0.6183797110000916	0.00016196908262302169	0.7142066052906482	0.6499962870466448	0.00013156067082575862	1.0142434961978588	-0.20478733837409116	0.33554975171662976	0.15744303066068446	1.0508977053197095	0.8122056834111314	0.6932237285181696	0.00013170708076032863
A956G	missense	124	148	86	126	117	15	32	120	102	102	65	36	26	93	72	87	160	0.0003925386258007788	0.00043849710268189536	0.00033581657467093834	0.0004203474651723921	0.0003053964589539395	0.0002602472348731295	0.0004263125258371228	0.0003706528698028188	0.0004209166993592258	0.0003391862165259428	0.00028349297710579443	0.00047171014049312833	0.0003572326378322594	0.00035294559381218786	0.00026154281599208924	0.0003831767969032348	0.00030341978598539816	0.5987700871976493	0.00037501440036979137	0.4016237350455457	0.5946649760323671	0.0003535621906984455	0.5293368067482956	0.6224114448017863	0.00032527124817322754	0.7883036709280551	0.21434196936788455	1.2892389152996688	-0.12072408204379252	0.5945037777839322	0.5730880709072989	0.9418713465418005	0.00035128261308048814
A956S	missense	197	253	222	199	119	28	27	214	167	150	112	28	5	142	183	102	210	0.0006217811832684336	0.0007475051280617545	0.0008607712201335546	0.0006619645120825073	0.0003105726701226503	0.0004716981132075472	0.0003617197188921042	0.0006585980744430251	0.0006865437426441742	0.0004972535795671588	0.0004853743395902238	0.00036971875876488436	7.938503062939099e-05	0.0005369278714376901	0.0006592312074321154	0.0004484910236481044	0.00039764953318583237	0.5518833226380893	0.0006452033826001166	-0.048149856152570114	0.5869291506481223	0.0005819424340611455	0.46903166387866085	0.5865277315611068	0.0005105749089259356	0.4943900850658035	-0.11529195441081497	0.5391880473450124	-0.6681328696510973	-0.3036399463777307	0.30509063093063143	0.11777405048364084	0.0005792402418623993
A956A	silent	79	23	21	63	270	19	70	31	25	106	138	6	38	47	30	41	134	0.00025122472051249844	7.063040580111066e-05	8.491913382483498e-05	0.0002118286438664023	0.0007013766133603187	0.00032530904359141186	0.0009172178586192641	9.802389945198513e-05	0.00010625081731397933	0.0003523584967793775	0.0005970533911773549	8.924245901221346e-05	0.0005160026990910413	0.00018022753726579807	0.00011106612733910638	0.0001828798348856348	0.00025442031744117235	0.8611566164036526	0.00026718869921316666	2.9186353614946245	0.8138723665839591	0.00028842165118067424	2.2381826439639125	0.6755068875879995	0.0001821484542329279	1.2231937804763835	0.4501763652010159	1.825857814411995	0.7620804448764575	2.0429374958113478	2.1266705953116403	1.9343976551116713	0.00024591960154225626
A956H	missense	49	1	13	23	44	2	7	21	10	61	40	2	2	10	35	31	69	0.00015701545032031152	5.885867150092556e-06	5.4039448797622264e-05	7.943574144990087e-05	0.00011646475129599387	4.8796356538711774e-05	0.00010334849111202976	6.739143087323978e-05	4.4952268863606643e-05	0.00020417034392823742	0.00017610927365662986	3.824676814809149e-05	3.9692515314695496e-05	4.1302143956745394e-05	0.00012898001884541387	0.00013933701705572175	0.0001319216460806079	0.7995000567542931	6.39564521734024e-05	2.327178635595229	0.748159924212901	0.00012315582933042842	1.725916915529793	0.7048950765147397	0.00011038520648462221	1.4639043204230562	0.325916744418203	1.5431167805054362	0.01611387786421517	0.8190163499252244	1.8389999571826927	1.1810665652153303	9.916582932948434e-05
A956V	missense	153	149	115	189	135	32	32	135	82	129	85	35	7	105	103	115	148	0.0004836075869865595	0.00044144003625694165	0.0004477554328945845	0.0006288662864783819	0.000351982359472337	0.0005367599219258296	0.0004263125258371228	0.0004166015726709368	0.0003391853014253956	0.00042809910823662684	0.00036939993986512607	0.0004589612177770978	0.00010584670750585465	0.0003980024781286374	0.0003726089433311956	0.0005050966868269913	0.00028080464665729396	0.6191671043970769	0.00046751102877556124	0.5972874743053215	0.6207597076258474	0.00038832148054952136	0.7327600277654841	0.6074041153676492	0.0003891281887360296	0.6653827798090443	-0.10005198785407812	0.5738651522146996	-0.6370986359111285	-0.2527215049885242	0.6651434272932834	0.1605718236130877	0.0004149868993537041
A956I	missense	86	154	82	91	32	8	8	77	74	72	34	9	6	53	98	53	124	0.00027320688355734205	0.00045615470413217304	0.000320376732157332	0.00030450367555795335	8.540748428372885e-05	0.00014638906961613534	0.00011626705250103349	0.00023893325491421377	0.0003064927422518635	0.00024039411462518277	0.0001503371848288304	0.00012748922716030494	9.261586906762282e-05	0.00020275597942402283	0.0003546950518248881	0.00023513121628153044	0.00023557436800108553	0.504107347429012	0.0002916106490327968	-0.5064534338174832	0.5806849528544672	0.0002340393241550226	0.4203546034036985	0.6224336752916216	0.00025703915388288173	0.7884857547313433	-0.10005198785407812	0.5738651522146996	-0.13878808212152793	0.5648658386964207	0.23412897477251957	0.5693654954555601	0.0002608963756902337
A956C	missense	89	41	37	64	106	11	16	52	27	58	87	8	7	40	28	49	203	0.0002826278105765607	0.00012360321015194366	0.00014667850387926044	0.00021513846642681487	0.00027692729752602985	0.0001951854261548471	0.00021961554361306325	0.00016235208346735037	0.00011442395710736236	0.00019429113373816141	0.00037799063614105924	0.00011474030444427445	0.00010584670750585465	0.0001539443547478692	0.00010390057073658339	0.00021771408914956524	0.0003844573685777716	0.711645565167212	0.0001905868694960122	1.4844113737635696	0.7319984319241118	0.00021226445261348335	1.599928924197039	0.7420548282020868	0.00021500409580294737	1.7682695848237762	0.05121568747657094	0.9180604640158208	-0.035038644583166134	0.7350894600921885	1.6175366275947949	0.8265749620540046	0.00020595180597081432
A956D	missense	64	7	13	41	60	6	16	15	9	54	63	3	16	16	19	39	74	0.00020412008541640498	2.3543468600370222e-05	5.4039448797622264e-05	0.00013901254753732653	0.00015787444064568057	0.00011385816525699414	0.00021961554361306325	4.901194972599257e-05	4.086569896691513e-05	0.00018111885348472674	0.00027490228082986126	5.099569086412198e-05	0.00022492425344994112	6.383058611497015e-05	7.165556602522992e-05	0.00017417127131965217	0.00014134462080065132	0.787885590939058	9.36174763952499e-05	2.215763824856258	0.8122884162067702	0.00013647469575187393	2.225834853127096	0.7178648255632776	0.00011275051106512588	1.5701359532817158	0.2852988935099389	1.45069469609446	0.6445028079145266	1.8500256918180364	2.0039115437550232	1.6503601939562482	0.00011428089440408322
A956W	missense	67	40	42	91	39	7	12	23	8	82	43	1	18	20	23	59	96	0.00021354101243562366	0.00012066027657689738	0.00016597830702126838	0.00030450367555795335	0.00010352422337421678	0.00013012361743656474	0.00016794129805704837	7.351792458898885e-05	3.677912907022362e-05	0.00027332481525876943	0.00018899531807052962	2.549784543206099e-05	0.0002513859303264048	7.884954755378666e-05	8.59866792302759e-05	0.00026125690697947825	0.00018280570956884237	0.6406760854164355	0.00017366662063258398	0.8036180182651199	0.7522616941737168	0.0001431542967471279	1.7578925369042306	0.7250040316894748	0.0001522247108330958	1.628611219168682	0.11080137746081507	1.0536420752105582	0.993837483153063	2.4231855557086783	1.3967072581126774	1.7384138154596183	0.00015634854273760256
A956L	missense	142	146	111	147	185	19	23	155	93	119	92	23	19	91	100	78	158	0.00044906418791609094	0.00043261123553180284	0.0004323155903809781	0.0004898537389410553	0.000481387638690108	0.00032530904359141186	0.0003100454733360893	0.00047786650982842754	0.0003841375702890022	0.0003951684076030402	0.00039946737683089215	0.0003059741451847319	0.0002646167687646366	0.0003454361130927796	0.00036186060842741114	0.00034398826085631305	0.0002996505960973808	0.6388785867793534	0.00045904205088598607	0.7863750409607859	0.6080857503737487	0.0004141599661378405	0.6339593484781665	0.6106369077631505	0.0003377338946184712	0.6918616895845484	-0.020870741806453322	0.7540346009260032	-0.06306736818340972	0.6891022147871685	0.7040653596745002	0.7215684078565858	0.000403645303880766
A956T	missense	85	60	52	70	73	7	11	103	35	72	83	1	9	55	64	57	135	0.0002700665745509358	0.00017951894807782294	0.0002045779133052843	0.00023499740178929007	0.00019151981324230102	0.00013012361743656474	0.00015502273666804465	0.0003185776732189517	0.00014711651628089448	0.00024039411462518277	0.0003608092435891929	2.549784543206099e-05	0.0001323083843823183	0.00021026546014343107	0.00023288058958199724	0.0002525483434134957	0.00025630491238518103	0.6352425565244348	0.00020265351910367455	0.7514954667179891	0.6507724265472223	0.00026672438692855547	0.9667261803813245	0.6457177292096188	0.00023799982638102624	0.9791990104790909	0.07603927120160313	0.9745441848212235	0.715083882200234	1.9658293660545776	0.8991402191928014	1.4701867754379006	0.00023579257747108543
A956_	nonsense	63	152	141	102	112	20	6	162	95	60	42	23	6	94	122	38	59	0.00020097977640999874	0.00045026883698208046	0.0005481144092330259	0.0003409117237224912	0.0002924559310321624	0.00034157449577098246	9.042992972302605e-05	0.0004993092378335493	0.00039231071008238524	0.00020087727386487874	0.00018469996993256303	0.0003059741451847319	9.261586906762282e-05	0.00035670033417189203	0.00044068173105516405	0.00016981698953666088	0.00011307569664052105	0.5728595811594329	0.00040793772524244	0.15307040746916303	0.5138913505989727	0.0003192992979283441	-0.1003393790378913	0.5090875142168153	0.0002700686878510595	-0.13990135007503296	-0.5771732425737406	-0.511779210840455	-0.5189993238331341	-0.05895377898199173	-0.02905677388125374	-0.28536649491122335	0.0003324352370072812
A956E	missense	46	51	27	32	59	22	7	50	25	64	64	11	2	19	44	58	113	0.00014759452330109283	0.00015303254590240644	0.00010807889759524453	0.0001092241444936137	0.00015528633506132515	0.0003741054001301236	0.00010334849111202976	0.0001562255897516013	0.00010625081731397933	0.00021404955411831342	0.0002791976289678278	0.00015298707259236595	3.9692515314695496e-05	7.509480719408253e-05	0.00016122502355676732	0.00025690262519648696	0.00021484382361699	0.6268802998001889	0.00013140548076314747	0.6712783249997339	0.7038507300594696	0.00018893089753793047	1.380501636469441	0.7159033281505219	0.0001770165698910817	1.5540698696416042	-0.5586898368797274	-0.46972196647485404	-0.5859461134637473	-0.16879461515548824	1.201949943703593	-0.31925829081517115	0.0001657843160640532
A956N	missense	82	48	22	38	87	6	11	38	19	51	44	4	26	42	59	23	66	0.0002606456475317171	0.0001442037451772676	8.877909445323657e-05	0.00012908307985608892	0.0002277532914232769	0.00011385816525699414	0.00015502273666804465	0.00011946662745710689	8.173139793383026e-05	0.00017123964329465073	0.0001932906662084962	6.374461358015247e-05	0.0003572326378322594	0.00016145383546727743	0.00021496669807568978	0.0001045027627917913	0.00012626786124858184	0.6866613995354716	0.0001474548027274675	1.244744209589726	0.6937123886222727	0.00014143208372352102	1.3014675194279033	0.5805284494754983	0.0001517977893958351	0.4452516222051251	0.13403121817928987	1.1064993842933388	0.7485076376871836	2.020668339977029	0.9971544504075848	1.5635838621351839	0.0001468948919489412
A956M	missense	68	13	25	38	51	2	12	40	31	31	37	0	10	24	23	34	111	0.0002166813214420299	4.120107005064789e-05	0.00010035897633844135	0.00012908307985608892	0.00013458149038648182	4.8796356538711774e-05	0.00016794129805704837	0.00012559312117285594	0.0001307702366941284	0.00010537824202747737	0.00016322322924273012	1.2748922716030496e-05	0.00014553922282055013	9.386850899260315e-05	8.59866792302759e-05	0.00015239986240469565	0.00021107463372897262	0.7202759753012182	0.00010130615415791498	1.5672008474231063	0.6458343313414872	0.00013124120728429795	0.9282309297656346	0.7211735501987605	0.00013583242108913682	1.5972368030662112	0.5367701097330962	2.0228937035012953	1.0575065630224403	2.5276485928436445	1.3642228600849842	2.27527114817247	0.00012279326084378326
A956Q	missense	32	38	18	32	70	3	12	56	32	46	46	4	13	37	17	26	54	0.00010363019721140561	0.00011477440942680483	7.333925193963022e-05	0.0001092241444936137	0.00018375549648923478	6.506180871828237e-05	0.00016794129805704837	0.00017460507089884852	0.00013485680659081992	0.0001547742929778574	0.00020188136248442935	6.374461358015247e-05	0.00018523173813524564	0.00014268013366875682	6.449000942270693e-05	0.00011756560814076522	0.00010365272192047764	0.6880927910852974	0.00012027332558732088	1.2584752086002888	0.6440931697693203	0.0001665293832379888	0.9146575885702023	0.6063234247248399	0.00010709711828817665	0.6565311411866576	0.4118313731247963	1.7386074056591885	0.46327190920643446	1.5526768037771335	0.9432213127857163	1.6456421047181609	0.0001312999423711621
A956P	missense	46	153	146	111	41	11	9	98	87	63	14	16	4	76	78	39	49	0.00014759452330109283	0.00045321177055712675	0.0005674142123750338	0.00037070012676620405	0.00010870043454292761	0.0001951854261548471	0.0001291856138900372	0.000303261438929579	0.00035961815090885315	0.00021075648405495474	6.443022206949873e-05	0.00021673168617251842	6.615419219115915e-05	0.00028911500769721775	0.0002830394857996582	0.00017417127131965217	9.422974720043421e-05	0.5224811397192906	0.00037500663606032306	-0.330198010352956	0.5096889445396436	0.0002345165739907214	-0.13309951583211146	0.521865229890319	0.00021013887800424061	-0.035242609561236135	-0.17923323390170298	0.39369570350339567	-0.51536503917804	-0.05299094091894741	-0.16618004524876787	0.17035238129222413	0.00027322069601842835
Q957V	missense	176	177	110	160	152	21	24	174	155	159	138	24	28	131	151	110	293	0.0005558346941339028	0.0005238421763582374	0.00042845562975257653	0.0005328814322264183	0.00039598015440637916	0.000357839947950553	0.000322964034725093	0.0005360682001280437	0.0006375049038838761	0.0005268912101373869	0.0005970533911773549	0.0003187230679007624	0.0003836943147087231	0.0004956257274809447	0.0005445823017917475	0.0004833252779120348	0.0005540709135385531	0.6064502518726904	0.00047028984818590284	0.47529772981432744	0.6289358717037156	0.0005743794263316654	0.7964978602979529	0.6318635867430394	0.00051940105518082	0.8657235553586128	-0.04453466000424676	0.7001895895266943	0.08057186709113355	0.9247737652368823	0.7125063818236311	0.8124816773817882	0.0005213567765661294
Q957D	missense	73	169	89	75	46	26	15	109	73	85	37	25	1	73	70	39	103	0.00023238286647406104	0.0005002987077578672	0.00034739645655614313	0.00025154651459135277	0.0001216409624647047	0.000439167208848406	0.00020669698222405952	0.0003369571543661989	0.000302406172355172	0.00028320402544884546	0.00016322322924273012	0.00033147199061679287	2.646167687646366e-05	0.00027785078661810535	0.0002543772593895662	0.00017417127131965217	0.00019599787417690315	0.4988798537935296	0.000305220660342517	-0.5565995381068821	0.5627868150258886	0.00027144764535323663	0.28082847590719184	0.5798750915255931	0.0002255992978760567	0.439900147662336	-0.32729576935714066	0.056793384843757996	-1.0978294744426216	-1.0086511146747519	0.054709695154215233	-0.47592886491549696	0.0002674225345239368
Q957I	missense	103	40	32	119	248	21	47	43	33	122	102	19	42	46	31	98	170	0.00032659213666624793	0.00012066027657689738	0.00012737870073725247	0.00039717870724950433	0.0006444382905044995	0.000357839947950553	0.0006200909466721786	0.00013478286174647955	0.00013894337648751146	0.00040504761779311616	0.00044242085821055797	0.0002549784543206099	0.0005689260528439688	0.00017647279690609393	0.00011464890564036788	0.00043107389651613913	0.000322265735425485	0.8034520527070951	0.0003224139937670384	2.3650891936981275	0.7575615229450009	0.0002802986785594163	1.7992077056627986	0.715214422203025	0.00026111533362202147	1.5484272312671252	0.23876656869930288	1.3448147847914085	0.3485523377798206	1.364454280778027	1.9042413768760174	1.3546345327847178	0.0002879426686494921
Q957Q	silent	104	123	60	85	84	14	4	82	49	74	40	2	2	67	85	48	82	0.00032973244567265417	0.0003649237633057384	0.000235457598332497	0.0002846447401954781	0.00021998897467021065	0.00024398178269355888	6.45928069450186e-05	0.00025424948920358645	0.00020432849483457564	0.00024698025475190013	0.00017610927365662986	3.824676814809149e-05	3.9692515314695496e-05	0.0002553223444598806	0.0003081189339084887	0.00021335980736657392	0.0001564213803527208	0.5813787372404424	0.000276253769125981	0.23479264743446343	0.5978116205916202	0.000220416878111673	0.5538666843347506	0.5725658225813354	0.000233305616521916	0.38003194419550573	-0.5771732425737406	-0.511779210840455	0.01611387786421517	0.8190163499252244	0.3895637586549066	0.15361856954238473	0.00024332542125318998
Q957A	missense	113	197	241	269	210	48	51	210	168	147	70	135	60	159	137	59	125	0.00035799522673031026	0.000582700847859163	0.0009341104720731848	0.0008936520913113848	0.0005460902782989935	0.000797007156798959	0.0006717651922281935	0.000646345087011527	0.0006906303125408657	0.00048737436937708285	0.00030496971779562734	0.0017338534893801473	0.0008070811447321417	0.0006007584575526602	0.0004944234055740865	0.00026125690697947825	0.0002374589629450942	0.6186458920916149	0.0007391384223856815	0.5922876085093677	0.5529475168907605	0.0005323298716812757	0.20412557087726432	0.5212398155334861	0.0003984744332628298	-0.04036520584979747	-0.07424472424779263	0.6325871437061585	-0.3320951954952353	0.24770328185973622	0.25201599117894485	0.4401452127829474	0.0005566475757765956
Q957G	missense	202	181	114	113	200	40	31	211	122	146	121	34	16	125	151	97	313	0.0006374827283004647	0.0005356139106584226	0.0004438954722661829	0.00037731977188702916	0.0005202092224554393	0.0006668835393623943	0.00041339396444811904	0.0006494083338694015	0.0005026480972930561	0.00048408129931372417	0.000524032472831923	0.00044621229506106735	0.00022492425344994112	0.00047309728532271995	0.0005445823017917475	0.00042671961473314784	0.0005917628124187268	0.617488847966955	0.0004692595943167685	0.5811883591580526	0.6021606896711583	0.0005400425508270262	0.5877701424874663	0.6396190413975495	0.0005090405035665856	0.9292463427638772	-0.20768586625390772	0.32895442521890333	-0.29750524510778653	0.3044556533284909	0.699401614803132	0.3167050392736971	0.0005061142162367934
Q957R	missense	201	226	114	202	238	22	59	130	91	190	200	27	33	69	88	148	403	0.0006343424192940585	0.0006680459215355051	0.0004438954722661829	0.0006718939797637449	0.0006185572346609452	0.0003741054001301236	0.0007751136833402232	0.0004012853383815642	0.0003759644304956192	0.0006289763821015056	0.000863364975731283	0.00035696983604885385	0.00044984850689988224	0.0002628318251792889	0.0003188672688122732	0.0006487879856657044	0.0007613763573795084	0.6291381894970843	0.0006005981520565945	0.692937724342844	0.7152833799204684	0.000567397781677493	1.4696256211770342	0.7395632200173511	0.0004979658592591937	1.7478615102405355	0.3163714265119726	1.5213973109241508	0.10043476356425111	0.9573631869174876	1.3034749519201378	1.2393802489208192	0.000555320597664427
Q957T	missense	71	225	192	69	31	29	9	129	89	76	20	53	3	72	73	51	102	0.0002261022484612486	0.0006651029879604588	0.0007449724012815069	0.00023168757922887754	8.281937869937342e-05	0.00048796356538711777	0.0001291856138900372	0.0003982220915236896	0.00036779129070223617	0.0002535663948786174	9.020231089729822e-05	0.0006884418266656468	5.292335375292732e-05	0.00027409604625840123	0.0002651255942933507	0.00022642265271554784	0.00019411327923289447	0.4611823912363165	0.00043114558679255413	-0.9182223387562203	0.5080531406877115	0.00027744552200046035	-0.14585153389063435	0.5887081213737614	0.00023993939312504857	0.5122490559063221	-0.5771732425737406	-0.511779210840455	-1.114219890630791	-1.0355431737155767	-0.1839416055801775	-0.7736611922780159	0.00031617683397268766
Q957L	missense	173	142	123	211	587	24	144	107	60	232	256	33	94	91	105	131	393	0.0005464137671146841	0.0004208395012316177	0.0004786351179217972	0.0007016823828074577	0.0015218060836009865	0.0004066363044892648	0.0018731914014055394	0.0003308306606504498	0.0002492807636981823	0.0007672853247625696	0.0011039044714574117	0.00043346337234503684	0.001256929651632024	0.0003454361130927796	0.0003797744999337186	0.0005747651953548522	0.0007425304079394215	0.7661298707105677	0.0007807407713904648	2.007066370293371	0.7696795874002758	0.0006128253051421533	1.8936748855667227	0.7098390061731485	0.000510626554080193	1.5043986829882543	0.6633760057088591	2.310973465062942	0.4623585661108078	1.5511782648645063	1.8017133129494496	1.931075864963724	0.000634730876870937
Q957H	missense	44	51	53	64	37	4	4	84	47	55	28	5	5	64	51	43	42	0.00014131390528828035	0.00015303254590240644	0.00020843787393368587	0.00021513846642681487	9.834801220550593e-05	8.132726089785297e-05	6.45928069450186e-05	0.0002603759829193355	0.00019615535504119262	0.0001844119235480854	0.0001245650960010309	7.649353629618297e-05	7.938503062939099e-05	0.0002440581233807682	0.0001863044716655978	0.0001915883984516174	8.103758259237342e-05	0.5958586931708839	0.0001687392246171033	0.37369542395153493	0.556552659070293	0.0001913770893774111	0.23222969725075313	0.5389783859878501	0.0001757471440225892	0.10492652623332248	-0.10005198785407819	0.5738651522146992	0.01611387786421517	0.8190163499252244	0.2369505491452035	0.6964407510699618	0.00017862115267236784
Q957W	missense	66	54	22	27	112	10	14	60	31	55	79	13	5	19	35	46	68	0.00021040070342921743	0.00016186134662754526	8.877909445323657e-05	9.267503169155101e-05	0.0002924559310321624	0.0001789199739752765	0.0001937784208350558	0.00018685805833034666	0.0001307702366941284	0.0001844119235480854	0.0003436278510373266	0.00017848491802442692	7.938503062939099e-05	7.509480719408253e-05	0.00012898001884541387	0.00020465124380059132	0.00013003705113659922	0.70279519652905	0.00015894285095112383	1.3995118904401536	0.7024463237710689	0.00021141701740247176	1.3695534935548512	0.6807986310260865	0.00013469078024417173	1.2665369896621046	0.03464658604337805	0.8803590382379981	-0.3518629074303792	0.21527003121137167	1.3452007912190365	0.5478145347246849	0.0001683502161992558
Q957K	missense	51	30	18	36	54	3	5	22	7	20	30	5	3	30	24	26	61	0.00016329606833312397	9.12309408264346e-05	7.333925193963022e-05	0.00012246343473526383	0.00014234580713954806	6.506180871828237e-05	7.751136833402232e-05	7.045467773111431e-05	3.26925591735321e-05	6.915447133053203e-05	0.00013315579227696404	7.649353629618297e-05	5.292335375292732e-05	0.00011639695115082791	8.95694575315374e-05	0.00011756560814076522	0.00011684488652853843	0.6839422680153261	0.00010734485866021919	1.21866022703635	0.7168970951024423	7.636437512803561e-05	1.4822054455352764	0.6333280811615731	0.00011009422583791724	0.877718824720495	0.07603927120160313	0.9745441848212235	-0.15997738119146607	0.5301001637385283	1.1928614990973738	0.7523221742798759	9.793448654205735e-05
Q957C	missense	88	115	75	75	43	16	13	64	44	62	59	14	17	55	53	56	127	0.0002794875015701545	0.0003413802947053682	0.0002933570077585209	0.00025154651459135277	0.00011387664571163845	0.0002765126870527001	0.0001808598594460521	0.0001991110457618448	0.00018389564535111809	0.0002074634139915961	0.0002577208882779949	0.00019123384074045744	0.00023815509188817295	0.00021026546014343107	0.00019347002826812078	0.00024819406163050433	0.00024122815283311158	0.5344743459783732	0.0002500401156917201	-0.21515003253236986	0.6543856716447995	0.00021204774834563848	0.9948934735930073	0.6456587413057411	0.00022328942571879197	0.978715856847946	-0.18437287355411405	0.3820009387835692	0.09529512391183992	0.9489304850632803	0.5861530993028611	0.6654657119234247	0.00022845909658538352
Q957S	missense	200	86	56	67	141	22	21	111	74	88	74	16	10	77	84	88	165	0.0006312021102876523	0.00025603522102902613	0.00022001775581889066	0.00022506793410805246	0.00036751099297846956	0.0003741054001301236	0.00028420835055808184	0.00034308364808194797	0.0003064927422518635	0.00029308323563892143	0.0003221511103474937	0.00021673168617251842	0.00014553922282055013	0.00029286974805692187	0.0003045361556072272	0.0003875310786862261	0.0003128427607054416	0.6647093579285369	0.0002671579759836097	1.0341634906932613	0.6174685253662914	0.00031620268408005667	0.7071033968936498	0.6387652365308197	0.0003244449357639542	0.92225306287882	-0.11935714304946475	0.5299380944522218	-0.1729423583558338	0.5088282858701197	0.887839983488577	0.5193831901611707	0.0003026018652758735
Q957M	missense	34	42	32	36	21	3	11	24	15	41	42	2	1	41	32	32	52	0.00010991081522421806	0.00012654614372698995	0.00012737870073725247	0.00012246343473526383	5.6938322855819224e-05	6.506180871828237e-05	0.00015502273666804465	7.658117144686338e-05	6.53851183470642e-05	0.00013830894266106405	0.00018469996993256303	3.824676814809149e-05	2.646167687646366e-05	0.00015769909510757332	0.00011823168394162938	0.00014369129883871304	9.988353203246026e-05	0.563343639762217	0.00010833165051383136	0.06178624282138238	0.7318014535321304	0.00011624380059688867	1.5983933660011593	0.5893923300580581	0.000129876402480094	0.5178532202950782	0.37706926686558434	1.659509515269854	-0.15997738119146607	0.5301001637385283	0.7260109430392067	1.0948048395041912	0.00011815061786360467
Q957Y	missense	88	68	63	84	50	9	17	47	42	60	42	13	22	31	53	53	51	0.0002794875015701545	0.00020306241667819314	0.0002470374802177018	0.0002813349176350656	0.0001319933848021264	0.00016265452179570593	0.00023253410500206697	0.0001470358491779777	0.00017572250555773506	0.00020087727386487874	0.00018469996993256303	0.00017848491802442692	0.0003043092840793321	0.00012015169151053205	0.00019347002826812078	0.00023513121628153044	9.799893708845157e-05	0.5990989380545733	0.00021585704983327172	0.4047783231745551	0.6493788274331016	0.00017708389963328863	0.9558622855148232	0.6202073824053824	0.00016168796828715872	0.7702508044912327	0.15522051724922792	1.1547136335325272	0.23171367820357006	1.1727549306515	0.7102971377268704	1.1637342820920136	0.00018487630591790637
Q957F	missense	98	21	19	58	118	6	25	42	32	63	64	4	23	29	31	51	147	0.0003108905916342168	6.47445386510181e-05	7.719921256803181e-05	0.00019527953106433964	0.0003079845645382949	0.00011385816525699414	0.00033588259611409674	0.00013171961488860502	0.00013485680659081992	0.00021075648405495474	0.0002791976289678278	6.374461358015247e-05	0.00031754012251756396	0.0001126422107911238	0.00011464890564036788	0.00022642265271554784	0.0002789200517132853	0.7892494740908746	0.00016130196170542112	2.228847231846048	0.7106432252339397	0.00018913263362555188	1.43345298575558	0.7291801600703872	0.0001831584552150812	1.6628167334983313	0.469823320102483	1.8705626051313042	0.6973551152398024	1.936741450143993	1.7750389836999865	1.9036520276376487	0.00017786435018201806
Q957_	nonsense	77	94	59	64	16	10	4	119	64	45	36	22	7	56	51	38	58	0.00024494410249968596	0.0002795786896293964	0.00023159763770409542	0.00021513846642681487	4.399779493404213e-05	0.0001789199739752765	6.45928069450186e-05	0.00036758962294494425	0.0002656270432849483	0.00015148122291449873	0.00015892788110476354	0.0002932252224687014	0.00010584670750585465	0.00021402020050313521	0.0001863044716655978	0.00016981698953666088	0.00011119110169651236	0.5076447428651751	0.0001925781471735872	-0.47252003995342473	0.5269564920191339	0.0002359064425622887	0.0015108025289616114	0.5653788434952474	0.0001703331908504766	0.32116538318658344	-0.4424746686762843	-0.20528532481715614	-0.4425239711614341	0.06652074683875639	-0.049947951412626555	-0.06938228898919988	0.0001996059268621175
Q957P	missense	71	63	53	45	54	2	4	60	54	43	33	7	5	51	48	28	49	0.0002261022484612486	0.00018834774880296178	0.00020843787393368587	0.00015225183777897667	0.00014234580713954806	4.8796356538711774e-05	6.45928069450186e-05	0.00018685805833034666	0.0002247613443180332	0.0001448950827877814	0.0001460418366908638	0.00010199138172824396	7.938503062939099e-05	0.00019524649870461457	0.00017555613676181332	0.00012627417170674784	9.422974720043421e-05	0.5898906998784567	0.0001728458169137931	0.3164458824104144	0.5890037887218456	0.00017563908053175626	0.4852046433894796	0.5505182829951794	0.00014782663859340249	0.19944663587627265	0.1217967617622782	1.0786610339520262	-0.10882485874408475	0.6140270535715644	0.3336990538920556	0.8463440437617953	0.00016543717867965063
Q957N	missense	63	29	25	44	46	10	13	24	24	39	33	4	22	42	42	28	75	0.00020097977640999874	8.828800725138832e-05	0.00010035897633844135	0.00014894201521856415	0.0001216409624647047	0.0001789199739752765	0.0001808598594460521	7.658117144686338e-05	0.00010216424741728782	0.00013172280253434673	0.0001460418366908638	6.374461358015247e-05	0.0003043092840793321	0.00016145383546727743	0.00015405946695424435	0.00012627417170674784	0.00014322921574466	0.6654595510569475	0.00011480749031827464	1.0413599151133932	0.6901520559713723	0.00011412751452234044	1.2737127087242832	0.6073810252248404	0.0001462541724682324	0.6651936548256436	0.004683362665934899	0.8121805527127691	0.6788717095457892	1.9064153845034084	0.9934220928877734	1.3592979686080888	0.00012506305910294914
Q957E	missense	56	82	106	118	57	17	11	72	40	88	55	35	3	96	54	64	85	0.00017899761336515513	0.00024426348672884103	0.00041301578723897017	0.0003938688846890918	0.00015011012389261433	0.00029277813923227067	0.00015502273666804465	0.0002236170206248411	0.00016754936576435204	0.00029308323563892143	0.0002405394957261286	0.0004589612177770978	5.292335375292732e-05	0.00036420981489130027	0.0001970528065693823	0.0002830283158944348	0.00016207516518474684	0.5936155138907309	0.00030031457063737935	0.352177138140749	0.6488299321155725	0.00023119727943856082	0.9515833354481009	0.5603579628624772	0.00025159152563496607	0.28004073644041333	-0.2761432469097594	0.17318611960817545	-0.9381286315751097	-0.7466269875288806	0.5279337366764211	-0.28672043396035257	0.00026103445857030206
A958S	missense	178	107	115	125	193	40	30	144	81	142	126	27	41	123	145	136	258	0.0005621153121467152	0.000317836826104998	0.0004477554328945845	0.00041703764261197956	0.0005020924833649514	0.0006668835393623943	0.00040047540305911534	0.0004441707943918077	0.0003350987315287041	0.0004709090190602895	0.000545509213521756	0.00035696983604885385	0.0005556952144057369	0.00046558780460331166	0.0005230856319841785	0.0005965366042698087	0.00048811009049824924	0.6637340657838215	0.00042118059624412835	1.024807744897692	0.6556167889461059	0.00044892193962563925	1.0044907306479254	0.6335019329527181	0.000518330032838887	0.879142796732568	-0.22147415073954096	0.29758048582728297	0.19220513691989644	1.1079325361119206	0.9694804240927285	0.7027565109696018	0.0004628108562362182
A958_	nonsense	95	101	67	95	75	13	3	120	88	85	35	17	3	112	121	82	116	0.00030146966461499814	0.0003001792246547203	0.00026247732273130815	0.00031774296579960347	0.00019669602441101187	0.0002277163305139883	5.167424555601488e-05	0.0003706528698028188	0.00036370472080554466	0.00028320402544884546	0.00015463253296679695	0.0002294806088885489	5.292335375292732e-05	0.0004242856606465663	0.00043709895275390254	0.00036140538798827825	0.00022049760844901605	0.5953851760642991	0.00026927388439916094	0.3691530868650879	0.5473079100770784	0.0002930485372560015	0.1601616397212782	0.5654954254547795	0.0003608219024594408	0.3221202738229875	-0.6441200322043538	-0.664110309210446	-0.6370986359111285	-0.2527215049885242	0.28381166680311787	-0.4584159070994851	0.00030771477470486775
A958W	missense	110	176	107	106	88	23	22	141	79	145	58	20	12	182	135	140	205	0.0003485742997110916	0.0005208992427831911	0.00041687574786737175	0.0003541510139641414	0.00023034139700763232	0.0003903708523096942	0.0002971269119470856	0.00043498105381818404	0.00032692559173532105	0.00048078822925036555	0.00025342554014002835	0.0002677273770366404	0.0001720008996970138	0.0006871174858258551	0.0004872578489715635	0.000613953731401774	0.00038822655846578895	0.5482724922183445	0.0003805668504055841	-0.08278769436452356	0.5923485586775048	0.0003740301037359748	0.5112790207213285	0.5807800814435593	0.0005441389061662453	0.44731267016731147	-0.11853539354809126	0.5318079078490987	-0.19216206456286733	0.47729415835724287	0.2919346655080388	0.5045510331031708	0.00043291195343593477
A958I	missense	83	109	63	88	70	24	19	94	28	97	42	34	5	85	74	77	85	0.00026378595653812334	0.0003237226932550905	0.0002470374802177018	0.0002945742078767157	0.00018375549648923478	0.0004066363044892648	0.0002583712277800744	0.0002910084514980809	0.00011851052700405388	0.00032272086620914947	0.00018469996993256303	0.00044621229506106735	7.938503062939099e-05	0.00032290767093455487	0.0002687083725946122	0.00033963397907332176	0.00016207516518474684	0.5806323925975636	0.0002622724694596857	0.2276331406215619	0.6093616909665964	0.0002292349536609618	0.6439060284926305	0.5779449340223642	0.0002733312969468089	0.4240907605666378	-0.19696200086213458	0.3533555683194792	-0.7498029161024168	-0.437637502377625	0.4318766432269434	-0.04214096702907291	0.0002549462400224855
A958L	missense	139	144	147	193	76	27	25	151	124	147	71	30	9	148	123	109	200	0.0004396432608968722	0.00042672536838171026	0.0005712741730034353	0.000642105576720032	0.0001992841299953673	0.0004554326610279766	0.00033588259611409674	0.0004656135223969294	0.0005108212370864391	0.00048737436937708285	0.0003092650659335939	0.00039521660419694534	0.0001323083843823183	0.0005594563135959148	0.0004442645093564255	0.0004789709961290435	0.0003788035837457455	0.583444609258624	0.0004598473120251362	0.25461006681286563	0.5902797780159611	0.0004432685486985113	0.4951517030579256	0.5909378891019885	0.00046537385070678235	0.5305124676175776	-0.13223667122547936	0.5006319442340432	-0.4752478159700575	0.012830129313651255	0.4267580791627896	0.25673103677384723	0.0004561632371434766
A958E	missense	82	85	23	40	44	13	7	29	42	50	40	4	19	50	44	52	57	0.0002606456475317171	0.0002530922874539799	9.263905508163816e-05	0.000135702724976914	0.00011646475129599387	0.0002277163305139883	0.00010334849111202976	9.189740573623606e-05	0.00017572250555773506	0.00016794657323129206	0.00017610927365662986	6.374461358015247e-05	0.0002646167687646366	0.00019149175834491045	0.00016122502355676732	0.00023077693449853913	0.00010930650675250369	0.5483108247082533	0.0001494747047021315	-0.0824199798973854	0.6750386986404661	0.00015291893954547326	1.1558955233808317	0.5930636931975212	0.00017320005578818016	0.5479243419230037	-0.34309003654037257	0.0208550212381844	0.6181738691921775	1.806827315005937	0.5404666284688165	0.9138411681220607	0.00015853123334526166
A958R	missense	179	135	124	184	120	27	21	97	39	101	45	38	9	64	123	120	146	0.0005652556211531214	0.00040023896620629376	0.0004824950785501988	0.0006123171736763192	0.0003131607757070057	0.0004554326610279766	0.00028420835055808184	0.00030019819207170446	0.00016346279586766053	0.0003358931464625841	0.00019758601434646277	0.0004972079859251893	0.0001323083843823183	0.0002440581233807682	0.0004442645093564255	0.0005268680957419479	0.00027703545676927656	0.6159155787044305	0.00045205299853495436	0.5660963609625193	0.608025683156129	0.000249285037187103	0.6334910904758968	0.6402067753154347	0.0003730565463121046	0.9340603089824752	-0.20478733837409116	0.33554975171662976	-0.5749507291622841	-0.1507542847320951	0.7112159201402971	0.09239773349226733	0.00035813152734472066
A958V	missense	134	188	131	179	181	25	54	242	165	187	113	21	25	213	207	109	171	0.0004239417158648411	0.0005562144456837465	0.0005095148029490099	0.0005957680608742566	0.00047103521635268633	0.0004229017566688354	0.0007105208763952046	0.0007443689864635121	0.0006783706028507912	0.0006190971719114296	0.0004896696877281903	0.0002804762997526709	0.0003440017993940276	0.0008035144369766831	0.0007452178866623912	0.0004789709961290435	0.0003241503303694937	0.6150772656445362	0.0005331331314649249	0.558054622978702	0.5843438065560942	0.0006328766122384807	0.4488774415309773	0.5344151112328359	0.0005879634125344028	0.06755000286392818	0.22533735366934776	1.3142578740411366	0.08866454501282686	0.9380515716067804	0.35816068912453586	1.1261547228239586	0.0005846577187459362
A958N	missense	77	83	40	70	106	9	33	93	49	57	58	8	23	101	71	56	78	0.00024494410249968596	0.0002472064203038873	0.0001582583857644652	0.00023499740178929007	0.00027692729752602985	0.00016265452179570593	0.0004392310872261265	0.0002879452046402063	0.00020432849483457564	0.00019099806367480274	0.00025342554014002835	0.00011474030444427445	0.00031754012251756396	0.0003829835166898209	0.00025796003769082773	0.00024819406163050433	0.00014888300057668604	0.6476051266552626	0.0002293473763459181	0.8700866643920716	0.6094013876935217	0.0002341743258224033	0.6442154869756982	0.5392517603912793	0.0002595051541469598	0.10716566047943364	0.431426929188177	1.7831952431757547	0.4420826101364964	1.517911128819241	0.5404892706157344	1.6505531859974978	0.0002410089521050937
A958C	missense	134	91	54	63	147	34	9	138	89	76	76	84	14	104	71	84	214	0.0004239417158648411	0.0002707498889042575	0.00021229783456208748	0.0002118286438664023	0.00038303962648460205	0.0005692908262849707	0.0001291856138900372	0.00042579131324456046	0.00036779129070223617	0.0002535663948786174	0.0003307418066234268	0.001083658430862592	0.00019846257657347746	0.00039424773776893326	0.00025796003769082773	0.0003701139515542609	0.0004051879129618671	0.6640104637066865	0.00026947899845433735	1.0274591644941273	0.5887694969997164	0.0003444727013622102	0.4833782066391169	0.6376946988116909	0.0003568774099939723	0.9134845840505688	-0.6441200322043538	-0.664110309210446	-0.7372137887943964	-0.4169822883212479	0.8081073183946043	-0.5405462987658469	0.00032360970327017326
A958F	missense	117	199	158	136	68	38	34	186	112	133	60	58	27	137	138	94	107	0.0003705564627559352	0.0005885867150092556	0.0006137337399158529	0.0004534456907765175	0.00017857928532052393	0.0006343526350032531	0.00045214964861513024	0.0005728271624225381	0.000461782398326141	0.0004412713884900615	0.0002620162364159615	0.0007521864402457992	0.0003704634762704913	0.0005181541696391694	0.000498006183875348	0.0004136567693841739	0.0002035362539529379	0.5302584157069853	0.0004585863577555375	-0.25559244983745444	0.5564585612628735	0.0004344742964136756	0.23149615151538638	0.5463119481581672	0.0004083383442129073	0.16499370880622727	-0.14704855053030172	0.46692891148405197	-0.3075801024357098	0.28792564853910907	0.04696580349471974	0.37742728001158055	0.0004337996661273735
A958P	missense	80	30	26	58	48	11	5	23	19	48	32	4	8	33	28	41	98	0.0002543650295189047	9.12309408264346e-05	0.00010421893696684294	0.00019527953106433964	0.00012681717363341555	0.0001951854261548471	7.751136833402232e-05	7.351792458898885e-05	8.173139793383026e-05	0.00016136043310457473	0.00014174648855289722	6.374461358015247e-05	0.00011907754594408647	0.0001276611722299403	0.00010390057073658339	0.0001828798348856348	0.00018657489945685975	0.67277813708244	0.0001293866456227582	1.1115653718152876	0.7025365042672563	0.00011458906104507276	1.3702565016291697	0.678184990654243	0.00015025411932725457	1.2451293831334684	-0.40108198351805935	-0.11110017823393102	0.27138638296752127	1.2378466712499765	1.2423170855259753	0.5633732465080228	0.00013140994199836186
A958H	missense	77	54	40	47	36	4	9	97	83	79	61	11	5	84	86	53	120	0.00024494410249968596	0.00016186134662754526	0.0001582583857644652	0.00015887148289980173	9.575990662115051e-05	8.132726089785297e-05	0.0001291856138900372	0.00030019819207170446	0.0003432718713220871	0.00026344560506869345	0.0002663115845539281	0.00015298707259236595	7.938503062939099e-05	0.00031915293057485075	0.00031170171220975016	0.00023513121628153044	0.0002280359882250508	0.5820050376270112	0.00014368778047824067	0.24080059822146982	0.6056637963425121	0.0002933068132541033	0.615078844249765	0.5850189287988135	0.0002735054618227955	0.48203189829594073	0.200978007809903	1.2588304826633299	-0.284916117799766	0.32511086738486816	0.4459704469223918	0.791970675024099	0.00023683335185171314
A958T	missense	140	77	71	92	125	10	15	78	72	86	57	6	21	87	96	54	169	0.00044278356990327846	0.00022954881885360967	0.0002779171652449145	0.0003078134981183659	0.00032610130362878284	0.0001789199739752765	0.00020669698222405952	0.0002419965017720883	0.00029831960245848047	0.00028649709551220413	0.0002491301920020618	8.924245901221346e-05	0.00029107844564110026	0.00033041715165396315	0.00034752949522236514	0.00023948549806452176	0.00032038114048147634	0.6599964042633466	0.0002853451964614182	0.9889532460740096	0.6261128099090918	0.0002689858479362087	0.7744904937406202	0.6110487813163833	0.0003094533213555816	0.695235232120142	0.06267530964362161	0.9441357521848844	0.5134385186721646	1.6349860879430957	0.8195596573115905	1.2895609200639901	0.00028792812191773617
A958Y	missense	119	276	293	191	46	33	25	173	152	102	43	63	15	141	158	79	154	0.00037683708076874763	0.0008151926002878189	0.0011348284247500676	0.0006354859315992069	0.0001216409624647047	0.0005530253741054002	0.00033588259611409674	0.0005330049532701692	0.0006252451941938015	0.0003391862165259428	0.00018899531807052962	0.0008159310538259517	0.0002116934150117093	0.000533173131077986	0.0005696617499005779	0.00034834254263930433	0.00029211221632134606	0.5058710549017479	0.0006767869797754495	-0.48953460712327407	0.527302010119351	0.0004216079205151108	0.00420431193004943	0.5572758873588465	0.0004358224099848036	0.25479630710573187	-0.2165575569255153	0.3087677308029129	-0.5859461134637473	-0.16879461515548824	-0.07684466269583091	0.06998655782371234	0.000511405770091788
A958G	missense	204	64	54	119	194	7	29	79	68	155	113	14	35	111	91	103	272	0.0006437633463132772	0.00019129068237800804	0.00021229783456208748	0.00039717870724950433	0.0005046805889493067	0.00013012361743656474	0.0003875568416701116	0.0002450597486299628	0.0002819733228717144	0.0005137189298839522	0.0004896696877281903	0.00019123384074045744	0.0004763101837763459	0.00042053092028686214	0.0003296156037160577	0.0004528453054310957	0.0005144944197143708	0.732726500159375	0.0003263619532847266	1.6866357738966749	0.7038651447486043	0.000382605422278455	1.3806140071402497	0.6544849667790967	0.00042937156228709656	1.051009032336871	0.47397927987364064	1.8800190991650738	0.3963251195758211	1.4428359676036366	1.3727529377912653	1.6614275333843551	0.0003794463126167594
A958A	silent	83	83	46	51	188	7	30	53	30	103	80	3	27	44	43	61	149	0.00026378595653812334	0.0002472064203038873	0.00018141814953487475	0.00017211077314145188	0.0004891519554431743	0.00013012361743656474	0.00040047540305911534	0.0001654153303252249	0.0001266836667974369	0.00034247928658930147	0.00034792319917529316	5.099569086412198e-05	0.0003704634762704913	0.0001689633161866857	0.00015764224525550584	0.0002699654705454609	0.00028268924160130263	0.7071792801490755	0.0002724718246058471	1.4415673628621604	0.7221142588124803	0.0002456253707218141	1.5228761932939954	0.6894719509052067	0.00021981506839723877	1.3375777576535475	0.48821971898825095	1.9124218737203396	0.8612119178784721	2.20558433736613	1.4340071046032346	2.0590031055432347	0.00024597075457496667
A958D	missense	87	90	63	83	95	9	35	74	48	100	70	15	25	88	60	81	142	0.0002763471925637483	0.0002678069553292113	0.0002470374802177018	0.00027802509507465306	0.00024845813609812025	0.00016265452179570593	0.00046506821000413394	0.00022974351434059016	0.00020024192493788413	0.0003326000763992255	0.00030496971779562734	0.00020398276345648793	0.0003440017993940276	0.00033417189201366727	0.00021854947637695127	0.00035705110620528696	0.00026949707699324186	0.6217518817922172	0.00026033191667992157	0.6220826296627179	0.6669225102599103	0.0002668888083683318	1.0926252353979722	0.6191147027032412	0.00029481738789728683	0.7613009667946381	0.4562505129132091	1.8396789639811575	0.22696724317910838	1.1649673669041318	0.8253362772851093	1.5023231654426445	0.00027401270431518004
A958Q	missense	48	90	74	67	28	10	1	89	47	39	16	21	3	71	110	20	58	0.00015387514131390528	0.0002678069553292113	0.00028949704713011925	0.00022506793410805246	7.505506194630717e-05	0.0001789199739752765	2.583712277800744e-05	0.0002756922172087082	0.00019615535504119262	0.00013172280253434673	7.30209183454319e-05	0.0002804762997526709	5.292335375292732e-05	0.0002703413058986971	0.0003976883914400261	9.14399174428174e-05	0.00011119110169651236	0.5313061936635943	0.0002143567496284225	-0.24554136487245054	0.50076575845623	0.00016914782328241986	-0.20266080824553037	0.5124850053856315	0.00021766517911951325	-0.11207343812889516	-0.840414677348322	-1.110760239161007	-0.7242488116300287	-0.39571041045283956	-0.18675853708229204	-0.7532353248069232	0.0002003899173434519
A958M	missense	62	101	52	38	98	16	7	62	54	41	59	17	6	51	37	29	78	0.0001978394674035925	0.0003001792246547203	0.0002045779133052843	0.00012908307985608892	0.0002562224528511865	0.0002765126870527001	0.00010334849111202976	0.00019298455204609573	0.0002247613443180332	0.00013830894266106405	0.0002577208882779949	0.0002294806088885489	9.261586906762282e-05	0.00019524649870461457	0.00013614557544793687	0.00013062845348973912	0.00014888300057668604	0.595877732027519	0.00022251566766682003	0.3738780591792271	0.6415519508974278	0.00020344393182579698	0.8948473473198497	0.5954111186009248	0.00015272588205474414	0.5671514551604471	-0.4274109222404085	-0.17100919219294586	-0.39406058722483406	0.14603551737166853	0.611958953886508	-0.012486837410638663	0.00019289516051578705
A958K	missense	63	1	11	22	68	6	13	15	12	23	46	2	3	12	13	29	60	0.00020097977640999874	5.885867150092556e-06	4.631952754081908e-05	7.612591888948834e-05	0.00017857928532052393	0.00011385816525699414	0.0001808598594460521	4.901194972599257e-05	5.312540865698967e-05	7.903368152060803e-05	0.00020188136248442935	3.824676814809149e-05	5.292335375292732e-05	4.881162467615364e-05	5.0158896217660946e-05	0.00013062845348973912	0.00011496029158452974	0.8481458639022231	7.672764972523099e-05	2.7938263043602993	0.7831103878080269	9.57631005970049e-05	1.9983755861658552	0.7261856252122394	8.613981649202085e-05	1.6382893254164392	0.20097800780990308	1.2588304826633299	0.14105261447251513	1.0240056462788847	2.1434970719808644	1.1414180644711074	8.621018893808558e-05
L959R	missense	199	110	111	111	103	31	10	178	98	133	68	18	10	168	168	78	205	0.0006280618012812461	0.0003266656268301368	0.0004323155903809781	0.00037070012676620405	0.00026916298077296364	0.000520494469746259	0.00014210417527904092	0.0005483211875595418	0.0004045704197724598	0.0004412713884900615	0.00029637902151969416	0.00024222953160457942	0.00014553922282055013	0.0006345511207899974	0.0006054895329131928	0.00034398826085631305	0.00038822655846578895	0.6040788548050112	0.0003497110811875706	0.45254948123488314	0.5718272954749811	0.0004226355043354393	0.35130414437342	0.5615906843260744	0.000493063868256323	0.2901376175325429	-0.5638092810157591	-0.48137077820411606	-0.2212470379303888	0.42957390451983457	0.36466374771361537	-0.025898436842140743	0.00042180348459311097
L959S	missense	183	188	123	132	164	34	28	196	102	168	107	39	23	134	130	117	235	0.0005778168571787464	0.0005562144456837465	0.0004786351179217972	0.0004402064005348673	0.0004270374214186442	0.0005692908262849707	0.0003746382802811079	0.0006034596310012835	0.0004209166993592258	0.0005565288407076149	0.0004638975989003909	0.0005099569086412198	0.00031754012251756396	0.0005068899485600571	0.000469343957465256	0.0005138052503929739	0.00044476440678604945	0.5970071715842017	0.0004755233463897638	0.38471250446932737	0.6076955220870368	0.0005112006924921288	0.6309172978354697	0.6158314120944098	0.00048370089080108415	0.734408440098836	-0.18172203430539774	0.3880326731891663	-0.2057348717521411	0.45502500252292416	0.583346080801211	0.4215288378560452	0.0004901416432276589
L959K	missense	42	18	11	25	30	2	11	25	21	57	15	5	3	24	31	24	49	0.0001350332872754679	5.591573792587927e-05	4.631952754081908e-05	8.605538657072594e-05	8.0231273115018e-05	4.8796356538711774e-05	0.00015502273666804465	7.964441830473792e-05	8.990453772721329e-05	0.00019099806367480274	6.872557020746531e-05	7.649353629618297e-05	5.292335375292732e-05	9.386850899260315e-05	0.00011464890564036788	0.00010885704457478262	9.422974720043421e-05	0.6774549645868545	6.713048128811058e-05	1.156429066758506	0.6448990639227127	0.0001073181474785548	0.9209399902072806	0.6235701839386016	0.00010290105160204697	0.7977945832117435	0.5020080034738843	1.9437958131119604	-0.15997738119146607	0.5301001637385283	0.9583878800591767	1.2369479884252443	9.244989345623746e-05
L959G	missense	179	261	172	215	104	56	50	233	217	218	120	87	29	217	155	164	252	0.0005652556211531214	0.0007710485966621247	0.0006677731887134752	0.0007149216730491079	0.000271751086357319	0.0009271307742355238	0.0006588466308391897	0.0007167997647426413	0.0008908722374787498	0.0007211823438755483	0.0005197371246939565	0.0011219051990106837	0.00039692515314695493	0.0008185333984154996	0.0005589134149967934	0.0007184564941935652	0.0004768025208341971	0.5502346263930085	0.0006063736361955067	-0.06396540746882402	0.5916116648547535	0.000712147867697724	0.5055345157650407	0.5829407046863955	0.0006431764571100138	0.4650097384929884	-0.14835666742863318	0.4639524150005214	-0.45124753956629104	0.052207826782497	0.30219294892973503	0.2580801208915092	0.0006538993203344147
L959D	missense	77	139	93	90	43	34	20	116	65	60	53	41	13	67	68	42	106	0.00024494410249968596	0.00041201070050647887	0.0003628362990697495	0.0003011938529975408	0.00011387664571163845	0.0005692908262849707	0.00027128978916907815	0.00035839988237132067	0.00026971361318163983	0.00020087727386487874	0.00023194879945019544	0.0005354547540732808	0.00018523173813524564	0.0002553223444598806	0.00024721170278704324	0.00018723411666862608	0.0002016516590089292	0.5245681831057271	0.0002974793745713519	-0.3101774990696193	0.5721942604895099	0.00026523489221700865	0.3541648446258312	0.5940115649231538	0.00022285495573111976	0.5556880974727579	-0.3219007374704345	0.06906927047737274	-0.4610073768554473	0.036194681198171916	0.19989181434298997	0.05263197583777233	0.00026185640750649343
L959V	missense	157	131	79	91	148	20	35	189	128	132	79	18	11	126	152	127	130	0.0004961688230121844	0.00038846723190610866	0.00030879685027212725	0.00030450367555795335	0.00038562773206895747	0.00034157449577098246	0.00046506821000413394	0.0005820169029961618	0.0005271675166732051	0.00043797831842670287	0.0003436278510373266	0.00024222953160457942	0.00015877006125878198	0.00047685202568242406	0.0005481650800930089	0.000557348068222887	0.00024688193766513766	0.6238457081704738	0.0003468488724512867	0.642168208574812	0.571824071981732	0.0004726976472833491	0.3512790154167449	0.5784830975281033	0.0004573117779158644	0.42849870922822353	0.13403121817928978	1.1064993842933386	-0.18345847704098894	0.4915742954091796	0.47398197773992684	0.7990368398512591	0.00042561943255016676
L959N	missense	47	58	40	42	36	9	7	78	52	28	23	10	13	82	63	45	77	0.00015073483230749907	0.0001736330809277304	0.0001582583857644652	0.00014232237009773906	9.575990662115051e-05	0.00016265452179570593	0.00010334849111202976	0.0002419965017720883	0.00021658820452465018	9.549903183740137e-05	0.00010308835531119797	0.00014023814987633546	0.00018523173813524564	0.0003116434498554425	0.00022929781128073576	0.0002002969620176	0.00014699840563267737	0.5702703871293775	0.0001424934358527713	0.12823288438250555	0.5227030488980559	0.00016429302336133447	-0.0316471970850015	0.5514081263674795	0.00022205915719661392	0.2067350972084182	-0.19696200086213458	0.3533555683194792	0.1208492283842281	0.9908575769880658	0.10110692816864075	0.6721065726537725	0.00017628187213690656
L959L	silent	171	113	86	109	186	12	18	98	91	108	104	7	21	70	87	115	205	0.0005401331491018716	0.00033549442755527567	0.00033581657467093834	0.000364080481645379	0.00048397574427446344	0.0002114508783344177	0.0002454526663910707	0.000303261438929579	0.0003759644304956192	0.0003589446369060948	0.00045101155448649114	0.00010199138172824396	0.00029107844564110026	0.000266586565538993	0.0003152844905110117	0.0005050966868269913	0.00038822655846578895	0.6639724623807722	0.0003798418070365141	1.0270946268044978	0.6607772367375239	0.000372295515204446	1.0447193456793045	0.6720050093224522	0.00036879857533569623	1.194510862647432	0.06475826079191409	0.948875310840664	0.4554465716944778	1.539837627762932	1.0887749450437447	1.244356469301798	0.00037364529919221883
L959F	missense	77	33	32	57	67	10	22	46	34	55	56	6	13	35	34	29	87	0.00024494410249968596	0.00010005974155157344	0.00012737870073725247	0.0001919697085039271	0.0001759911797361685	0.0001789199739752765	0.0002971269119470856	0.00014397260232010316	0.00014302994638420297	0.0001844119235480854	0.00024483484386409517	8.924245901221346e-05	0.00018523173813524564	0.00013517065294934856	0.00012539724054415238	0.00013062845348973912	0.00016584435507276422	0.6863842901999739	0.00014884983263223036	1.242085965580951	0.6850294991660274	0.00017906232902912167	1.2337794754026907	0.6468234320573167	0.00013926017551400106	0.9882555171645973	0.22028316300528977	1.3027575404258076	0.31714387352819634	1.3129218324655807	1.154706986049413	1.307839686445694	0.00015572411239178437
L959A	missense	84	99	74	135	276	15	61	81	59	113	141	18	56	85	40	120	235	0.0002669262655445296	0.0002942933575046278	0.00028949704713011925	0.0004501358682161049	0.0007169052468664512	0.0002602472348731295	0.0008009508061182307	0.0002511862423457119	0.00024519419380149076	0.0003754099872228882	0.0006099394355912547	0.00024222953160457942	0.0007541577909792144	0.00032290767093455487	0.00014689391035172135	0.0005268680957419479	0.00044476440678604945	0.7269854332844448	0.00043770787992932576	1.6315630835564023	0.7267792958228343	0.00037043246474033635	1.559242800530826	0.6896530078375034	0.00036035852095356845	1.3390607449870935	0.48821971898825095	1.9124218737203396	0.4932351325838776	1.6018380186522772	1.509955543024774	1.7571299461863084	0.0003894996218744102
L959C	missense	58	32	8	29	73	2	7	21	24	23	27	3	4	22	25	30	37	0.0001852782313779676	9.711680797652717e-05	3.4739645655614314e-05	9.929467681237608e-05	0.00019151981324230102	4.8796356538711774e-05	0.00010334849111202976	6.739143087323978e-05	0.00010216424741728782	7.903368152060803e-05	0.0001202697478630643	5.099569086412198e-05	6.615419219115915e-05	8.63590282731949e-05	9.31522358327989e-05	0.00013498273527273044	7.161460787233e-05	0.7278471592820686	0.00010566773592170464	1.6398294162884826	0.6709201027755564	9.221477691854997e-05	1.1237887345485094	0.6242221224425136	9.652715181276357e-05	0.8031344314643825	0.325916744418203	1.5431167805054362	0.11302389087227156	0.9780184009738648	1.1889175274337915	1.2605675907396505	9.81365548843394e-05
L959P	missense	94	122	80	150	323	19	52	132	93	104	123	21	37	57	50	67	165	0.0002983293556085919	0.00036198082973069217	0.0003126568109005288	0.000499783206622293	0.0008385462093311558	0.00032530904359141186	0.0006846837536171972	0.00040741183209731325	0.0003841375702890022	0.00034577235665266015	0.0005326231691078562	0.0002804762997526709	0.0005027718606528096	0.00021777494086283933	0.0001827216933643363	0.0002960911612434087	0.0003128427607054416	0.7254004591899754	0.0005032417641461675	1.616358803689322	0.6502455029886496	0.0004174862320367079	0.9626185126273673	0.6743561598874088	0.0002523576390440065	1.213768487654452	0.3231938860827297	1.5369211734683086	0.2534747936588191	1.2084587953306143	1.2642486013237137	1.3726899843994613	0.0003910285450756273
L959H	missense	55	73	31	63	26	10	10	43	28	53	21	1	5	52	42	59	29	0.0001758573043587489	0.00021777708455342454	0.0001235187401088509	0.0002118286438664023	6.987885077759632e-05	0.0001789199739752765	0.00014210417527904092	0.00013478286174647955	0.00011851052700405388	0.00017782578342136806	9.449765903526481e-05	2.549784543206099e-05	7.938503062939099e-05	0.0001990012390643187	0.00015405946695424435	0.00026125690697947825	5.6537848320260525e-05	0.5536952439583988	0.00015575082982656854	-0.030768525475150483	0.6103647305264672	0.00013140420780179157	0.6517252902982418	0.5653387259496762	0.00016771386532957546	0.3208367914492752	-0.10005198785407812	0.5738651522146996	0.49323513258387763	1.6018380186522772	0.3139311854241222	1.0878515854334885	0.00015162296765264518
L959T	missense	82	44	35	65	140	13	36	95	45	55	41	6	11	79	66	44	94	0.0002606456475317171	0.0001324320108770825	0.00013895858262245726	0.0002184482889872274	0.00036492288739411414	0.0002277163305139883	0.00047798677139313764	0.0002940716983559554	0.0001879822152478096	0.0001844119235480854	0.00018040462179459645	8.924245901221346e-05	0.00015877006125878198	0.0003003792287763301	0.00024004614618452024	0.00019594268023460871	0.000179036519680825	0.738622643655457	0.00021369044247022034	1.743196077414387	0.5741404621356632	0.0002117176147366117	0.3693365893970385	0.5692689598078007	0.000228851143719071	0.35302825164657375	0.3220217005346788	1.5342539759370566	0.2501970838975832	1.2030809962920843	0.8218536394859998	1.3686674861145705	0.00021808640030863434
L959_	nonsense	80	172	110	120	25	31	17	145	87	73	22	20	1	118	121	51	56	0.0002543650295189047	0.000509127508483006	0.00042845562975257653	0.00040048852980991686	6.729074519324091e-05	0.000520494469746259	0.00023253410500206697	0.0004472340412496822	0.00035961815090885315	0.00024368718468854142	9.879300717323138e-05	0.0002677273770366404	2.646167687646366e-05	0.00044681410280479107	0.00043709895275390254	0.00022642265271554784	0.000107421911808495	0.5046149148911714	0.0003513406033096851	-0.5015844597610465	0.4987034120204141	0.00028733309600507707	-0.21873796747301943	0.4988610979761564	0.0003044394050206841	-0.22366310147607346	-0.349929461070678	0.005292556530486562	-1.005075421205723	-0.8564678237023772	-0.3146618429033798	-0.4255876335859453	0.00031437103477848204
L959Y	missense	62	43	21	31	27	15	12	75	33	67	32	12	2	48	41	53	57	0.0001978394674035925	0.0001294890773020362	8.491913382483498e-05	0.00010591432193320116	7.246695636195174e-05	0.0002602472348731295	0.00016794129805704837	0.0002328067611984647	0.00013894337648751146	0.00022392876430838942	0.00014174648855289722	0.00016573599530839644	3.9692515314695496e-05	0.0001839822776255022	0.00015047668865298284	0.00023513121628153044	0.00010930650675250369	0.5772418564035687	9.819737235550603e-05	0.19510853257096591	0.5930992422202604	0.0001843563476368157	0.5171310243598752	0.5993383663551993	0.00016972417232812977	0.5993184570057235	-0.19022861820316614	0.3686767447619278	-0.6207082197229591	-0.2258294459476992	0.43718600464552154	0.0714236494071143	0.0001507592974401505
L959I	missense	64	18	9	23	128	11	22	21	36	74	96	0	6	29	30	60	175	0.00020412008541640498	5.591573792587927e-05	3.8599606284015906e-05	7.943574144990087e-05	0.0003338656203818491	0.0001951854261548471	0.0002971269119470856	6.739143087323978e-05	0.000151203086177586	0.00024698025475190013	0.0004166487693827585	1.2748922716030496e-05	9.261586906762282e-05	0.0001126422107911238	0.00011106612733910638	0.0002656111887624696	0.00033168871014552844	0.8403054862432152	0.0001269541765104113	2.7186154245060945	0.7870265628151102	0.0002205558852963711	2.0289043896967156	0.7485804531046354	0.00020525205925955707	1.8217191763483724	0.18249460211588994	1.2167732382977292	0.8612119178784721	2.20558433736613	2.1897463301837274	1.7111787878319298	0.0001842540403554465
L959Q	missense	46	5	8	5	42	4	2	23	14	37	19	0	4	12	24	31	57	0.00014759452330109283	1.7657601450277664e-05	3.4739645655614314e-05	1.9858935362475217e-05	0.00011128854012728304	8.132726089785297e-05	3.875568416701116e-05	7.351792458898885e-05	6.129854845037269e-05	0.00012513666240762937	8.590696275933165e-05	1.2748922716030496e-05	6.615419219115915e-05	4.881162467615364e-05	8.95694575315374e-05	0.00013933701705572175	0.00010930650675250369	0.8061630034740245	4.588618064891256e-05	2.391094700229811	0.6615050886876341	8.646502455158064e-05	1.0503933641142005	0.6996891160660867	9.675615150397913e-05	1.421263736014806	-0.3219007374704345	0.06906927047737274	0.715083882200234	1.9658293660545776	1.6209172667862726	1.0174493182659752	7.636911890149077e-05
L959E	missense	52	25	24	19	16	4	6	65	58	22	15	4	1	64	78	31	31	0.0001664363773395302	7.651627295120322e-05	9.649901571003975e-05	6.619645120825072e-05	4.399779493404213e-05	8.132726089785297e-05	9.042992972302605e-05	0.00020217429261971934	0.00024110762390479928	7.574061145724937e-05	6.872557020746531e-05	6.374461358015247e-05	2.646167687646366e-05	0.0002440581233807682	0.0002830394857996582	0.00013933701705572175	6.0307038208277895e-05	0.5685674020288689	7.080238370088395e-05	0.11189655297623757	0.5046863015322397	0.0001469370245473083	-0.17209795314194307	0.5054672006811591	0.00018168541611110652	-0.16955433849553128	0.0460760478241599	0.9063656992959943	-0.38182613080782246	0.1661088163362278	-0.07658524622041225	0.5362372578161111	0.00013314160811976625
L959W	missense	99	69	48	49	70	9	14	55	34	44	32	8	11	46	42	43	127	0.00031403090064062303	0.00020600535025323943	0.00018913807079167793	0.00016549112802062682	0.00018375549648923478	0.00016265452179570593	0.0001937784208350558	0.00017154182404097398	0.00014302994638420297	0.00014818815285114005	0.00014174648855289722	0.00011474030444427445	0.00015877006125878198	0.00017647279690609393	0.00015405946695424435	0.0001915883984516174	0.00024122815283311158	0.6098203733038078	0.00018609751138869474	0.5076265038955905	0.6075833526433527	0.00015112660295730354	0.6300428734539741	0.6629569265517193	0.0001908372037862668	1.1204005153016119	0.07603927120160305	0.9745441848212232	0.1410526144725152	1.0240056462788847	0.7526899642170589	0.999274915550054	0.00017602043937742172
L959M	missense	71	71	27	19	116	12	12	42	22	44	37	12	8	46	60	28	84	0.0002261022484612486	0.00021189121740333198	0.00010807889759524453	6.619645120825072e-05	0.0003028083533695841	0.0002114508783344177	0.00016794129805704837	0.00013171961488860502	9.39911076239048e-05	0.00014818815285114005	0.00016322322924273012	0.00016573599530839644	0.00011907754594408647	0.00017647279690609393	0.00021854947637695127	0.00012627417170674784	0.00016019057024073817	0.6668863145362576	0.00017224372989410282	1.0550465181432187	0.6596075610681179	0.000134280526151595	1.035601060964874	0.5991150635462709	0.0001703717538076328	0.5974894453628907	-0.10005198785407812	0.5738651522146996	-0.14358696500329673	0.5569922227793532	0.8960456748236613	0.5654286874970265	0.00015896533661777687
N960V	missense	164	172	108	179	471	26	58	141	72	158	238	32	65	135	112	142	404	0.000518150986057028	0.000509127508483006	0.0004207357084957733	0.0005957680608742566	0.001221585835815758	0.000439167208848406	0.0007621951219512195	0.00043498105381818404	0.00029831960245848047	0.0005235981400740282	0.0010265882049740132	0.0004207144496290064	0.0008732353369233009	0.0005106446889197612	0.0004048539480425491	0.0006226622949677566	0.0007632609523235171	0.7302158984300579	0.0006868042784171984	1.6625521680759159	0.734487156590049	0.0005708717503311765	1.6193299433627757	0.6779920841443695	0.000575355471063396	1.243549339182253	0.23943625962907875	1.3463386032667088	0.31714387352819634	1.3129218324655807	1.5084771502069814	1.3296302178661448	0.000611010499937257
N960L	missense	159	263	181	245	493	55	77	299	148	218	251	72	76	201	158	138	420	0.0005024494410249969	0.0007769344638122173	0.0007025128343690894	0.000814216349861484	0.0012785241586715772	0.0009108653220559532	0.0010076477883422903	0.0009189740573623607	0.0006088989146070355	0.0007211823438755483	0.0010824277307675788	0.0009306713582702262	0.001018774559743851	0.0007584575526602336	0.0005696617499005779	0.0006052451678357913	0.000793414471427656	0.6815645161850152	0.000893046951678592	1.1958510187289972	0.6476117183042903	0.0008328707616531307	0.9420866684105077	0.6314386487332704	0.0006816947354560647	0.8622430054672819	0.043854587830201845	0.901310976840567	0.039281742916241126	0.8570282946907669	1.000060230868929	0.879169635765667	0.0008025374829292624
N960M	missense	82	24	24	97	147	9	12	45	20	94	126	3	45	39	57	76	190	0.0002606456475317171	7.357333937615695e-05	9.649901571003975e-05	0.0003243626109204286	0.00038303962648460205	0.00016265452179570593	0.00016794129805704837	0.00014090935546222862	8.581796783052178e-05	0.00031284165601907344	0.000545509213521756	5.099569086412198e-05	0.0006086185681586642	0.00015018961438816505	0.00020780114147316678	0.00033527969729033047	0.00035995763430565867	0.7897145208576628	0.00021936864812280684	2.2333083149755457	0.7909815015962766	0.00027126954820839495	2.0597353788145214	0.7148170378028766	0.00026330702186433023	1.5451723653832647	0.013891364452758636	0.833132491315338	1.076811718217827	2.5593229180924055	1.946072019724444	1.6962277047038716	0.000251315072731844
N960T	missense	132	44	44	79	53	5	21	81	37	99	32	6	13	104	73	76	83	0.0004176610978520286	0.0001324320108770825	0.00017369822827807157	0.0002647858048330029	0.00013975770155519264	9.759271307742355e-05	0.00028420835055808184	0.0002511862423457119	0.0001552896560742775	0.0003293070063358668	0.00014174648855289722	8.924245901221346e-05	0.00018523173813524564	0.00039424773776893326	0.0002651255942933507	0.00033527969729033047	0.00015830597529672947	0.6448868765903998	0.0001776684363858374	0.8440111374297709	0.6030204070237672	0.00021938234832718836	0.5944721264647903	0.555865800318116	0.000288239751162336	0.24324667355083163	0.46421944258448444	1.8578115109838818	0.31714387352819634	1.3129218324655807	0.5605766458151309	1.5853666717247312	0.0002284301786251206
N960G	missense	206	117	76	104	129	27	30	137	77	99	88	22	10	138	182	104	195	0.0006500439643260897	0.0003472661618554608	0.00029721696838692246	0.0003475313688433163	0.00033645372596620454	0.0004554326610279766	0.00040047540305911534	0.0004227280663866859	0.00031875245194193803	0.0003293070063358668	0.0003822859842790258	0.0002932252224687014	0.00014553922282055013	0.0005219089099988735	0.0006556484291308538	0.00045719958721408696	0.0003693806090257021	0.6266821152033883	0.000332117056262976	0.6693771872552027	0.6154709146468448	0.0003632683772358792	0.6915308892618863	0.5840825396674107	0.0005010343838423791	0.4743621935046036	-0.055848325362024685	0.6744464122951943	-0.30422127299515267	0.29343654213610765	0.6117567566738975	0.48394147721565095	0.0003988066057804115
N960R	missense	200	105	67	77	144	23	45	148	104	131	120	9	12	117	99	132	268	0.0006312021102876523	0.0003119509589549054	0.00026247732273130815	0.00025816615971217783	0.00037527530973153583	0.0003903708523096942	0.0005942538238941712	0.0004564237818233058	0.00042908983915260885	0.0004346852483633442	0.0005197371246939565	0.00012748922716030494	0.0001720008996970138	0.0004430593624450869	0.0003582778301261496	0.0005791194771378435	0.0005069560399383361	0.644213773788221	0.0003019674377824818	0.837554222190996	0.6382841195601909	0.00045998399850830384	0.8693727501207847	0.6523212422873126	0.00047185317741185403	1.0332865625374716	0.18249460211588994	1.2167732382977292	0.13005723017105197	1.0059653158554915	0.9134045116164174	1.1113692770766104	0.00041126820456754656
N960A	missense	102	29	19	32	62	6	10	29	27	66	34	0	8	67	51	57	133	0.00032345182765984175	8.828800725138832e-05	7.719921256803181e-05	0.0001092241444936137	0.00016305065181439142	0.00011385816525699414	0.00014210417527904092	9.189740573623606e-05	0.00011442395710736236	0.00022063569424503074	0.0001503371848288304	1.2748922716030496e-05	0.00011907754594408647	0.0002553223444598806	0.0001863044716655978	0.0002525483434134957	0.0002525357224971637	0.6981884152153071	0.0001094405040318563	1.355320131959688	0.6859591812054884	0.00014432356047936487	1.241026873763984	0.6326427776101049	0.00023667772050903443	0.872105692577085	0.09624265728989004	1.0205150821652602	0.97035638730354	2.3846596873793295	1.1561508994335856	1.7025873847722948	0.00016348059500675188
N960D	missense	68	169	47	101	147	21	39	96	69	98	96	11	36	121	114	86	197	0.0002166813214420299	0.0005002987077578672	0.00018527811016327633	0.0003376019011620787	0.00038303962648460205	0.000357839947950553	0.0005167424555601488	0.00029713494521382995	0.00028605989276840593	0.00032601393627250814	0.0004166487693827585	0.00015298707259236595	0.0004895410222145777	0.0004580783238839034	0.00041201950464507205	0.0003788225151202435	0.0003731497989137195	0.6072704051037275	0.00035155458639195606	0.48316526487505257	0.6625696014555995	0.0003314643859093756	1.058691844414628	0.6028074821736472	0.00040551753564073466	0.6277330266778384	0.15958532265167805	1.1646453360801046	0.5051343558835854	1.6213612944399092	0.723196711989173	1.3930033152600068	0.0003628455026473554
N960_	nonsense	80	240	285	293	37	30	17	179	79	97	27	43	6	115	135	65	44	0.0002543650295189047	0.0007092469915861529	0.0011039487397228548	0.0009730878327612857	9.834801220550593e-05	0.0005042290175666884	0.00023253410500206697	0.0005513844344174164	0.00032692559173532105	0.00032272086620914947	0.0001202697478630643	0.0005609525995053418	9.261586906762282e-05	0.00043554988172567866	0.0004872578489715635	0.0002873825976774261	8.480677248039078e-05	0.5399129709816115	0.0007211578940689499	-0.16297859520107286	0.5022470146377587	0.0003303251600562378	-0.19111357686210895	0.5041402140781567	0.0003237492752137648	-0.18042331931319858	-0.3361411765850447	0.036666495922107085	-0.7822407586077155	-0.49085887063300315	-0.17817183045879345	-0.22709618735544804	0.0004584107764463175
N960Y	missense	71	52	51	63	81	17	37	65	47	109	74	10	34	47	62	45	107	0.0002261022484612486	0.0001559754794774527	0.0002007179526768827	0.0002118286438664023	0.00021222465791714438	0.00029277813923227067	0.0004909053327821414	0.00020217429261971934	0.00019615535504119262	0.0003622377069694535	0.0003221511103474937	0.00014023814987633546	0.0004630793453381141	0.00018022753726579807	0.00022571503297947427	0.0002002969620176	0.0002035362539529379	0.6537958659784328	0.00019518668348447052	0.9294729556772505	0.6857282527875725	0.00027067961624446476	1.2392266558759957	0.6318704325100187	0.00020244394655395258	0.8657796271454807	0.22445910365942592	1.312259499072105	0.5187892370562657	1.6437651105770623	1.0114930795662425	1.4780123048245837	0.00022277008209429594
N960H	missense	53	23	21	16	67	4	14	23	6	41	50	3	17	12	20	36	108	0.00016957668634593644	7.063040580111066e-05	8.491913382483498e-05	5.6266983527013114e-05	0.0001759911797361685	8.132726089785297e-05	0.0001937784208350558	7.351792458898885e-05	2.860598927684059e-05	0.00013830894266106405	0.0002190627550362957	5.099569086412198e-05	0.00023815509188817295	4.881162467615364e-05	7.523834432649142e-05	0.00016110842597067828	0.00020542084889694657	0.7176458426966595	9.695192572228182e-05	1.5419706103190531	0.773624228114911	0.0001148739028907973	1.924425595419862	0.7665922507041278	0.00012264481096756747	1.9692488365255272	0.37706926686558423	1.6595095152698536	0.6693263916395589	1.8907542048389732	1.8118816807548142	1.7751318600544135	0.00011149021319354887
N960S	missense	170	123	58	81	172	23	46	113	75	165	136	3	36	78	79	122	278	0.0005369928400954654	0.0003649237633057384	0.00022773767707569382	0.000271405449953828	0.0004477422660934876	0.0003903708523096942	0.0006071723852831748	0.00034921014179769704	0.000310579312148555	0.0005466496305175389	0.0005884626949014218	5.099569086412198e-05	0.0004895410222145777	0.000296624488416626	0.0002866222641009197	0.0005355766593079305	0.0005258019893784229	0.6528359165098235	0.000327952289107187	0.9202643885278446	0.6914261958959036	0.0004487254448413032	1.2836453515087565	0.6961778269847099	0.0004111563503009748	1.3925037367921917	0.1918346283700333	1.2380255861093052	0.9822556106032477	2.4041829631669613	1.1988044922762644	1.8211042746381332	0.0003959446947498217
N960K	missense	55	12	17	22	26	2	1	16	7	28	16	2	3	31	19	12	30	0.0001758573043587489	3.825813647560161e-05	6.947929131122863e-05	7.612591888948834e-05	6.987885077759632e-05	4.8796356538711774e-05	2.583712277800744e-05	5.20751965838671e-05	3.26925591735321e-05	9.549903183740137e-05	7.30209183454319e-05	3.824676814809149e-05	5.292335375292732e-05	0.00012015169151053205	7.165556602522992e-05	5.660566317888696e-05	5.8422443264269213e-05	0.6750058580632218	6.343554936347873e-05	1.1329353698334017	0.687006383946943	6.332192648505812e-05	1.2491904125979285	0.5434262673520867	7.670884099472954e-05	0.1413578942047576	-0.2761432469097594	0.17318611960817545	0.14105261447251513	1.0240056462788847	0.8411612255453625	0.59859588294353	6.782210561442213e-05
N960C	missense	106	107	102	79	247	15	12	94	66	106	163	27	12	69	81	88	243	0.00033601306368546665	0.000317836826104998	0.0003975759447253638	0.0002647858048330029	0.000641850184920144	0.0002602472348731295	0.00016794129805704837	0.0002910084514980809	0.00027380018307833135	0.0003523584967793775	0.0007044370946265194	0.00035696983604885385	0.0001720008996970138	0.0002628318251792889	0.0002937878207034427	0.0003875310786862261	0.00045984116633811896	0.6896751470229514	0.00040551219014587714	1.2736543731111654	0.7266620009644658	0.0004054010564955773	1.5583284206372217	0.685966456242926	0.00035099797272676917	1.3088652189176198	-0.19022861820316614	0.3686767447619278	-0.31710080117116723	0.2723048620035828	1.380282670888669	0.32049080338275526	0.0003873037397894078
N960E	missense	48	41	29	54	295	8	26	37	21	47	68	3	37	30	31	28	148	0.00015387514131390528	0.00012360321015194366	0.00011579881885204771	0.0001820402408226895	0.0007660792529692041	0.00014638906961613534	0.00034880115750310044	0.00011640338059923235	8.990453772721329e-05	0.00015806736304121606	0.00029637902151969416	5.099569086412198e-05	0.0005027718606528096	0.00011639695115082791	0.00011464890564036788	0.00012627417170674784	0.00028080464665729396	0.834856149146728	0.0002968803806989712	2.666341228609666	0.7400370389981127	0.00016518857572183897	1.6625944219289017	0.7238929695562554	0.0001595311687888094	1.6195108160554366	0.37706926686558423	1.6595095152698536	0.993837483153063	2.4231855557086783	1.982815488864668	2.041347535489266	0.00020720004173653986
N960P	missense	77	39	33	59	25	7	1	49	40	50	29	2	3	47	49	52	75	0.00024494410249968596	0.00011771734300185111	0.00013123866136565408	0.00019858935362475217	6.729074519324091e-05	0.00013012361743656474	2.583712277800744e-05	0.00015316234289372677	0.00016754936576435204	0.00016794657323129206	0.00012886044413899745	3.824676814809149e-05	5.292335375292732e-05	0.00018022753726579807	0.0001791389150630748	0.00023077693449853913	0.00014322921574466	0.6046223738371713	0.00012870902579637458	0.45776333015953297	0.6103226133595184	0.00015437968150709209	0.6513969631134938	0.6148828806598831	0.000183343150643018	0.7266392810557082	-0.7021119791820406	-0.7960655086825615	0.14105261447251513	1.0240056462788847	0.6119331914429117	0.11397006879816157	0.00015547728598216157
N960W	missense	59	0	15	9	50	1	4	3	10	29	28	4	7	11	12	19	46	0.00018841854038437382	2.942933575046278e-06	6.175937005442545e-05	3.309822560412536e-05	0.0001319933848021264	3.2530904359141185e-05	6.45928069450186e-05	1.2252987431498142e-05	4.4952268863606643e-05	9.879210190076005e-05	0.0001245650960010309	6.374461358015247e-05	0.00010584670750585465	4.505688431644952e-05	4.657611791639945e-05	8.708563565982608e-05	8.857596236840816e-05	0.8200063662125588	5.7448478508930867e-05	2.523890789524039	0.7991039084614602	7.014061354922393e-05	2.1230541434091568	0.7049991618481122	6.68236500652708e-05	1.4647568546455316	0.2978880208179594	1.4793400665585499	0.22023386052013996	1.1539197814169404	2.037233929192909	1.3166299239877453	6.48042473744752e-05
N960N	silent	49	30	19	28	15	5	2	21	24	37	23	2	1	38	24	30	69	0.00015701545032031152	9.12309408264346e-05	7.719921256803181e-05	9.598485425196355e-05	4.140968934968671e-05	9.759271307742355e-05	3.875568416701116e-05	6.739143087323978e-05	0.00010216424741728782	0.00012513666240762937	0.00010308835531119797	3.824676814809149e-05	2.646167687646366e-05	0.00014643487402846094	8.95694575315374e-05	0.00013498273527273044	0.0001319216460806079	0.57158781892459	7.645617424902917e-05	0.14087069454615186	0.6658715121199462	9.944517400233874e-05	1.0844321092817413	0.625465689361092	0.00012572717822833417	0.8133201446832893	-0.40108198351805935	-0.11110017823393102	-0.15997738119146607	0.5301001637385283	0.6795409828370609	0.20949999275229864	0.0001005428421599007
N960F	missense	104	74	71	121	303	6	33	94	51	127	144	14	39	102	94	78	207	0.00032973244567265417	0.00022072001812847083	0.0002779171652449145	0.00040379835237032945	0.0007867840976440475	0.00011385816525699414	0.0004392310872261265	0.0002910084514980809	0.00021250163462795867	0.0004215129681099095	0.0006228254800051545	0.00019123384074045744	0.0005292335375292732	0.000386738257049525	0.00034036393861984216	0.00034398826085631305	0.0003919957483538063	0.7599790007778569	0.0004223049083469406	1.9480625365971134	0.7222690796578579	0.0003869621335602759	1.5240831095228329	0.6266571815868253	0.00036577155121987165	0.8230793284735345	0.5863288891739201	2.1356600265430905	0.44208261013649625	1.5179111288192408	1.4317416581978268	1.8267855776811657	0.0003916795310423627
N960I	missense	88	24	18	56	144	11	22	38	28	98	84	3	9	38	37	62	128	0.0002794875015701545	7.357333937615695e-05	7.333925193963022e-05	0.00018865988594351458	0.00037527530973153583	0.0001951854261548471	0.0002971269119470856	0.00011946662745710689	0.00011851052700405388	0.00032601393627250814	0.0003651045917271595	5.099569086412198e-05	0.0001323083843823183	0.00014643487402846094	0.00013614557544793687	0.00027431975232845217	0.00024311274777712025	0.8044382995461118	0.0001777119467477094	2.374550025273078	0.752061361911779	0.00023227392061520708	1.756330833391356	0.6919063854451113	0.00020000323739549254	1.3575175387004856	0.18249460211588994	1.2167732382977292	0.41405388653625275	1.471923883514221	1.8294661324549732	1.344348560905975	0.00020332970158613633
N960Q	missense	55	3	2	8	19	0	7	13	5	23	23	1	15	10	5	14	35	0.0001758573043587489	1.1771734300185111e-05	1.157988188520477e-05	2.9788403043712825e-05	5.176211168710839e-05	1.6265452179570593e-05	0.00010334849111202976	4.2885456010243496e-05	2.4519419380149078e-05	7.903368152060803e-05	0.00010308835531119797	2.549784543206099e-05	0.0002116934150117093	4.1302143956745394e-05	2.1496669807568976e-05	6.531422674486956e-05	6.784541798431263e-05	0.7896530581795886	2.6225532729052773e-05	2.232718718109527	0.7427843694039855	6.238172805554964e-05	1.6840114193928932	0.7037458857154278	4.898961462337414e-05	1.4544916159350838	0.8030379991378654	2.6287611435605904	0.9192038648561588	2.3007327975462935	1.7904072511458349	2.464746970553442	4.586562513599218e-05
T961T	silent	99	94	83	149	486	16	120	104	62	194	177	30	132	88	96	119	339	0.00031403090064062303	0.0002795786896293964	0.0003242366927857336	0.0004964733840618805	0.0012604074195810893	0.0002765126870527001	0.0015631459280694502	0.00032164092007682624	0.0002574539034915653	0.0006421486623549403	0.0007645719685580516	0.00039521660419694534	0.0017597015122848335	0.00033417189201366727	0.00034752949522236514	0.0005225138139589565	0.0006407622809629527	0.7899260766551774	0.0005901740465145249	2.2353377194712656	0.7328579520342782	0.0004964538636203458	1.6066293705577428	0.6991713310983062	0.00046124437053948536	1.4170227023301027	0.7522844610840981	2.5132762601098366	0.6486038249970283	1.8567543064086576	1.752996597453037	2.185015283259247	0.000515957426891452
T961C	missense	85	121	133	101	113	14	27	108	66	98	128	6	19	94	98	90	223	0.0002700665745509358	0.0003590378961556459	0.0005172347242058131	0.0003376019011620787	0.0002950440366165178	0.00024398178269355888	0.0003617197188921042	0.0003338939075083244	0.00027380018307833135	0.00032601393627250814	0.0005540999097976891	8.924245901221346e-05	0.0002646167687646366	0.00035670033417189203	0.0003546950518248881	0.0003962396422522087	0.00042214926745794525	0.5942151707214086	0.0003772296395350139	0.35792950362712844	0.6848894304919511	0.00037195198416421326	1.232687560709407	0.6444383115770864	0.00038244607392673354	0.9687196539623666	0.17101478443245985	1.1906519971381009	0.47204583351393953	1.5670723436943848	0.8531122394329674	1.3788621704162427	0.0003772092325419869
T961L	missense	133	205	164	243	521	37	150	169	164	211	242	37	109	166	174	135	440	0.00042080140685843485	0.0006062443164595332	0.0006368935036862624	0.0008075967047406589	0.0013509911150335289	0.0006180871828236825	0.0019507027697395617	0.000520751965838671	0.0006742840329540997	0.0006981308534320376	0.0010437695975258794	0.00048445906320915885	0.0014553922282055014	0.0006270416400705891	0.0006269862027207619	0.0005921823224868174	0.0008311063703078297	0.713372191475183	0.0008504314099799958	1.500974489655407	0.6927959730655213	0.000734234112437672	1.2943235408176308	0.6519575105709065	0.0006693291338964995	1.0303073364929505	0.49914136282228105	1.9372730429910896	0.47772296640563	1.5763869206491876	1.2752017889886627	1.7568299818201387	0.0007513315521047226
T961F	missense	62	52	32	199	1966	38	75	61	46	213	807	54	80	46	50	88	884	0.0001978394674035925	0.0001559754794774527	0.00012737870073725247	0.0006619645120825073	0.00509080368442711	0.0006343526350032531	0.0009818106655642828	0.0001899213051882212	0.0001920687851445011	0.000704716993558755	0.0034706412954769983	0.0007011907493816772	0.0010716979134967784	0.00017647279690609393	0.0001827216933643363	0.0003875310786862261	0.0016678665254476856	0.942651578879155	0.0015090305941810806	3.70039717170869	0.9090140613936201	0.0011393370948421188	2.9798660731221225	0.8672246899274372	0.0006036480236010855	2.7935013565422615	0.189696997400214	1.2331616086827706	0.18423620724862108	1.0948577657856613	3.1579215337910242	1.1640096872342158	0.0010840052375414282
T961_	nonsense	72	245	243	255	56	47	23	335	195	131	25	79	13	252	243	100	80	0.00022924255746765483	0.0007239616594613843	0.000941830393329988	0.0008473145754656092	0.0001475220183082589	0.0007807417046193884	0.0003100454733360893	0.0010292509442458438	0.0008009676997515365	0.0004346852483633442	0.00011167905158713113	0.0010199138172824395	0.00018523173813524564	0.000949949311005144	0.0008741979055078051	0.00043978246008212176	0.00015265219046470342	0.5393137307193243	0.00066515716164131	-0.16872696464586656	0.46095154245999015	0.000594145735986964	-0.513035185204162	0.47880658702420975	0.0006041454667649436	-0.3879240626276184	-0.40108198351805935	-0.11110017823393102	-0.7408480734494903	-0.42294512638429205	-0.3565620708258823	-0.26702265230911154	0.0006211494547977392
T961G	missense	133	155	99	83	67	21	18	161	139	75	62	33	5	139	117	65	123	0.00042080140685843485	0.00045909763770721933	0.000385996062840159	0.00027802509507465306	0.0001759911797361685	0.000357839947950553	0.0002454526663910707	0.0004962459909756748	0.0005721197855368119	0.00025027332481525875	0.0002706069326918947	0.00043346337234503684	7.938503062939099e-05	0.0005256636503585778	0.00042276783954885654	0.0002873825976774261	0.00023368977305707685	0.5328897899488161	0.00032477749383955	-0.23035030200208756	0.5464435954067834	0.00039731150850491	0.15342381704722824	0.5389754834214798	0.00036737596516048433	0.1049027521137278	-0.1637210677234554	0.4289921729094468	-0.7372137887943963	-0.41698228832124773	0.009325422386289495	0.006004942294099536	0.0003631549891683148
T961S	missense	135	205	136	187	131	20	13	158	99	140	70	37	16	101	112	85	171	0.00042708202487124733	0.0006062443164595332	0.0005288146060910178	0.0006222466413575568	0.0003416299371349154	0.00034157449577098246	0.0001808598594460521	0.0004870562504020511	0.0004086569896691513	0.00046432287893357217	0.00030496971779562734	0.00048445906320915885	0.00022492425344994112	0.0003829835166898209	0.0004048539480425491	0.00037446823333725217	0.0003241503303694937	0.5832877188008363	0.0005247338752607558	0.25310505393158156	0.5881687696139244	0.0004162514592001005	0.4786951962263341	0.6076024727852594	0.000371614007109779	0.6670074706402623	-0.2761432469097594	0.17318611960817545	-0.3332207973743211	0.2458564860345828	0.46626924026605937	0.20952130282137912	0.00043753311385687845
T961M	missense	34	53	20	27	16	6	7	30	28	24	27	4	4	22	28	22	34	0.00010991081522421806	0.000158918413052499	8.10591731964334e-05	9.267503169155101e-05	4.399779493404213e-05	0.00011385816525699414	0.00010334849111202976	9.49606525941106e-05	0.00011851052700405388	8.23267515839667e-05	0.0001202697478630643	6.374461358015247e-05	6.615419219115915e-05	8.63590282731949e-05	0.00010390057073658339	0.0001001484810088	6.596082304030395e-05	0.5144379295519201	9.416260321863139e-05	-0.4073546142628704	0.6369402180187304	0.00010401691976129888	0.8588962759974724	0.6022192856654341	8.909222576472055e-05	0.6229152715096087	-0.042060040876391376	0.7058203516868148	0.01611387786421517	0.8190163499252244	0.35815231108140355	0.7624183508060196	9.575724958155028e-05
T961V	missense	114	181	64	57	66	29	36	157	154	115	72	13	16	160	88	100	217	0.0003611355357367165	0.0005356139106584226	0.00025089744084610336	0.0001919697085039271	0.0001734030741518131	0.00048796356538711777	0.00047798677139313764	0.0004839930035441766	0.0006334183339871845	0.0003819961273496055	0.0003135604140715605	0.00017848491802442692	0.00022492425344994112	0.0006045131979123643	0.0003188672688122732	0.00043978246008212176	0.00041084169779389315	0.5006862552524511	0.00028797103354006654	-0.5392711581481292	0.5724121974312018	0.00045324196973813176	0.3558637865942038	0.5925804601418994	0.0004435011561501631	0.5439663134092776	-0.008971518506745584	0.781110159963197	0.10043476356425111	0.9573631869174876	0.12018631395178407	0.8692366734403423	0.0003949047198094538
T961D	missense	43	6	6	16	38	1	11	24	23	39	30	1	15	29	23	26	101	0.00013817359628187414	2.0600535025323943e-05	2.7019724398811132e-05	5.6266983527013114e-05	0.00010093611778986136	3.2530904359141185e-05	0.00015502273666804465	7.658117144686338e-05	9.807767752059631e-05	0.00013172280253434673	0.00013315579227696404	2.549784543206099e-05	0.0002116934150117093	0.0001126422107911238	8.59866792302759e-05	0.00011756560814076522	0.0001922286842888858	0.789931142646577	5.120584018525239e-05	2.2353863163229826	0.6828360815393956	0.00010988436094469263	1.2166805419629305	0.6914648954686982	0.00012710579561276268	1.3539014162212009	0.6780992625295655	2.344474845718484	0.9192038648561588	2.3007327975462935	1.6019894248357047	2.3226038216323888	9.606533224756923e-05
T961P	missense	65	32	30	80	127	8	29	43	29	109	59	5	24	47	52	75	143	0.00020726039442281122	9.711680797652717e-05	0.0001196587794804493	0.0002680956273934154	0.0003312775147974937	0.00014638906961613534	0.0003875568416701116	0.00013478286174647955	0.00012259709690074538	0.0003622377069694535	0.0002577208882779949	7.649353629618297e-05	0.00033077096095579576	0.00018022753726579807	0.0001898872499668593	0.00033092541550733913	0.00027138167193725053	0.7553253526999578	0.0002040371824119714	1.9034211963845677	0.7116904068791642	0.00021933463847366831	1.4416163601324543	0.6782819885520897	0.00024310546866931174	1.2459238661287482	0.4228267574262594	1.7636263644006565	0.6359026361526091	1.8359152309165216	1.530320474215257	1.799770797658589	0.00022215909651831717
T961N	missense	60	21	15	35	73	4	12	27	18	46	37	5	15	38	53	47	84	0.00019155884939078005	6.47445386510181e-05	6.175937005442545e-05	0.0001191536121748513	0.00019151981324230102	8.132726089785297e-05	0.00016794129805704837	8.577091202048699e-05	7.764482803713875e-05	0.0001547742929778574	0.00016322322924273012	7.649353629618297e-05	0.0002116934150117093	0.00014643487402846094	0.00019347002826812078	0.0002090055255835826	0.00016019057024073817	0.7501551806696384	0.00010929433353064897	1.8538249646327505	0.7053588208036823	0.00012035331556955331	1.392258058476502	0.6350131339017323	0.00017727524953022562	0.8915206263876019	0.3149213601167398	1.5180978217639682	0.4420826101364963	1.5179111288192408	1.3792012164989516	1.5180044752916046	0.00013564096621014262
T961K	missense	57	40	14	26	61	4	10	42	50	45	28	4	15	52	34	42	114	0.00018213792237156137	0.00012066027657689738	5.7899409426023855e-05	8.936520913113848e-05	0.000160462546230036	8.132726089785297e-05	0.00014210417527904092	0.00013171961488860502	0.00020841506473126716	0.00015148122291449873	0.0001245650960010309	6.374461358015247e-05	0.0002116934150117093	0.0001990012390643187	0.00012539724054415238	0.00018723411666862608	0.00021672841856099868	0.669023410263882	0.00010709686034102395	1.075547169642146	0.609096110017626	0.00015404524963385046	0.6418356744870016	0.6447392522855032	0.00018209025370952394	0.9711845762001922	0.24237069296812808	1.3530156292465552	0.5212638561841212	1.6478252639572968	0.8961891401097799	1.500420446601926	0.00014774412122813278
T961R	missense	148	90	54	106	195	25	55	135	107	131	105	36	49	113	109	95	161	0.0004679060419545283	0.0002678069553292113	0.00021229783456208748	0.0003541510139641414	0.0005072686945336622	0.0004229017566688354	0.0007234394377842084	0.0004166015726709368	0.0004413495488426834	0.0004346852483633442	0.0004553069026244577	0.00047171014049312833	0.0006615419219115915	0.00042804040100627043	0.0003941056131387646	0.0004180110511671652	0.00030530438092940684	0.7051549280360122	0.0003353811245972756	1.4221482340676077	0.632827176881475	0.0004369858181253555	0.8268327894151573	0.5971521181392542	0.0003863653615604018	0.5814115016016507	0.23316269118130437	1.3320636906439864	0.14688215813323896	1.033570286401837	0.9434641750281384	1.1828169885229118	0.0003862441014276776
T961Q	missense	35	5	3	7	18	4	0	12	19	17	22	9	0	17	11	17	34	0.0001130511242306243	1.7657601450277664e-05	1.543984251360636e-05	2.647858048330029e-05	4.917400610275297e-05	8.132726089785297e-05	1.291856138900372e-05	3.982220915236896e-05	8.173139793383026e-05	5.9275261140456025e-05	9.879300717323138e-05	0.00012748922716030494	1.323083843823183e-05	6.758532647467428e-05	4.299333961513795e-05	7.837707209384348e-05	6.596082304030395e-05	0.746365427891345	2.718750763748432e-05	1.8174707667507277	0.6940469303628005	6.990546884997165e-05	1.304075461884758	0.6399608866275215	6.372914030598992e-05	0.9320463026419719	-0.799021992190097	-1.0165750925777817	-0.9838861221357849	-0.8217021487444849	1.3511975104258191	-0.9191386206611333	5.360737226448196e-05
T961A	missense	96	71	34	64	58	7	15	62	31	73	49	10	10	82	54	60	141	0.0003046099736214043	0.00021189121740333198	0.00013509862199405565	0.00021513846642681487	0.00015269822947696976	0.00013012361743656474	0.00020669698222405952	0.00019298455204609573	0.0001307702366941284	0.00024368718468854142	0.00021476740689832912	0.00014023814987633546	0.00014553922282055013	0.0003116434498554425	0.0001970528065693823	0.0002656111887624696	0.0002676124820492332	0.6079435683817277	0.00017870663382529308	0.48962276024401147	0.6534874991649564	0.00019555234508177366	0.987891710105839	0.617377710661263	0.0002604799818091319	0.7470737446493767	0.200978007809903	1.2588304826633299	0.016113877864215077	0.8190163499252243	0.7415294049997424	1.038923416294277	0.00021157965357206622
T961I	missense	72	21	26	11	41	4	3	34	28	57	56	2	13	53	43	31	79	0.00022924255746765483	6.47445386510181e-05	0.00010421893696684294	3.9717870724950433e-05	0.00010870043454292761	8.132726089785297e-05	5.167424555601488e-05	0.00010721364002560874	0.00011851052700405388	0.00019099806367480274	0.00024483484386409517	3.824676814809149e-05	0.00018523173813524564	0.00020275597942402283	0.00015764224525550584	0.00013933701705572175	0.00015076759552069474	0.6515321709889236	7.934544522143477e-05	0.9077578675415492	0.7167062122914212	0.00016538926864214013	1.4807174058474328	0.5915123712901654	0.00016262570931398627	0.5352178925776025	-0.19696200086213458	0.3533555683194792	0.6851206588227907	1.916668151179434	0.9745643886555282	1.1350118597494565	0.00013578680772585372
T961E	missense	53	31	25	44	27	4	9	34	20	62	43	6	4	21	34	53	70	0.00016957668634593644	9.417387440148089e-05	0.00010035897633844135	0.00014894201521856415	7.246695636195174e-05	8.132726089785297e-05	0.0001291856138900372	0.00010721364002560874	8.581796783052178e-05	0.0002074634139915961	0.00018899531807052962	8.924245901221346e-05	6.615419219115915e-05	8.260428791349079e-05	0.00012539724054415238	0.00023513121628153044	0.0001338062410246166	0.6200300395539079	0.00010398545558010953	0.6055654062143564	0.7028194432216496	0.00014737258497956405	1.3724621711240912	0.6820553909444447	0.00014423474644094755	1.2768307630989586	0.200978007809903	1.2588304826633299	-0.13001415781402287	0.579261378613672	1.084952780145802	0.9190459306385009	0.00013186426233354037
T961Y	missense	90	20	24	48	102	11	5	52	23	65	66	18	9	37	50	50	131	0.00028576811958296695	6.180160507597183e-05	9.649901571003975e-05	0.0001621813054602143	0.0002665748751886082	0.0001951854261548471	7.751136833402232e-05	0.00016235208346735037	9.807767752059631e-05	0.0002173426241816721	0.000287788325243761	0.00024222953160457942	0.0001323083843823183	0.00014268013366875682	0.0001827216933643363	0.00022206837093255652	0.00024876653260914633	0.7697905250450384	0.0001467642003587085	2.042182157480144	0.7059167818517477	0.00019139017760334495	1.3966076810504298	0.68114000533033	0.00019905918264369899	1.269333092317604	-0.40108198351805935	-0.11110017823393102	-0.26263972308861383	0.36166016027112363	1.5693743102827258	0.1252799910185963	0.00017907118686858416
T961W	missense	49	62	25	14	9	7	3	45	40	28	35	6	0	55	44	28	92	0.00015701545032031152	0.0001854048152279155	0.00010035897633844135	4.964733840618804e-05	2.5881055843554195e-05	0.00013012361743656474	5.167424555601488e-05	0.00014090935546222862	0.00016754936576435204	9.549903183740137e-05	0.00015463253296679695	8.924245901221346e-05	1.323083843823183e-05	0.00021026546014343107	0.00016122502355676732	0.00012627417170674784	0.00017526732979280762	0.4418785069037077	9.032304645402476e-05	-1.103399914174573	0.6180895680193711	0.00013964757150769475	0.7119447763278839	0.59900843385245	0.0001682579962999385	0.5966160709866076	-0.4010819835180594	-0.11110017823393115	-0.8289841621500417	-0.5675516375156809	0.0683869777133062	-0.33932590787480604	0.00013274287142055267
T961H	missense	57	113	52	81	29	8	8	117	88	55	11	6	6	79	86	42	40	0.00018213792237156137	0.00033549442755527567	0.0002045779133052843	0.000271405449953828	7.764316753066258e-05	0.00014638906961613534	0.00011626705250103349	0.0003614631292291952	0.00036370472080554466	0.0001844119235480854	5.1544177655598985e-05	8.924245901221346e-05	9.261586906762282e-05	0.0003003792287763301	0.00031170171220975016	0.00018723411666862608	7.726839270435605e-05	0.5256425620732262	0.00022228023958626266	-0.2998712369280721	0.48076136530709457	0.00024028098780960605	-0.3586063896098551	0.5118048296725353	0.0002191458625897656	-0.11764456956425304	-0.10005198785407812	0.5738651522146996	0.01611387786421517	0.8190163499252244	-0.25870739870072673	0.696440751069962	0.00022723569666187812
L962L	silent	162	361	269	267	560	43	119	201	106	196	244	46	110	127	105	138	364	0.0005118703680442155	0.0010653419541667526	0.0010421893696684293	0.0008870324461905597	0.0014519272328233903	0.000715679895901106	0.0015502273666804464	0.0006187758652906562	0.00043726297894599187	0.0006487348024816576	0.0010523602938018125	0.0005991993676534333	0.0014686230666437331	0.0004806067660421282	0.0003797744999337186	0.0006052451678357913	0.0006878771545631697	0.6532413399647142	0.001111622750712283	0.9241535193939869	0.6935596502424479	0.0006892834851300296	1.3002768371982127	0.6741804284677685	0.0005383758970937018	1.2123291201244328	0.33567658170735926	1.5653243686866285	0.3893389987151551	1.4313737098735995	1.1455864922388777	1.498349039280114	0.0007797607109786714
L962H	missense	60	15	15	6	14	3	0	19	7	15	3	3	0	14	24	15	22	0.00019155884939078005	4.7086937200740445e-05	6.175937005442545e-05	2.3168757922887753e-05	3.882158376533129e-05	6.506180871828237e-05	1.291856138900372e-05	6.12649371574907e-05	3.26925591735321e-05	5.2689121013738686e-05	1.718139255186633e-05	5.099569086412198e-05	1.323083843823183e-05	5.63211053955619e-05	8.95694575315374e-05	6.966850852786088e-05	4.3345683712199736e-05	0.5786204081283142	4.270916223584624e-05	0.20833265169531884	0.5393506717444893	4.0957002474156955e-05	0.09813045744151329	0.5965980428711217	6.472618879178998e-05	0.5768732240883363	-0.7021119791820406	-0.7960655086825615	-0.5859461134637473	-0.16879461515548824	0.2944454444083895	-0.4824300619190249	4.9464117833931055e-05
L962I	missense	40	14	6	16	33	1	1	17	10	16	17	0	2	7	3	13	68	0.00012875266926265546	4.414400362569416e-05	2.7019724398811132e-05	5.6266983527013114e-05	8.799558986808426e-05	3.2530904359141185e-05	2.583712277800744e-05	5.513844344174164e-05	4.4952268863606643e-05	5.5982191077097355e-05	7.731626648339847e-05	1.2748922716030496e-05	3.9692515314695496e-05	3.003792287763301e-05	1.4331113205045985e-05	6.095994496187826e-05	0.00013003705113659922	0.7183045412721945	5.3856575354900666e-05	1.5482893492343621	0.6665418758414572	5.834729246646103e-05	1.08965797439533	0.8090889131927391	5.884150804528912e-05	2.317327263510779	-0.10005198785407819	0.5738651522146992	0.49323513258387763	1.6018380186522772	1.6517581957134906	1.0878515854334883	5.701512528888361e-05
L962S	missense	162	203	176	164	199	56	31	172	109	151	91	81	43	131	106	79	148	0.0005118703680442155	0.0006003584493094406	0.0006832130312270815	0.0005461207224680685	0.0005176211168710839	0.0009271307742355238	0.00041339396444811904	0.0005299417064122947	0.0004495226886360664	0.0005005466496305175	0.00039517202869292553	0.0010454116627145007	0.0005821568912822005	0.0004956257274809447	0.0003833572782349801	0.00034834254263930433	0.00028080464665729396	0.6044816321061854	0.0005868283299689186	0.45641322817720176	0.6014499612610885	0.000468795768342951	0.582229611751333	0.5686820855790748	0.00037703254875313074	0.34822132690447627	-0.35077686520666357	0.00336436843498266	-0.25424729803331414	0.375429767308053	0.46228805561100367	0.18939706787151783	0.00047755221568833336
L962C	missense	61	22	23	27	36	3	2	11	11	32	18	1	8	38	34	22	50	0.0001946991583971863	6.768747222606438e-05	9.263905508163816e-05	9.267503169155101e-05	9.575990662115051e-05	6.506180871828237e-05	3.875568416701116e-05	3.6758962294494424e-05	4.9038838760298155e-05	0.00010867131209083605	8.161161462136506e-05	2.549784543206099e-05	0.00011907754594408647	0.00014643487402846094	0.00012539724054415238	0.0001001484810088	9.61143421444429e-05	0.6551973153933789	8.719036640510101e-05	0.9429167269027551	0.7129228477309011	6.902018194174842e-05	1.4512239350130531	0.5779448139186549	0.00011702373443146404	0.4240897768303215	-0.22499072446237806	0.28957885437259306	0.6693263916395589	1.8907542048389732	0.9394101462487098	1.0901665296057832	9.107809425943783e-05
L962_	nonsense	53	52	41	48	46	11	8	67	41	73	19	13	7	70	81	29	42	0.00016957668634593644	0.0001559754794774527	0.0001621183463928668	0.0001621813054602143	0.0001216409624647047	0.0001951854261548471	0.00011626705250103349	0.0002083007863354684	0.00017163593566104355	0.00024368718468854142	8.590696275933165e-05	0.00017848491802442692	0.00010584670750585465	0.000266586565538993	0.0002937878207034427	0.00013062845348973912	8.103758259237342e-05	0.6036223127625171	0.00015047902344880962	0.4481699819046476	0.5730060990982638	0.00017738271736109624	0.36049358666125764	0.5084571521063809	0.00019301010558113706	-0.1450644720470213	-0.22499072446237806	0.28957885437259306	-0.22692417082207927	0.42025932756503176	0.22119969883962795	0.3549190909688124	0.00017362394879701432
L962W	missense	48	90	58	74	16	14	8	52	38	36	20	25	4	38	61	26	58	0.00015387514131390528	0.0002678069553292113	0.00022773767707569382	0.00024823669203094024	4.399779493404213e-05	0.00024398178269355888	0.00011626705250103349	0.00016235208346735037	0.00015937622597096901	0.00012184359234427071	9.020231089729822e-05	0.00033147199061679287	6.615419219115915e-05	0.00014643487402846094	0.00022213225467821276	0.00011756560814076522	0.00011119110169651236	0.5217146294206629	0.00019694477984247188	-0.3375509615096975	0.5655221474493627	0.00013344355316997208	0.3021519422989627	0.5809916351141452	0.00014933095963598782	0.44904544786250644	-0.3219007374704345	0.06906927047737274	-0.699889465770584	-0.35574358108575516	0.1378821428839239	-0.14333715530419122	0.00015990643088281058
L962N	missense	56	16	15	26	71	6	21	25	23	34	59	2	17	8	25	25	50	0.00017899761336515513	5.002987077578672e-05	6.175937005442545e-05	8.936520913113848e-05	0.0001863436020735902	0.00011385816525699414	0.00028420835055808184	7.964441830473792e-05	9.807767752059631e-05	0.00011525745221755339	0.0002577208882779949	3.824676814809149e-05	0.00023815509188817295	3.379266323733714e-05	9.31522358327989e-05	0.00011321132635777392	9.61143421444429e-05	0.7658223314535398	9.68745130087352e-05	2.0041162192781075	0.750160874281438	0.00013767510908022063	1.7415154552801713	0.7019559348967364	8.406764189308821e-05	1.4398306230743372	0.39727265295387126	1.7054804126138907	0.7942651282478588	2.0957435011926333	1.7284874325442054	1.900611956903262	0.00010620575466068135
L962A	missense	125	50	30	53	60	12	10	121	68	52	48	1	1	72	96	50	87	0.000395678934807185	0.00015008961232736015	0.0001196587794804493	0.00017873041826227696	0.00015787444064568057	0.0002114508783344177	0.00014210417527904092	0.0003737161166606933	0.0002819733228717144	0.0001745327133580094	0.00021047205876036253	2.549784543206099e-05	2.646167687646366e-05	0.00027409604625840123	0.00034752949522236514	0.00022206837093255652	0.00016584435507276422	0.6419921831126265	0.00015158831267894174	0.8162430307338615	0.5532723041349191	0.00026017355291269495	0.20665747150691297	0.5692546889569835	0.00025238456687152176	0.3529113630484276	-0.17260265500268984	0.40878295969728623	0.01611387786421517	0.8190163499252244	0.4586039550964007	0.6138996548112553	0.00022138214415438613
L962T	missense	61	79	30	53	117	7	27	43	39	74	56	12	42	55	55	57	69	0.0001946991583971863	0.00023543468600370222	0.0001196587794804493	0.00017873041826227696	0.0003053964589539395	0.00013012361743656474	0.0003617197188921042	0.00013478286174647955	0.00016346279586766053	0.00024698025475190013	0.00024483484386409517	0.00016573599530839644	0.0005689260528439688	0.00021026546014343107	0.00020063558487064378	0.0002525483434134957	0.0001319216460806079	0.6650605395192034	0.000209805085675092	1.0375322922448396	0.690449619218365	0.00019751518905753384	1.2760323828678068	0.5962211855063891	0.00019884275862704458	0.5737864894830227	0.4440160564961975	1.8118406136398448	0.535638981136965	1.6714107973881163	0.9624503881985563	1.7416257055139805	0.00020205434445322347
L962V	missense	121	100	84	55	75	23	13	99	61	80	44	12	9	78	105	70	105	0.0003831176987815601	0.000297236291079674	0.0003280966534141352	0.00018535006338310202	0.00019669602441101187	0.0003903708523096942	0.0001808598594460521	0.00030632468578745353	0.0002533673335948738	0.00026673867513205213	0.0001932906662084962	0.00016573599530839644	0.0001323083843823183	0.000296624488416626	0.0003797744999337186	0.00030915400659238263	0.00019976706406492052	0.5698609490824187	0.0002518447580719808	0.12430524248860016	0.5850711123467119	0.00025493034018071894	0.454547202343113	0.5869097850774958	0.00029633001475191196	0.49751937991441664	-0.3341351938874461	0.04123092013606016	-0.09782947444262163	0.6320673839949574	0.35879060824870995	0.33664915206550877	0.00026770170433487056
L962E	missense	59	48	47	49	7	6	0	35	40	33	13	4	0	63	42	18	45	0.00018841854038437382	0.0001442037451772676	0.00018527811016327633	0.00016549112802062682	2.0704844674843356e-05	0.00011385816525699414	1.291856138900372e-05	0.00011027688688348328	0.00016754936576435204	0.00011196438215419471	6.013487393153215e-05	6.374461358015247e-05	1.323083843823183e-05	0.0002403033830210641	0.00015405946695424435	8.273135387683478e-05	8.669136742439947e-05	0.5303954663087955	0.00012891945700900352	-0.2542777559802199	0.5677652415602404	0.00011248137718339056	0.31963813208577174	0.5070109570509097	0.00014094639281913567	-0.15690985637942992	-0.9451500278683349	-1.3490756396590764	-0.6828561264718036	-0.32779666620412845	-0.030516493424626024	-0.8384361529316025	0.00012744907567050992
L962P	missense	101	59	23	82	62	19	21	92	41	76	58	17	24	46	57	55	155	0.0003203115186534355	0.00017657601450277665	9.263905508163816e-05	0.00027471527251424053	0.00016305065181439142	0.00032530904359141186	0.00028420835055808184	0.0002848819577823318	0.00017163593566104355	0.0002535663948786174	0.00025342554014002835	0.0002294806088885489	0.00033077096095579576	0.00017647279690609393	0.00020780114147316678	0.00024383977984751304	0.00029399681126535473	0.6500183757741955	0.0001767452484782617	0.8932363897543186	0.6233862653314612	0.00024087745711550527	0.7532355335873939	0.6776795146871064	0.00023052763237303212	1.2409891690739079	-0.05865930269585313	0.6680502987979247	0.1587813814329467	1.053093562189469	0.9624870308052067	0.8605719304936968	0.00021605011265559969
L962R	missense	215	135	130	113	115	24	8	120	60	99	64	11	9	118	106	75	201	0.0006783067453837458	0.00040023896620629376	0.0005056548423206084	0.00037731977188702916	0.00030022024778522866	0.0004066363044892648	0.00011626705250103349	0.0003706528698028188	0.0002492807636981823	0.0003293070063358668	0.0002791976289678278	0.00015298707259236595	0.0001323083843823183	0.00044681410280479107	0.0003833572782349801	0.00033092541550733913	0.0003806881786897542	0.5911817865335124	0.00039585845704979	0.3288309699046628	0.6052249444678663	0.0003071095672011739	0.6116577451834624	0.6046656441153362	0.0003854462438092161	0.642952718010547	-0.5437494870867908	-0.4357266112599538	-0.06306736818340972	0.6891022147871685	0.5278138110328907	0.12668780176360733	0.00036280475602005997
L962G	missense	156	106	81	133	90	23	15	86	55	115	53	7	13	65	89	99	162	0.0004930285140057782	0.0003148938925299517	0.0003165167715289304	0.00044351622309527985	0.00023551760817634316	0.0003903708523096942	0.00020669698222405952	0.0002665024766350846	0.00022884791421472472	0.0003819961273496055	0.00023194879945019544	0.00010199138172824396	0.00018523173813524564	0.00024781286374047235	0.00032245004711353465	0.00043542817829913047	0.0003071889758734155	0.6143996462755135	0.0003276111238326263	0.5515543813874184	0.630576420993675	0.0002773238294124026	0.8092868717352033	0.6527163995534636	0.00032822001625663823	1.0365231865817834	-0.2761432469097594	0.17318611960817545	0.2591519265505096	1.2177733722854174	0.7991214799014683	0.6954797459467964	0.0003110516565005557
L962F	missense	64	26	24	41	51	10	5	66	27	51	46	14	28	48	49	29	54	0.00020412008541640498	7.94592065262495e-05	9.649901571003975e-05	0.00013901254753732653	0.00013458149038648182	0.0001789199739752765	7.751136833402232e-05	0.00020523753947759388	0.00011442395710736236	0.00017123964329465073	0.00020188136248442935	0.00019123384074045744	0.0003836943147087231	0.0001839822776255022	0.0001791389150630748	0.00013062845348973912	0.00010365272192047764	0.6828020626939881	0.00011238806504002439	1.2077225083240697	0.6334346737699559	0.00017319562559100907	0.8315685719377706	0.5644254308009927	0.00014935059202469844	0.3133562430929852	-0.3632934226286595	-0.025115876105852374	0.30242061670749	1.2887651126391828	0.7842157744516084	0.6318246182666652	0.00014497809421857728
L962M	missense	48	13	21	22	35	2	12	35	11	17	42	2	1	40	30	17	44	0.00015387514131390528	4.120107005064789e-05	8.491913382483498e-05	7.612591888948834e-05	9.31718010367951e-05	4.8796356538711774e-05	0.00016794129805704837	0.00011027688688348328	4.9038838760298155e-05	5.9275261140456025e-05	0.00018469996993256303	3.824676814809149e-05	2.646167687646366e-05	0.0001539443547478692	0.00011106612733910638	7.837707209384348e-05	8.480677248039078e-05	0.6872503604934513	7.385448095044157e-05	1.2503939721108646	0.6973750643419988	0.00010082273917920011	1.3300201523522552	0.5549086340307621	0.00010704858166530247	0.23540678881271193	0.5367701097330962	2.0228937035012953	-0.15997738119146607	0.5301001637385283	0.9386069710919439	1.276496933619912	9.390860059831472e-05
L962Y	missense	39	23	18	38	58	5	5	44	19	38	27	6	5	34	15	20	44	0.00012561236025624922	7.063040580111066e-05	7.333925193963022e-05	0.00012908307985608892	0.00015269822947696976	9.759271307742355e-05	7.751136833402232e-05	0.0001378461086043541	8.173139793383026e-05	0.00012842973247098805	0.0001202697478630643	8.924245901221346e-05	7.938503062939099e-05	0.00013141591258964444	5.732445282018394e-05	9.14399174428174e-05	8.480677248039078e-05	0.7136513837594222	0.00010643774176844988	1.503652714896509	0.6233901761522085	0.00011706924671805918	0.753266020651435	0.5887959914740437	9.124676383325915e-05	0.5129687756323948	-0.10005198785407812	0.5738651522146996	-0.050832911766397974	0.709175513751728	0.9232958370601129	0.6415203329832138	0.00010491791743992274
L962D	missense	38	60	40	45	73	19	6	23	31	60	27	16	7	43	56	31	63	0.00012247205124984298	0.00017951894807782294	0.0001582583857644652	0.00015225183777897667	0.00019151981324230102	0.00032530904359141186	9.042992972302605e-05	7.351792458898885e-05	0.0001307702366941284	0.00020087727386487874	0.0001202697478630643	0.00021673168617251842	0.00010584670750585465	0.00016520857582698158	0.0002042183631719053	0.00013933701705572175	0.00012061407641655579	0.6305014474700507	0.00017038724621589146	0.7060151341404775	0.6750448280288999	0.00013135879575276507	1.1559433054372825	0.5855434186415295	0.0001573445081177911	0.48632784975968835	-0.5559839435038025	-0.46356496160126665	-0.31124505652211515	0.28191249057276874	0.7827620964458161	-0.09082623551424895	0.0001530301833621492
L962K	missense	54	25	17	24	29	2	3	12	18	26	27	2	0	34	36	21	47	0.00017271699535234268	7.651627295120322e-05	6.947929131122863e-05	8.274556401031341e-05	7.764316753066258e-05	4.8796356538711774e-05	5.167424555601488e-05	3.982220915236896e-05	7.764482803713875e-05	8.891289171068403e-05	0.0001202697478630643	3.824676814809149e-05	1.323083843823183e-05	0.00013141591258964444	0.00013256279714667535	9.57941992258087e-05	9.046055731241685e-05	0.6317916978225869	7.659607395085196e-05	0.7183921991833787	0.7216672775818765	8.166241919081401e-05	1.519391721290982	0.5806800316640592	0.00011255836656863634	0.44649319005218624	0.024886748754221824	0.8581514500568059	-0.4610073768554473	0.036194681198171916	0.8947590368421823	0.44717306562748893	9.027228657010077e-05
L962Q	missense	51	12	8	22	16	0	2	13	8	20	20	0	3	10	32	22	56	0.00016329606833312397	3.825813647560161e-05	3.4739645655614314e-05	7.612591888948834e-05	4.399779493404213e-05	1.6265452179570593e-05	3.875568416701116e-05	4.2885456010243496e-05	3.677912907022362e-05	6.915447133053203e-05	9.020231089729822e-05	1.2748922716030496e-05	5.292335375292732e-05	4.1302143956745394e-05	0.00011823168394162938	0.0001001484810088	0.000107421911808495	0.6629328879984755	4.8280373988686596e-05	1.0171222367785404	0.7161664869571166	5.975534182707434e-05	1.4765099409967022	0.6863845096465288	9.177605517891745e-05	1.3122893789010277	0.37706926686558434	1.659509515269854	0.6181738691921775	1.806827315005937	1.26864051889209	1.7331684151378957	6.660392366489281e-05
V963L	missense	219	156	139	257	707	45	108	138	102	228	292	22	106	112	163	199	644	0.0006908679814093707	0.00046204057128226557	0.0005403944879762226	0.0008539342205864344	0.0018323787537236368	0.0007482108002602472	0.0014081231914014056	0.00042579131324456046	0.0004209166993592258	0.0007541130445091349	0.0012585370044242085	0.0002932252224687014	0.001415699712890806	0.0004242856606465663	0.0005875756414068854	0.0008708563565982609	0.0012155637388856014	0.7749341456664206	0.0009221870083921398	2.0915236878751657	0.7487792433543079	0.0007148395153842824	1.7307448592137997	0.7322011628777693	0.0007745703493843285	1.687560933243273	0.2746166784049715	1.4263883242886923	0.6837698195318319	1.9144518041660277	1.836609826777413	1.67042006422736	0.0008038656243869168
V963R	missense	195	260	193	176	161	42	41	158	145	216	143	34	26	179	172	144	308	0.0006155005652556211	0.0007681056630870785	0.0007488323619099086	0.0005858385931930189	0.0004192731046655779	0.0006994144437215354	0.0005425795783381563	0.0004870562504020511	0.0005966392049169609	0.0007145962037488309	0.0006185301318671878	0.00044621229506106735	0.0003572326378322594	0.0006758532647467428	0.0006198206461182389	0.0006313708585337391	0.0005823398376986834	0.5650541436088368	0.0006305124307138959	0.07819469977249202	0.6515006425561196	0.0006042054477337576	0.9724030368607826	0.6116007950730289	0.0006273461517743511	0.6997566243621544	-0.11027115303576417	0.5506124067859812	-0.09659040232707321	0.6341003525361235	0.583451453665143	0.5923563796610524	0.0006206880100740015
V963A	missense	64	106	86	101	52	9	23	73	64	62	57	38	11	44	62	44	108	0.00020412008541640498	0.0003148938925299517	0.00033581657467093834	0.0003376019011620787	0.00013716959597083722	0.00016265452179570593	0.0003100454733360893	0.00022668026748271563	0.0002656270432849483	0.0002074634139915961	0.0002491301920020618	0.0004972079859251893	0.00015877006125878198	0.0001689633161866857	0.00022571503297947427	0.00019594268023460871	0.00020542084889694657	0.565982221392066	0.0002813704910834515	0.08709752941738988	0.6262101031970808	0.00023722522919033046	0.7752489500579491	0.6374993809302059	0.0001990104695744288	0.9118847892203833	0.2801592538575279	1.4389999313746338	-0.4957694831146592	-0.020840149594039122	0.5914104228985742	0.7090798908902973	0.00023920206328273692
V963F	missense	137	95	91	104	244	14	49	94	45	126	150	11	58	77	98	87	340	0.0004333626428840598	0.00028252162320444263	0.0003551163778129463	0.0003475313688433163	0.0006340858681670778	0.00024398178269355888	0.000645928069450186	0.0002910084514980809	0.0001879822152478096	0.00041821989804655086	0.0006485975688329539	0.00015298707259236595	0.000780619467855678	0.00029286974805692187	0.0003546950518248881	0.0003831767969032348	0.0006426468759069613	0.7058325103207347	0.0004048138095069457	1.4286481199180106	0.7303660061733708	0.00038645203340634883	1.5872032403517176	0.705511275939305	0.0004183471181730015	1.4689514397461176	0.4228267574262594	1.7636263644006565	0.7077846434587345	1.9538533700251925	1.4949342666719485	1.8587398672129245	0.00040320432036209866
V963K	missense	58	74	70	68	25	9	2	66	38	43	17	14	1	66	63	32	18	0.0001852782313779676	0.00022072001812847083	0.00027405720461651294	0.000228377756668465	6.729074519324091e-05	0.00016265452179570593	3.875568416701116e-05	0.00020523753947759388	0.00015937622597096901	0.0001448950827877814	7.731626648339847e-05	0.00019123384074045744	2.646167687646366e-05	0.00025156760410017647	0.00022929781128073576	0.00014369129883871304	3.5807303936165e-05	0.544987032157474	0.0001976114311516724	-0.11430433203822289	0.5401695811545214	0.0001467062786799357	0.10451432038002487	0.4862720800981851	0.00016509100453894756	-0.3267762704555853	-0.6229307331344157	-0.6158960599712577	-0.8589473855274848	-0.6167128523908246	-0.11218876070459445	-0.6163044561810411	0.00016980290479018522
V963Q	missense	40	21	18	26	223	9	21	44	34	44	70	11	52	47	51	27	86	0.00012875266926265546	6.47445386510181e-05	7.333925193963022e-05	8.936520913113848e-05	0.0005797356508956139	0.00016265452179570593	0.00028420835055808184	0.0001378461086043541	0.00014302994638420297	0.00014818815285114005	0.00030496971779562734	0.00015298707259236595	0.000701234437226287	0.00018022753726579807	0.0001863044716655978	0.00012191988992375652	0.00016395976012875552	0.8667351613306998	0.00020179616265435018	2.9721490174072818	0.7112577696259651	0.00018350848140883113	1.4382437075622407	0.6033135556373157	0.00016310291474597697	0.6318781346664931	0.24237069296812808	1.3530156292465552	0.6612085014173793	1.8774350321812732	1.6807569532120052	1.6152253307139142	0.00018280251960305278
V963W	missense	64	42	29	41	98	5	19	47	35	57	50	7	19	37	52	31	89	0.00020412008541640498	0.00012654614372698995	0.00011579881885204771	0.00013901254753732653	0.0002562224528511865	9.759271307742355e-05	0.0002583712277800744	0.0001470358491779777	0.00014711651628089448	0.00019099806367480274	0.0002190627550362957	0.00010199138172824396	0.0002646167687646366	0.00014268013366875682	0.0001898872499668593	0.00013933701705572175	0.00016961354496078157	0.7058217557016548	0.00015939499074188769	1.4285449534126875	0.6711440993318079	0.00017605329604249265	1.1255349146464422	0.6308942234527413	0.00016037948641302985	0.8577837683375812	0.4228267574262594	1.7636263644006565	0.41405388653625275	1.471923883514221	1.1372878787989036	1.6177751239574387	0.00016527592439913674
V963V	silent	249	214	166	180	288	43	71	179	104	214	158	37	20	136	163	188	332	0.0007850772516015576	0.0006327307186349497	0.0006446134249430656	0.0005990778834346691	0.0007479625138787162	0.000715679895901106	0.0009301364200082679	0.0005513844344174164	0.00042908983915260885	0.0007080100636221137	0.0006829603539366865	0.00048445906320915885	0.00027784760720286846	0.0005143994292794653	0.0005875756414068854	0.0008229592569853566	0.0006275701163548918	0.6392966779232432	0.0006560961352228502	0.7903856899574035	0.660508311955752	0.0005928611727822064	1.0426229246019922	0.6531535100825255	0.0006381261110066498	1.0401034382171992	0.11382783209100296	1.060528486949302	-0.24145042401867572	0.3964258352290159	0.9577040175921984	0.7284771610891589	0.0006290278063372355
V963E	missense	60	100	88	79	33	35	27	44	35	46	24	52	11	16	21	19	41	0.00019155884939078005	0.000297236291079674	0.00034353649592774155	0.0002647858048330029	8.799558986808426e-05	0.0005855562784645413	0.0003617197188921042	0.0001378461086043541	0.00014711651628089448	0.0001547742929778574	0.00010738370344916456	0.0006756929039496162	0.00015877006125878198	6.383058611497015e-05	7.882112262775292e-05	8.708563565982608e-05	7.915298764836473e-05	0.5361179833299747	0.00024838854542712566	-0.19938300997916925	0.6058704343459537	0.00013678015532806763	0.6166897045912121	0.6469461860752402	7.722258301272848e-05	0.9892609614268704	-0.20919645727914618	0.3255172179781666	-0.628980745688949	-0.2394023323308244	0.46885588534630446	0.04305744282367109	0.0001541304279226406
V963Y	missense	113	164	154	194	105	17	26	140	93	122	137	32	8	90	103	80	193	0.00035799522673031026	0.00048558403988263583	0.0005982938974022465	0.0006454153992804445	0.00027433919194167443	0.00029277813923227067	0.00034880115750310044	0.00043191780696030953	0.0003841375702890022	0.00040504761779311616	0.0005927580430393883	0.0004207144496290064	0.00011907754594408647	0.0003416813727330755	0.0003726089433311956	0.0003526968244222957	0.00036561141913768474	0.5884031544208734	0.0005009081321267503	0.3021762123060132	0.6596933106486574	0.0004534652595204541	1.0362695275406553	0.629526566423337	0.00035814963990606286	0.8465816672884007	0.07603927120160305	0.9745441848212232	-0.5481575525743475	-0.1067942242661434	0.728342469045023	0.4338749802775399	0.0004375076771844224
V963M	missense	53	14	9	28	71	4	21	18	9	34	52	7	27	12	11	32	101	0.00016957668634593644	4.414400362569416e-05	3.8599606284015906e-05	9.598485425196355e-05	0.0001863436020735902	8.132726089785297e-05	0.00028420835055808184	5.8201690299616175e-05	4.086569896691513e-05	0.00011525745221755339	0.00022765345131222885	0.00010199138172824396	0.0003704634762704913	4.881162467615364e-05	4.299333961513795e-05	0.00014369129883871304	0.0001922286842888858	0.7907152409326428	9.126801655881596e-05	2.2429079848639644	0.7898121202405511	0.00011049457319907839	2.0506193884420223	0.7801666384161681	0.0001069312368547226	2.080432897705888	0.5434006886321092	2.0379809596951852	0.5601819222144908	1.7116788548257738	2.1246534236706247	1.8748299072604795	0.00010289794220420566
V963C	missense	127	93	64	66	75	9	11	75	27	67	103	28	11	49	57	52	155	0.0004019595528199975	0.0002766357560543501	0.00025089744084610336	0.00022175811154763993	0.00019669602441101187	0.00016265452179570593	0.00015502273666804465	0.0002328067611984647	0.00011442395710736236	0.00022392876430838942	0.00044671620634852453	0.00036971875876488436	0.00015877006125878198	0.0001877370179852063	0.00020780114147316678	0.00023077693449853913	0.00029399681126535473	0.589460607070764	0.0002364968332147763	0.31232010430476825	0.7172550207747795	0.0002544689222406853	1.484995678992584	0.671418389641401	0.00023007797630556675	1.1897060228350438	-0.020870741806453322	0.7540346009260032	-0.3671028739871161	0.19026553616262568	0.9956739353774653	0.4721500685443144	0.00024034791058700944
V963P	missense	40	113	54	52	47	19	19	51	25	24	22	26	9	31	31	34	60	0.00012875266926265546	0.00033549442755527567	0.00021229783456208748	0.00017542059570186443	0.00012422906804906013	0.00032530904359141186	0.0002583712277800744	0.00015928883660947584	0.00010625081731397933	8.23267515839667e-05	9.879300717323138e-05	0.0003442209133328234	0.0001323083843823183	0.00012015169151053205	0.00011464890564036788	0.00015239986240469565	0.00011496029158452974	0.5260738528348567	0.0002118604814670719	-0.2957339671349579	0.5675144897300058	0.00011166485317016331	0.317683379464556	0.6305203331144383	0.00012554018778503133	0.8547213358264082	-0.10005198785407819	0.5738651522146992	-0.41524988629477216	0.11126984241377622	0.2922235827186688	0.34256749731423775	0.00014968850747408885
V963I	missense	116	94	49	61	126	23	27	120	77	80	59	15	15	83	97	78	133	0.00036741615374952897	0.0002795786896293964	0.0001929980314200795	0.00020520899874557725	0.00032868940921313827	0.0003903708523096942	0.0003617197188921042	0.0003706528698028188	0.00031875245194193803	0.00026673867513205213	0.0002577208882779949	0.00020398276345648793	0.0002116934150117093	0.00031539819021514663	0.00035111227352362665	0.00034398826085631305	0.0002525357224971637	0.6448145887412465	0.00025161878225204786	0.843317697269865	0.5847556402112952	0.00030346622128870097	0.45208791826510886	0.6056308315390934	0.0003157586117730625	0.6508583016619074	-0.0331051982234649	0.7261962505846906	0.01611387786421517	0.8190163499252244	0.648754639065627	0.7726063002549575	0.0002902812051046038
V963_	nonsense	96	287	221	266	114	48	24	203	139	134	71	108	51	124	155	63	112	0.0003046099736214043	0.0008475648696133279	0.0008569112595051531	0.0008837226236301472	0.00029763214220087324	0.000797007156798959	0.000322964034725093	0.0006249023590064052	0.0005721197855368119	0.00044456445855342016	0.0003092650659335939	0.001389632576047324	0.0006880035987880552	0.00046934254496301583	0.0005589134149967934	0.0002786740341114435	0.00021295922867298133	0.5547001939305954	0.0007214577237373754	-0.021128279187838897	0.5561539657743467	0.0004877129172575578	0.22912165706383567	0.5386952455109911	0.0003799723056860585	0.10260740077665087	-0.39230805921055417	-0.09113594194789024	-0.3053092764416093	0.2916514347548898	0.10353359288421587	0.10025774640349978	0.0005297143155603306
V963N	missense	71	48	42	25	9	8	3	55	44	29	20	8	3	58	52	27	36	0.0002261022484612486	0.0001442037451772676	0.00016597830702126838	8.605538657072594e-05	2.5881055843554195e-05	0.00014638906961613534	5.167424555601488e-05	0.00017154182404097398	0.00018389564535111809	9.879210190076005e-05	9.020231089729822e-05	0.00011474030444427445	5.292335375292732e-05	0.00022152968122254345	0.0001898872499668593	0.00012191988992375652	6.973001292832132e-05	0.49621774039698807	0.00010552962365320402	-0.5821365593491586	0.5494345129189103	0.00013610797054753758	0.1767397140486589	0.5165198251289983	0.00015076670851037015	-0.07902534382698284	-0.4522345059654407	-0.22749291299834862	-0.33606864024714733	0.24118397755183207	-0.1614740630424942	0.006845532276741728	0.00013080143423703725
V963S	missense	225	288	176	146	79	40	34	189	101	160	74	37	29	172	145	129	129	0.000709709835447808	0.0008505078031883742	0.0006832130312270815	0.00048654391638064284	0.00020704844674843356	0.0006668835393623943	0.00045214964861513024	0.0005820169029961618	0.0004168301294625343	0.0005301842802007456	0.0003221511103474937	0.00048445906320915885	0.00039692515314695493	0.0006495700822288138	0.0005230856319841785	0.0005660566317888696	0.00024499734272112893	0.5056270719744763	0.000556828299386133	-0.4918750773694256	0.5800123194959365	0.0004627956057517338	0.4151110451833059	0.551227409599434	0.0004959274221807478	0.20525489606631656	-0.16876780022353804	0.4175088096420082	-0.08654846403293256	0.6505763464578198	0.04283028796006561	0.5340425780499141	0.0005051837757728716
V963H	missense	50	27	10	19	40	1	10	31	20	17	59	1	4	12	10	22	105	0.00016015575932671776	8.240214010129577e-05	4.245956691241749e-05	6.619645120825072e-05	0.00010611232895857219	3.2530904359141185e-05	0.00014210417527904092	9.802389945198513e-05	8.581796783052178e-05	5.9275261140456025e-05	0.0002577208882779949	2.549784543206099e-05	6.615419219115915e-05	4.881162467615364e-05	3.941056131387646e-05	0.0001001484810088	0.00019976706406492052	0.6649044719109458	7.429262179513404e-05	1.0360351727635722	0.7379477607273403	0.00012520950417523947	1.6463073137852817	0.7904065672942996	9.703443276593766e-05	2.16430532738895	0.6403107016401657	2.2584905435904057	0.41405388653625275	1.471923883514221	1.6155492713126012	1.8652072135523134	9.884551957877038e-05
V963T	missense	75	6	15	20	52	1	12	20	24	35	28	0	5	38	43	28	86	0.00023866348448687351	2.0600535025323943e-05	6.175937005442545e-05	6.950627376866327e-05	0.00013716959597083722	3.2530904359141185e-05	0.00016794129805704837	6.432818401536524e-05	0.00010216424741728782	0.00011855052228091205	0.0001245650960010309	1.2748922716030496e-05	7.938503062939099e-05	0.00014643487402846094	0.00015764224525550584	0.00012627417170674784	0.00016395976012875552	0.7795890326095072	7.225894370481247e-05	2.136176912227077	0.6851480521921972	0.00010240201242864901	1.2347036634273272	0.6294603294672421	0.00014857776277986753	0.8460391386723708	0.7128613687887775	2.423572736107819	0.7942651282478589	2.0957435011926333	1.4056399047755914	2.2596581186502265	0.00010774623963777635
V963D	missense	62	53	53	46	23	2	11	77	38	44	30	13	0	116	80	34	60	0.0001978394674035925	0.000158918413052499	0.00020843787393368587	0.0001555616603393892	6.211453402453006e-05	4.8796356538711774e-05	0.00015502273666804465	0.00023893325491421377	0.00015937622597096901	0.00014818815285114005	0.00013315579227696404	0.00017848491802442692	1.323083843823183e-05	0.0004393046220853828	0.0002902050424021812	0.00015239986240469565	0.00011496029158452974	0.5516519677065658	0.00014625812033752602	-0.0503691890361716	0.5645794149529608	0.00016991335650332173	0.29480280822994026	0.4857092231464337	0.00024921745461919736	-0.3313864763143594	0.5020080034738843	1.9437958131119604	-1.1300141578140228	-1.0614571200560372	-0.028984285706863584	0.4411693465279616	0.0001884629771533484
V963G	missense	106	85	53	72	74	5	17	75	50	52	62	7	11	44	30	68	97	0.00033601306368546665	0.0002530922874539799	0.00020843787393368587	0.00024161704691011516	0.00019410791882665645	9.759271307742355e-05	0.00023253410500206697	0.0002328067611984647	0.00020841506473126716	0.0001745327133580094	0.0002706069326918947	0.00010199138172824396	0.00015877006125878198	0.0001689633161866857	0.00011106612733910638	0.0003004454430264	0.00018469030451285105	0.6049703104837202	0.00022431378178110935	0.46110100373325374	0.636214127308782	0.00022159036799490898	0.8532359874277579	0.6636452957198234	0.00019129129776626077	1.126038757064316	0.37706926686558434	1.659509515269854	0.19220513691989644	1.1079325361119206	0.8134585827417758	1.3837210256908872	0.00021239848251409303
K964W	missense	71	135	70	53	15	24	4	103	40	53	27	44	2	49	42	28	91	0.0002261022484612486	0.00040023896620629376	0.00027405720461651294	0.00017873041826227696	4.140968934968671e-05	0.0004066363044892648	6.45928069450186e-05	0.0003185776732189517	0.00016754936576435204	0.00017782578342136806	0.0001202697478630643	0.0005737015222213723	3.9692515314695496e-05	0.0001877370179852063	0.00015405946695424435	0.00012627417170674784	0.00017338273484879895	0.4612355925769961	0.00022360906960869258	-0.9177119909367707	0.5318109965562701	0.00019605564256693403	0.03935441651093227	0.6111938245248815	0.00016036334787374937	0.6964232409872494	-0.799021992190097	-1.0165750925777817	-1.159977381191466	-1.110618334931181	-0.060644777812863	-1.0635967137544813	0.0001933426866831253
K964_	nonsense	63	125	182	211	99	21	16	184	150	128	78	77	17	72	103	96	118	0.00020097977640999874	0.000370809630455831	0.000706372794997491	0.0007016823828074577	0.00025881055843554195	0.000357839947950553	0.00021961554361306325	0.0005667006687067891	0.0006170720544004185	0.00042480603817326816	0.00033933250289936	0.0009944159718503786	0.00023815509188817295	0.00027409604625840123	0.0003726089433311956	0.00042236533295015655	0.00022426679833703343	0.6041007173039505	0.0005094188416740805	0.45275920299224626	0.5688905066077542	0.0004869778160449589	0.3284102108344376	0.6153610442575935	0.0003233342802191967	0.7305557870396139	-0.2120257472980104	0.31907943569526886	-0.6207082197229592	-0.22582944594769938	0.5039084002887658	0.04662499487378474	0.0004399103126460787
K964V	missense	85	28	41	98	319	13	57	122	55	143	103	15	71	73	96	95	214	0.0002700665745509358	8.534507367634205e-05	0.0001621183463928668	0.0003276724334808411	0.0008281937869937342	0.0002277163305139883	0.0007492765605622158	0.0003767793635185679	0.00022884791421472472	0.0004742020891236482	0.00044671620634852453	0.00020398276345648793	0.0009526203675526918	0.00027785078661810535	0.00034752949522236514	0.0004180110511671652	0.0004051879129618671	0.8382517690312989	0.00035083241013594607	2.6989146032959725	0.6622708086306124	0.0003816363933013663	1.056362585013819	0.6640462703572391	0.0003621448114923757	1.1293230295901882	0.5172479700306212	1.9784729179816476	0.6693263916395589	1.8907542048389732	1.6282000726333266	1.9346135614103104	0.0003648712049765627
K964R	missense	164	110	72	80	147	23	33	127	89	120	87	16	27	98	75	102	222	0.000518150986057028	0.0003266656268301368	0.0002817771258733161	0.0002680956273934154	0.00038303962648460205	0.0003903708523096942	0.0004392310872261265	0.00039209559780794054	0.00036779129070223617	0.0003984614776663988	0.00037799063614105924	0.00021673168617251842	0.0003704634762704913	0.0003717192956107085	0.00027229115089587373	0.0004484910236481044	0.0004202646725139366	0.6404258509269868	0.0003148945016453676	0.8012175782684977	0.6240525611519565	0.00038408475057940866	0.7584296871072295	0.6515933373956744	0.00037819153566715576	1.027324494581095	0.05121568747657094	0.9180604640158208	0.2328229878281605	1.1745749954733178	0.8623239199856073	1.0463177297445694	0.00035905692929731067
K964F	missense	84	909	681	307	88	124	33	612	310	238	59	229	36	280	273	103	94	0.0002669262655445296	0.0026780695532921126	0.0026324931485698848	0.0010194253486070612	0.00023034139700763232	0.002033181522446324	0.0004392310872261265	0.0018777703238770903	0.0012709232378710605	0.0007870437451427217	0.0002577208882779949	0.002932252224687014	0.0004895410222145777	0.0010550820410768595	0.00098168125454565	0.0004528453054310957	0.000179036519680825	0.4543482754844515	0.0016400823618691726	-0.983780387242916	0.4657034376280928	0.0010483645487922167	-0.4759914694039593	0.4771266236950121	0.0006671612801836075	-0.4016841783349812	-0.6654830838198794	-0.7127199159605767	-0.7774122340863827	-0.4829366211295722	-0.6204853449939521	-0.5978282685450744	0.001118536063614999
K964L	missense	196	179	134	311	287	25	69	241	162	269	162	22	60	190	201	196	349	0.0006186408742620274	0.00052972804350833	0.0005210946848342147	0.0010326646388487113	0.0007453744082943608	0.0004229017566688354	0.0009042992972302605	0.0007413057396056376	0.0006661108931607166	0.0008891289171068403	0.0007001417464885529	0.0002932252224687014	0.0008070811447321417	0.0007171554087034882	0.0007237212168548223	0.000857793511249287	0.0006596082304030394	0.6761914835505578	0.0007072154438714042	1.1443087934053724	0.6291515027575493	0.0007491718240904369	0.798178826563693	0.6233702835011073	0.0007395695918026592	0.7961572539307599	0.33007270418936074	1.5525732745392065	0.4397158768573894	1.5140279857467929	0.912881624633275	1.5333006301429997	0.0007319856199215001
K964I	missense	83	36	45	87	232	28	48	52	27	159	160	42	132	51	67	83	225	0.00026378595653812334	0.00010888854227671227	0.00017755818890647314	0.0002912643853163032	0.0006030286011548127	0.0004716981132075472	0.0006330095080611823	0.00016235208346735037	0.00011442395710736236	0.0005268912101373869	0.0006915510502126198	0.0005482036767893113	0.0017597015122848335	0.00019524649870461457	0.00024362892448578176	0.0003657596697712696	0.00042591845734596265	0.7939752564831829	0.0002951849294135753	2.274180539396183	0.7922050288600745	0.00037380457523117984	2.069273467225682	0.7077012588162054	0.00030763838757690714	1.4868889847267481	0.12774609427547945	1.0921981783215273	0.5064970632517144	1.623597113627072	1.9434476637828713	1.3578976459742997	0.0003255426307405541
K964H	missense	62	24	8	18	61	4	6	23	25	42	29	4	2	26	26	45	85	0.0001978394674035925	7.357333937615695e-05	3.4739645655614314e-05	6.288662864783819e-05	0.000160462546230036	8.132726089785297e-05	9.042992972302605e-05	7.351792458898885e-05	0.00010625081731397933	0.00014160201272442273	0.00012886044413899745	6.374461358015247e-05	3.9692515314695496e-05	0.00010137798971201142	9.673501413406039e-05	0.0002002969620176	0.00016207516518474684	0.7338512040507359	8.291553997741136e-05	1.6974247910746312	0.6809098177259364	0.0001125577996915971	1.2016642238966195	0.6887067467265846	0.00014012128276210466	1.3313101815376884	0.0460760478241599	0.9063656992959943	-0.2057348717521411	0.45502500252292416	1.4101330655029798	0.6806953509094592	0.00011186487414370436
K964S	missense	151	139	124	146	448	17	30	133	84	152	70	61	30	85	123	83	234	0.00047732696897374703	0.00041201070050647887	0.0004824950785501988	0.00048654391638064284	0.0011620594073755834	0.00029277813923227067	0.00040047540305911534	0.00041047507895518775	0.0003473584412187786	0.0005038397196938762	0.00030496971779562734	0.0007904332083938907	0.00041015599158518673	0.00032290767093455487	0.0004442645093564255	0.0003657596697712696	0.0004428798118420408	0.7357991668517296	0.000635777275703226	1.7161111353501106	0.6122310723208542	0.0003916607394158675	0.6662744822672463	0.6473227488046723	0.0003939529154760727	0.9923452827558011	0.13603720087688842	1.1110638085072917	-0.284916117799766	0.32511086738486816	1.124910300124386	0.7180873379460799	0.00047379697686505544
K964C	missense	94	9	11	19	52	1	8	15	18	45	35	4	8	27	47	58	108	0.0002983293556085919	2.9429335750462777e-05	4.631952754081908e-05	6.619645120825072e-05	0.00013716959597083722	3.2530904359141185e-05	0.00011626705250103349	4.901194972599257e-05	7.764482803713875e-05	0.00015148122291449873	0.00015463253296679695	6.374461358015247e-05	0.00011907754594408647	0.00010513273007171553	0.0001719733584605518	0.00025690262519648696	0.00020542084889694657	0.7786543245532639	6.977872761759245e-05	2.127210479948639	0.7378479512311189	0.00010819263341110675	1.6455292421988117	0.6902181158813968	0.00018485739065642523	1.3436893889199635	0.5531605259212655	2.0601885478763777	0.27138638296752127	1.2378466712499765	1.7054763703558047	1.649017609563177	0.00012094291722837482
K964M	missense	75	16	9	116	277	19	61	12	11	192	233	12	101	25	26	91	297	0.00023866348448687351	5.002987077578672e-05	3.8599606284015906e-05	0.00038724923956826675	0.0007194933524508066	0.00032530904359141186	0.0008009508061182307	3.982220915236896e-05	4.9038838760298155e-05	0.0006355625222282229	0.0010051114642841803	0.00016573599530839644	0.0013495455206996468	9.762324935230729e-05	9.673501413406039e-05	0.0004005939240352	0.0005616092933145879	0.8714755680762212	0.000298843017269719	3.0176226129027546	0.876685523822084	0.0004323837586062676	2.7278468017217548	0.8082821979081002	0.0002891403702090389	2.310719681388834	0.39130970598019454	1.6919122898251195	0.910770697319296	2.286896343566182	2.685396365337781	1.989404316695651	0.00034012238202834184
K964Y	missense	72	33	32	51	52	8	5	24	26	47	46	1	2	22	34	44	69	0.00022924255746765483	0.00010005974155157344	0.00012737870073725247	0.00017211077314145188	0.00013716959597083722	0.00014638906961613534	7.751136833402232e-05	7.658117144686338e-05	0.00011033738721067085	0.00015806736304121606	0.00020188136248442935	2.549784543206099e-05	3.9692515314695496e-05	8.63590282731949e-05	0.00012539724054415238	0.00019594268023460871	0.0001319216460806079	0.6613462283105442	0.00013417970285027874	1.0019017874139102	0.7218312059424052	0.00013671682104579493	1.5206696357617766	0.6730043976689275	0.00013490514878314097	1.2026965766121869	-0.2761432469097594	0.17318611960817545	0.19220513691989644	1.1079325361119206	1.241755999929291	0.640559327860048	0.0001352672242264049
K964D	missense	48	10	6	28	36	1	6	21	20	31	24	2	11	30	15	42	78	0.00015387514131390528	3.237226932550905e-05	2.7019724398811132e-05	9.598485425196355e-05	9.575990662115051e-05	3.2530904359141185e-05	9.042992972302605e-05	6.739143087323978e-05	8.581796783052178e-05	0.00010537824202747737	0.00010738370344916456	3.824676814809149e-05	0.00015877006125878198	0.00011639695115082791	5.732445282018394e-05	0.00018723411666862608	0.00014888300057668604	0.7539775575440223	6.278418864935856e-05	1.8904921177164398	0.6726598421377856	9.149283604510086e-05	1.1373509888114919	0.6807450552146355	0.000127459630304081	1.2660981649854766	0.4440160564961975	1.8118406136398448	0.6181738691921775	1.806827315005937	1.431313757171136	1.809333964322891	9.39122183328468e-05
K964T	missense	92	195	130	123	120	38	40	116	78	117	58	79	28	68	78	83	134	0.0002920487375957794	0.0005768149807090704	0.0005056548423206084	0.0004104179974911545	0.0003131607757070057	0.0006343526350032531	0.0005296610169491525	0.00035839988237132067	0.00032283902183862954	0.00038858226747632283	0.00025342554014002835	0.0010199138172824395	0.0003836943147087231	0.0002590770848195847	0.0002830394857996582	0.0003657596697712696	0.00025442031744117235	0.5636644785135774	0.00045151214905695975	0.06486397272555512	0.6014613262563605	0.0003308116779565754	0.5823182083301784	0.632393754349216	0.0002905741394579212	0.8700660118149501	-0.07833273816084187	0.6232852540567431	-0.42457811122877237	0.09596485120481005	0.5057493976235613	0.35962505263077654	0.0003576326554904855
K964A	missense	101	42	20	25	71	6	19	32	27	51	65	7	7	65	49	77	151	0.0003203115186534355	0.00012654614372698995	8.10591731964334e-05	8.605538657072594e-05	0.0001863436020735902	0.00011385816525699414	0.0002583712277800744	0.00010108714630985967	0.00011442395710736236	0.00017123964329465073	0.00028349297710579443	0.00010199138172824396	0.00010584670750585465	0.00024781286374047235	0.0001791389150630748	0.00033963397907332176	0.00028645843148932	0.6730174308530427	0.00012000107639193487	1.11386086009575	0.7376517782096034	0.0001675609309544168	1.6439999623221282	0.6578134101645784	0.0002632610473415472	1.0782713929572705	0.35587996779564623	1.6112952660306654	0.01611387786421517	0.8190163499252244	1.278710738458383	1.215155807977945	0.00018360768489596632
K964G	missense	148	79	38	64	161	8	32	60	39	110	103	20	17	87	71	81	166	0.0004679060419545283	0.00023543468600370222	0.00015053846450766202	0.00021513846642681487	0.0004192731046655779	0.00014638906961613534	0.0004263125258371228	0.00018685805833034666	0.00016346279586766053	0.00036553077703281215	0.00044671620634852453	0.0002677273770366404	0.00023815509188817295	0.00033041715165396315	0.00025796003769082773	0.00035705110620528696	0.00031472735564945026	0.7004758529871484	0.00025509618040093926	1.3772629789645479	0.7305467897752558	0.00029064195939483594	1.5886125509809834	0.630160243543268	0.00031503891279988203	0.8517719415877351	0.46421944258448444	1.8578115109838818	-0.05083291176639803	0.7091755137517279	1.2725491571777556	1.2834935123678048	0.0002869256841985524
K964P	missense	42	13	9	11	53	2	8	28	17	20	21	1	7	19	24	17	44	0.0001350332872754679	4.120107005064789e-05	3.8599606284015906e-05	3.9717870724950433e-05	0.00013975770155519264	4.8796356538711774e-05	0.00011626705250103349	8.883415887836153e-05	7.355825814044724e-05	6.915447133053203e-05	9.449765903526481e-05	2.549784543206099e-05	0.00010584670750585465	7.509480719408253e-05	8.95694575315374e-05	7.837707209384348e-05	8.480677248039078e-05	0.7680849145169345	6.481906215370172e-05	2.025820640970808	0.6298255344866829	8.151113684615141e-05	0.803433285875411	0.6318413961802124	8.196202732496354e-05	0.8655417985864233	0.37706926686558434	1.659509515269854	0.6181738691921775	1.806827315005937	1.231598575144214	1.7331684151378957	7.609740877493889e-05
K964N	missense	45	28	29	16	35	5	19	26	15	38	52	3	8	40	20	28	86	0.0001444542142946866	8.534507367634205e-05	0.00011579881885204771	5.6266983527013114e-05	9.31718010367951e-05	9.759271307742355e-05	0.0002583712277800744	8.270766516261246e-05	6.53851183470642e-05	0.00012842973247098805	0.00022765345131222885	5.099569086412198e-05	0.00011907754594408647	0.0001539443547478692	7.523834432649142e-05	0.00012627417170674784	0.00016395976012875552	0.6121458091060378	8.764566927304949e-05	0.5299338569768856	0.7484395342280207	0.0001260439918232234	1.7280966340565214	0.6445127665100182	0.00012985415772746598	0.9693294937572713	0.4228267574262594	1.7636263644006565	0.3682963959755776	1.3968487222986168	1.0757866615968927	1.5802375433496367	0.00011451460627457962
K964E	missense	36	25	18	20	29	6	10	38	5	52	40	7	1	42	30	38	51	0.00011619143323703052	7.651627295120322e-05	7.333925193963022e-05	6.950627376866327e-05	7.764316753066258e-05	0.00011385816525699414	0.00014210417527904092	0.00011946662745710689	2.4519419380149078e-05	0.0001745327133580094	0.00017610927365662986	0.00010199138172824396	2.646167687646366e-05	0.00016145383546727743	0.00011106612733910638	0.00016981698953666088	9.799893708845157e-05	0.6248096435733084	7.425124154753983e-05	0.6514150118441049	0.7058539980247632	0.0001236570084629738	1.3961182455386214	0.5945527736743995	0.00013508397235787408	0.5601209888993437	0.09624265728989004	1.0205150821652602	-0.5859461134637473	-0.16879461515548824	0.8692180820940233	0.425860233504886	0.00011099740745612926
K964K	silent	84	55	24	44	53	2	0	44	29	44	20	0	1	28	53	24	51	0.0002669262655445296	0.00016480428020259155	9.649901571003975e-05	0.00014894201521856415	0.00013975770155519264	4.8796356538711774e-05	1.291856138900372e-05	0.0001378461086043541	0.00012259709690074538	0.00014818815285114005	9.020231089729822e-05	1.2748922716030496e-05	2.646167687646366e-05	0.00010888747043141967	0.00019347002826812078	0.00010885704457478262	9.799893708845157e-05	0.6198416790658078	0.000137500753171597	0.603758508810186	0.5955963268912956	0.00012470841731338444	0.5365972145030814	0.5962108505948501	0.00012730337009069366	0.5737018390765939	-0.5771732425737406	-0.511779210840455	0.31714387352819634	1.3129218324655807	0.5713525207966205	0.40057131081256286	0.00012983751352522503
K964Q	missense	39	38	37	42	27	10	7	24	18	52	16	8	3	28	32	54	66	0.00012561236025624922	0.00011477440942680483	0.00014667850387926044	0.00014232237009773906	7.246695636195174e-05	0.0001789199739752765	0.00010334849111202976	7.658117144686338e-05	7.764482803713875e-05	0.0001745327133580094	7.30209183454319e-05	0.00011474030444427445	5.292335375292732e-05	0.00010888747043141967	0.00011823168394162938	0.00023948549806452176	0.00012626786124858184	0.5905431411752108	0.00011906055994143902	0.32270459673723234	0.651820400825757	0.00010044490779686087	0.9748957337840484	0.6615582360818824	0.00014821812842153814	1.1089442279117352	-0.23835468602035959	0.259170421736254	-0.33606864024714733	0.24118397755183207	0.8021815194776719	0.25017719964404306	0.00012257453205327933
Q965S	missense	263	237	185	215	187	39	26	202	92	165	97	57	27	188	196	132	184	0.0008290415776912449	0.0007004181908610141	0.0007179526768826958	0.0007149216730491079	0.0004865638498588188	0.0006506180871828237	0.00034880115750310044	0.0006218391121485307	0.0003800510003923107	0.0005466496305175389	0.00042094411752072506	0.0007394375175297687	0.0003704634762704913	0.00070964592798408	0.0007058073253485148	0.0005791194771378435	0.00034865006464160657	0.594244782407718	0.0006549640976629092	0.3582135614975731	0.5973222945306363	0.0004923709651447764	0.5500521103815218	0.5604694610793375	0.0005858056987780112	0.28095398754446865	-0.27074821502305324	0.1854620052417902	-0.3001560843565029	0.3001063723361223	0.39640655314118783	0.24278418878895625	0.0005777135871952322
Q965M	missense	72	107	104	122	73	32	8	102	56	98	51	47	22	78	61	51	97	0.00022924255746765483	0.000317836826104998	0.00040529586598216696	0.000407108174930742	0.00019151981324230102	0.0005367599219258296	0.00011626705250103349	0.00031551442636107717	0.00023293448411141625	0.00032601393627250814	0.00022335810317426226	0.0006119482903694638	0.0003043092840793321	0.000296624488416626	0.00022213225467821276	0.00022642265271554784	0.00018469030451285105	0.589333678623532	0.000330440170065052	0.3111025098711794	0.6041189176371567	0.0002744552374798159	0.603035639237349	0.5804356710463372	0.0002324674250808094	0.4444916997126419	-0.6643234182926407	-0.7100812065544829	-0.3033995234937792	0.29478480174428373	0.45287661627372344	-0.2076482024050996	0.0002791209442085591
Q965T	missense	144	129	92	125	157	26	41	120	82	107	92	22	88	61	114	71	106	0.0004553448059289034	0.0003825813647560161	0.0003589763384413479	0.00041703764261197956	0.0004089206823281563	0.000439167208848406	0.0005425795783381563	0.0003706528698028188	0.0003391853014253956	0.0003556515668427361	0.00039946737683089215	0.0002932252224687014	0.001177544621002633	0.00023279390230165583	0.00041201950464507205	0.0003135082883753739	0.0002016516590089292	0.6359312484231763	0.00039187900703437496	0.7581019244558119	0.6337809555527889	0.00036623927872546065	0.834268034677639	0.6043165565580415	0.00028999333858275775	0.6400934382293213	0.09183353838483502	1.010482548426797	0.6037760484915351	1.7832045442418631	0.7441544657875907	1.39684354633433	0.00034937054144753107
Q965A	missense	87	73	67	100	100	14	19	73	31	80	45	12	60	47	62	37	60	0.0002763471925637483	0.00021777708455342454	0.00026247732273130815	0.00033429207860166617	0.00026139866401989737	0.00024398178269355888	0.0002583712277800744	0.00022668026748271563	0.0001307702366941284	0.00026673867513205213	0.00019758601434646277	0.00016573599530839644	0.0008070811447321417	0.00018022753726579807	0.00022571503297947427	0.00016546270775366956	0.00011496029158452974	0.6485466805960587	0.00026898628747657404	0.8791187676143071	0.6324055653244723	0.0002054437984138397	0.8235460883952092	0.5783677690110172	0.0001715913923958679	0.42755408519275584	0.024886748754221824	0.8581514500568059	0.6875003605681455	1.9205725718543538	0.7100729804007573	1.3893620109555798	0.0002153404927620939
Q965L	missense	236	190	147	210	244	24	49	212	127	222	109	19	33	151	171	116	218	0.0007442532345182766	0.0005621003128338391	0.0005712741730034353	0.0006983725602470452	0.0006340858681670778	0.0004066363044892648	0.000645928069450186	0.0006524715807272761	0.0005230809467765136	0.000734354624128983	0.00047248829517632405	0.0002549784543206099	0.00044984850689988224	0.0005707205346750273	0.0006162378678169774	0.0005094509686099826	0.0004127262927379018	0.6423904247151452	0.0006164582285628494	0.820063267796749	0.6077549525971536	0.0005955988617022741	0.6313805923419239	0.5905801168355724	0.0005272839159599723	0.5275820537822221	0.20097800780990308	1.2588304826633299	0.24656279924248914	1.19711815822904	0.6596753046402983	1.2279743204461848	0.0005797803354083653
Q965H	missense	75	165	118	109	83	10	22	159	107	79	47	11	15	113	125	58	88	0.00023866348448687351	0.0004885269734576821	0.00045933531477978926	0.000364080481645379	0.00021740086908585523	0.0001789199739752765	0.0002971269119470856	0.0004901194972599256	0.0004413495488426834	0.00026344560506869345	0.00020617671062239594	0.00015298707259236595	0.0002116934150117093	0.00042804040100627043	0.00045143006595894854	0.00025690262519648696	0.0001677289500167729	0.5507334058957298	0.00038233590974217637	-0.059180734219083674	0.5331312315022502	0.0003502728404484246	0.049646396110286616	0.5315006262756227	0.0003260255105446197	0.04367826141480062	0.22028316300528977	1.3027575404258076	0.14105261447251513	1.0240056462788847	0.011381307768667854	1.1633815933523461	0.0003528780869117402
Q965_	nonsense	103	431	419	329	72	55	38	325	205	153	33	124	17	179	192	71	62	0.00032659213666624793	0.001271347304419992	0.0016211834639286678	0.001092241444936137	0.00018893170765794563	0.0009108653220559532	0.0005038238941711451	0.0009986184756670985	0.0008418333987184516	0.0005071327897572349	0.0001460418366908638	0.0015936153395038118	0.00023815509188817295	0.0006758532647467428	0.0006914762121434688	0.0003135082883753739	0.0001187294814725471	0.5119053459227614	0.0010434259802356858	-0.43164908722547607	0.4800088332733998	0.0006234066252084121	-0.36447280328283754	0.48265054922889916	0.0004498918116845331	-0.3564392297196784	-0.25717540783377935	0.21634564639193665	-0.8255236300405352	-0.5618738784683731	-0.3841870400759973	-0.17276411603821823	0.0007055748057095437
Q965V	missense	189	108	75	86	135	12	31	79	54	105	112	9	7	79	100	78	206	0.0005966587112171838	0.0003207797596800443	0.0002933570077585209	0.00028795456275589065	0.000351982359472337	0.0002114508783344177	0.00041339396444811904	0.0002450597486299628	0.0002247613443180332	0.0003490654267160188	0.0004853743395902238	0.00012748922716030494	0.00010584670750585465	0.0003003792287763301	0.00036186060842741114	0.00034398826085631305	0.0003901111534097976	0.6337918831147079	0.00031351842241669823	0.7375795014071461	0.7060083206593034	0.0003260652148135597	1.3973212779316377	0.6474984209661756	0.00034908481286746295	0.9937841649187839	0.29115463815899106	1.4640188901161018	-0.08079613514384125	0.6600142988765841	1.0428949814191892	1.062016594496343	0.0003295561500325736
Q965Y	missense	108	281	242	126	94	37	9	178	159	101	48	66	19	114	149	81	104	0.0003422936816982791	0.0008299072681630503	0.0009379704327015865	0.0004203474651723921	0.00024587003051376483	0.0006180871828236825	0.0001291856138900372	0.0005483211875595418	0.0006538511834706421	0.0003358931464625841	0.00021047205876036253	0.0008541778219740432	0.0002646167687646366	0.00043179514136597454	0.0005374167451892244	0.00035705110620528696	0.00019788246912091185	0.508440534510865	0.0006085237991376984	-0.4648861997921416	0.5298129247057114	0.0004371343940632827	0.02377831410082086	0.5526558834294053	0.0003810363654703495	0.21695513073437497	-0.6798355844708883	-0.7453776759605341	-0.5089309291726302	-0.04243437761059564	-0.07471758498564858	-0.39390602678556486	0.00047556485289044353
Q965C	missense	127	97	65	142	284	35	45	92	75	165	146	40	133	102	128	71	186	0.0004019595528199975	0.0002884074903545352	0.00025475740147450494	0.00047330462613899267	0.0007376100915412945	0.0005855562784645413	0.0005942538238941712	0.0002848819577823318	0.000310579312148555	0.0005466496305175389	0.0006314161762810876	0.0005227058313572503	0.0017729323507230652	0.000386738257049525	0.00046217840086273303	0.0003135082883753739	0.00035241925452962397	0.7366080350440072	0.0004385199023773319	1.7238704157155633	0.7149107342794045	0.00044338176918237834	1.4667206372214925	0.6042365511985234	0.000378711050204314	0.639438136422999	0.006403343060208703	0.816094205691205	0.5304348195092873	1.6628722331355184	1.2766763964533516	1.2394832194133616	0.0004202042405880081
Q965G	missense	243	256	148	123	194	26	39	156	94	108	96	33	24	155	162	124	163	0.0007662353975631202	0.0007563339287868933	0.000575134133631837	0.0004104179974911545	0.0005046805889493067	0.000439167208848406	0.0005167424555601488	0.00048092975668630205	0.00038822414018569373	0.0003589446369060948	0.0004166487693827585	0.00043346337234503684	0.00033077096095579576	0.0005857394961138437	0.0005839928631056238	0.000544285222873913	0.0003090735708174242	0.5738287963702048	0.0005616416622147978	0.16236785868141174	0.6081188000154069	0.00041118682579021227	0.6342169891645819	0.5712638265909542	0.0005057727882277012	0.3693676545846584	0.07064423931489693	0.9622682991876086	-0.11742503050600232	0.5999165926700494	0.38865083414355067	0.781092445928829	0.0004928670920775704
Q965K	missense	68	46	29	28	18	3	8	35	29	39	20	6	0	30	43	22	21	0.0002166813214420299	0.00013831787802717505	0.00011579881885204771	9.598485425196355e-05	4.917400610275297e-05	6.506180871828237e-05	0.00011626705250103349	0.00011027688688348328	0.00012259709690074538	0.00013172280253434673	9.020231089729822e-05	8.924245901221346e-05	1.323083843823183e-05	0.00011639695115082791	0.00015764224525550584	0.0001001484810088	4.1461088768191055e-05	0.5350728885198666	9.981888930848483e-05	-0.20940835615735892	0.6109558806740826	0.00011369977430396839	0.6563336407118842	0.5401021925354081	0.0001039121915458312	0.11413131532504389	0.2521305302572843	1.3752232174277472	-0.8289841621500417	-0.5675516375156809	0.18701886662652303	0.40383578995603314	0.00010581028505276147
Q965P	missense	91	6	7	20	54	0	4	28	44	28	32	4	2	12	23	25	66	0.0002889084285893732	2.0600535025323943e-05	3.087968502721272e-05	6.950627376866327e-05	0.00014234580713954806	1.6265452179570593e-05	6.45928069450186e-05	8.883415887836153e-05	0.00018389564535111809	9.549903183740137e-05	0.00014174648855289722	6.374461358015247e-05	3.9692515314695496e-05	4.881162467615364e-05	8.59866792302759e-05	0.00011321132635777392	0.00012626786124858184	0.8167075894272472	6.5833075240187e-05	2.4922464076770923	0.642241122294087	0.00012749383115494455	0.9002198289197895	0.7116981593641716	9.356937287819632e-05	1.5196264933705246	0.5989180164819407	2.1643053970071806	-0.2057348717521411	0.45502500252292416	1.6373642433224689	1.3096651997650524	9.563209309110928e-05
Q965R	missense	220	154	103	128	91	23	31	142	106	115	77	38	33	130	156	68	141	0.0006940082904157769	0.00045615470413217304	0.0004014359053537654	0.0004269671102932172	0.0002381057137606986	0.0003903708523096942	0.00041339396444811904	0.0004380443006760586	0.00043726297894599187	0.0003819961273496055	0.0003350371547613934	0.0004972079859251893	0.00044984850689988224	0.0004918709871212406	0.0005624961932980549	0.0003004454430264	0.0002676124820492332	0.5733950497259941	0.0003806658583849635	0.15820703019027205	0.5964030796791435	0.00039808514043326236	0.5428863096823406	0.5529761618639938	0.00040560627637373215	0.2195784429471572	0.024886748754221824	0.8581514500568059	-0.04347181212002892	0.7212530061120768	0.30689059427325666	0.7897022280844413	0.0003947857583973193
Q965W	missense	88	171	116	69	82	24	11	134	71	57	35	26	16	109	112	47	97	0.0002794875015701545	0.0005061845749079598	0.00045161539352298605	0.00023168757922887754	0.0002148127635014998	0.0004066363044892648	0.00015502273666804465	0.0004135383258130623	0.00029423303256178896	0.00019099806367480274	0.00015463253296679695	0.0003442209133328234	0.00022492425344994112	0.0004130214395674539	0.0004048539480425491	0.0002090055255835826	0.00018469030451285105	0.527616694607799	0.0003510750777903308	-0.2809338526168145	0.5205820777582427	0.0002633504887541128	-0.04818136910358179	0.5341219510304301	0.00030289280442660917	0.06514880860225113	-0.41881075047849087	-0.1514403134178473	-0.18480096491649828	0.48937165071759164	-0.08798880437271504	0.16896566864987217	0.00030577279032368426
Q965D	missense	81	81	74	156	118	12	30	60	28	138	87	5	19	48	76	87	146	0.0002575053385253109	0.00024132055315379477	0.00028949704713011925	0.0005196421419847682	0.0003079845645382949	0.0002114508783344177	0.00040047540305911534	0.00018685805833034666	0.00011851052700405388	0.00045773673880685487	0.00037799063614105924	7.649353629618297e-05	0.0002646167687646366	0.0001839822776255022	0.0002758739291971352	0.0003831767969032348	0.00027703545676927656	0.6645799377689604	0.00033961107670174427	1.032921993855231	0.7249723048061127	0.00028527399007057864	1.5451562815086315	0.6681293285598117	0.0002800171151237872	1.162766231790398	0.27736635367335777	1.432644950724481	0.5389926231445527	1.6769131798678811	1.2469481690514201	1.554779065296181	0.0003016340606320367
Q965N	missense	82	107	56	52	53	4	5	75	31	55	33	9	29	50	72	42	71	0.0002606456475317171	0.000317836826104998	0.00022001775581889066	0.00017542059570186443	0.00013975770155519264	8.132726089785297e-05	7.751136833402232e-05	0.0002328067611984647	0.0001307702366941284	0.0001844119235480854	0.0001460418366908638	0.00012748922716030494	0.00039692515314695493	0.00019149175834491045	0.00026154281599208924	0.00018723411666862608	0.00013569083596862527	0.5401799203914889	0.00021325821979523642	-0.16041781294457397	0.5877802722992433	0.0001735076895328856	0.47566663949158344	0.5860624881115193	0.00019398988174356276	0.4905794044472721	-0.020870741806453322	0.7540346009260032	0.49323513258387763	1.6018380186522772	0.2686094103314272	1.1779363097891402	0.0001935852636905616
Q965I	missense	107	41	21	37	43	7	12	72	16	55	51	2	9	39	32	57	82	0.0003391533726918729	0.00012360321015194366	8.491913382483498e-05	0.00012577325729567639	0.00011387664571163845	0.00013012361743656474	0.00016794129805704837	0.0002236170206248411	6.947168824375573e-05	0.0001844119235480854	0.00022335810317426226	3.824676814809149e-05	0.0001323083843823183	0.00015018961438816505	0.00011823168394162938	0.0002525483434134957	0.0001564213803527208	0.6282561225701968	0.00011204306174602337	0.6844762659097434	0.6453613576379864	0.0001752146838977361	0.9245438317060941	0.6532355302134206	0.0001693477555240027	1.040775242459491	0.11080137746081507	1.0536420752105582	0.5389926231445527	1.6769131798678811	0.8832651133584428	1.3652776275392196	0.0001522018337225874
Q965E	missense	78	62	56	57	25	9	4	39	36	51	32	5	4	24	28	44	76	0.0002480844115060922	0.0001854048152279155	0.00022001775581889066	0.0001919697085039271	6.729074519324091e-05	0.00016265452179570593	6.45928069450186e-05	0.0001225298743149814	0.000151203086177586	0.00017123964329465073	0.00014174648855289722	7.649353629618297e-05	6.615419219115915e-05	9.386850899260315e-05	0.00010390057073658339	0.00019594268023460871	0.0001451138106886687	0.5530878548150304	0.00016617075618599353	-0.03659506519982038	0.641551020932556	0.00014667977308502884	0.8948400977166503	0.6820170635853011	0.000134706392663116	1.2765168342843192	-0.4010819835180594	-0.11110017823393115	-0.06306736818340972	0.6891022147871685	0.7115872889337164	0.28900101827661867	0.0001491856406447128
Q965F	missense	125	61	47	67	123	9	9	77	28	68	77	4	7	55	65	57	105	0.000395678934807185	0.0001824618816528692	0.00018527811016327633	0.00022506793410805246	0.000320925092460072	0.00016265452179570593	0.0001291856138900372	0.00023893325491421377	0.00011851052700405388	0.0002272218343717481	0.0003350371547613934	6.374461358015247e-05	0.00010584670750585465	0.00021026546014343107	0.00023646336788325876	0.0002525483434134957	0.00019976706406492052	0.6872692087305855	0.00022843325459606748	1.250574778770979	0.6789607767049776	0.00022992569276285228	1.1864703445896894	0.622857417341562	0.0002247610588762765	0.7919565088459815	-0.10005198785407819	0.5738651522146992	0.22023386052013996	1.1539197814169404	1.0763338774022166	0.8638924668158199	0.00022770666874506545
Q965Q	silent	65	42	43	110	67	3	15	39	34	63	35	7	24	58	44	63	63	0.00020726039442281122	0.00012654614372698995	0.00016983826764966996	0.0003673903042057915	0.0001759911797361685	6.506180871828237e-05	0.00020669698222405952	0.0001225298743149814	0.00014302994638420297	0.00021075648405495474	0.00015463253296679695	0.00010199138172824396	0.00033077096095579576	0.00022152968122254345	0.00016122502355676732	0.0002786740341114435	0.00012061407641655579	0.6764856501246133	0.00020994147382965498	1.1471306634504956	0.6574975861392168	0.000157737209430234	1.0191526106420583	0.5953824074212496	0.00019551070382682752	0.5669162898163238	0.5020080034738842	1.9437958131119601	0.5109638995443092	1.6309259345628615	0.9110665213029593	1.787360873837411	0.00018772979569557215
L966L	silent	227	184	115	178	401	22	47	259	158	208	206	33	60	198	168	174	430	0.0007159904534606205	0.0005444427113835613	0.0004477554328945845	0.0005924582383138439	0.0010404184449108785	0.0003741054001301236	0.0006200909466721786	0.0007964441830473792	0.0006497646135739506	0.0006882516432419616	0.0008891370645590825	0.00043346337234503684	0.0008070811447321417	0.0007471933315811211	0.0006054895329131928	0.0007619993120234783	0.0008122604208677429	0.70274206990674	0.000656268706875717	1.3990022593762694	0.6380872939329768	0.0007558993761055934	0.8678383828128401	0.6400204110290851	0.0007317356493463838	0.9325338505775084	0.21946141350391624	1.3008877270289307	0.2699647958327271	1.2355142469404488	1.0664581642555393	1.2682009869846897	0.0007146345774425647
L966D	missense	62	54	59	78	113	6	12	47	38	63	46	15	7	42	37	45	89	0.0001978394674035925	0.00016186134662754526	0.00023159763770409542	0.00026147598227259036	0.0002950440366165178	0.00011385816525699414	0.00016794129805704837	0.0001470358491779777	0.00015937622597096901	0.00021075648405495474	0.00020188136248442935	0.00020398276345648793	0.00010584670750585465	0.00016145383546727743	0.00013614557544793687	0.0002002969620176	0.00016961354496078157	0.6815047244570028	0.00023749475080518721	1.1952774508898703	0.662535084750508	0.00017976248042208268	1.058422767137345	0.6415972281224411	0.00016687747947339895	0.9454491239509386	0.16879332443850184	1.1855972746826735	-0.284916117799766	0.32511086738486816	1.0663831139927178	0.7553540710337708	0.00019471157023355628
L966S	missense	174	213	157	158	240	40	92	175	103	156	168	33	64	176	222	134	222	0.0005495540761210903	0.0006297877850599034	0.0006098737792874512	0.0005262617871055932	0.0006237334458296561	0.0006668835393623943	0.001201426209177346	0.0005391314469859182	0.00042500326925591734	0.0005170119999473109	0.0007259138353163523	0.00043346337234503684	0.000860004498485069	0.0006645890436676304	0.0007989595611813137	0.0005878280407038261	0.0004202646725139366	0.6196762747485155	0.000597414199320651	0.6021718244977353	0.6619471000261925	0.0005517651378763747	1.053839092992214	0.5772531532469163	0.0006179103295166767	0.41842457527029614	0.25564710398012147	1.3832248488824372	0.29754831746481564	1.2807710411406725	0.6914784975867484	1.3319979450115549	0.0005890298889045675
L966A	missense	131	28	19	31	54	4	4	24	27	51	44	3	6	46	46	36	73	0.00041452078884562243	8.534507367634205e-05	7.719921256803181e-05	0.00010591432193320116	0.00014234580713954806	8.132726089785297e-05	6.45928069450186e-05	7.658117144686338e-05	0.00011442395710736236	0.00017123964329465073	0.0001932906662084962	5.099569086412198e-05	9.261586906762282e-05	0.00017647279690609393	0.00016839058015929032	0.00016110842597067828	0.00013946002585664264	0.6857701932806073	0.00010270110382928076	1.2361950797550294	0.7165657540892467	0.00013888385951434318	1.4796224545618732	0.6020850185022724	0.00016135795722317631	0.6218155262540453	-0.10005198785407819	0.5738651522146992	0.2591519265505096	1.2177733722854174	1.1125443535236494	0.8958192622500583	0.00013431430685560008
L966F	missense	141	85	64	84	114	26	15	102	44	101	105	27	23	66	79	52	158	0.0004459238789096847	0.0002530922874539799	0.00025089744084610336	0.0002813349176350656	0.00029763214220087324	0.000439167208848406	0.00020669698222405952	0.00031551442636107717	0.00018389564535111809	0.0003358931464625841	0.0004553069026244577	0.00035696983604885385	0.00031754012251756396	0.00025156760410017647	0.0002866222641009197	0.00023077693449853913	0.0002996505960973808	0.6439362404422453	0.0002707391970340055	0.8348919107504582	0.6803396142542811	0.0003226525301998093	1.1972191646928576	0.6353408907725945	0.00026715434969925406	0.8942051924067308	-0.32729576935714066	0.056793384843757996	-0.050832911766397974	0.709175513751728	0.9754387559500156	0.382984449297743	0.00028684869231102294
L966K	missense	74	420	413	378	106	37	38	164	98	132	40	55	40	86	75	66	74	0.00023552317548046728	0.0012389750350944829	0.0015980237001582585	0.0012544227503963512	0.00027692729752602985	0.0006180871828236825	0.0005038238941711451	0.0005054357315492984	0.0004045704197724598	0.00043797831842670287	0.00017610927365662986	0.0007139396720977077	0.0005424643759675051	0.000326662411294259	0.00027229115089587373	0.00029173687946041743	0.00014134462080065132	0.5325810929147085	0.0010920871957937805	-0.23331155929776687	0.5467099112870935	0.00038102343585127274	0.15549990025914467	0.5600182393946467	0.00025800876561280037	0.2772581553300941	-0.08877097744438908	0.5995340261952589	-0.11929029242224974	0.596856222939198	0.06648216543049064	0.5981951245672285	0.0005770397990859512
L966C	missense	101	278	236	133	64	31	24	163	94	67	14	55	7	114	113	59	68	0.0003203115186534355	0.0008210784674379114	0.0009148106689311769	0.00044351622309527985	0.00016822686298310227	0.000520494469746259	0.000322964034725093	0.0005023724846914238	0.00038822414018569373	0.00022392876430838942	6.443022206949873e-05	0.0007139396720977077	0.00010584670750585465	0.00043179514136597454	0.0004084367263438106	0.00026125690697947825	0.00013003705113659922	0.49562234259018967	0.0005869080556118676	-0.5878480690314918	0.46828055381898465	0.0002947389028137514	-0.4559013882084988	0.5181757998917033	0.0003078814564564657	-0.06546171184331612	-0.2072619575019465	0.3299189895565094	-0.8289841621500417	-0.5675516375156809	-0.3697370563611022	-0.11881632397958578	0.00039650947162736154
L966R	missense	185	30	23	94	183	4	18	47	44	120	138	7	34	70	98	119	188	0.0005840974751915588	9.12309408264346e-05	9.263905508163816e-05	0.00031443314323919094	0.0004762114275213972	8.132726089785297e-05	0.0002454526663910707	0.0001470358491779777	0.00018389564535111809	0.0003984614776663988	0.0005970533911773549	0.00010199138172824396	0.0004630793453381141	0.000266586565538993	0.0003546950518248881	0.0005225138139589565	0.0003561884444176413	0.8015924793906307	0.00024362864166716522	2.3472507487446506	0.7724445651853336	0.00033161159084321235	1.9152294543524755	0.661385757693101	0.00037499596893511973	1.1075315050591574	0.479731608762732	1.8931079803899329	0.6570919352225473	1.8706809058744138	1.7900039027187613	1.8818944431321734	0.00031674540048183243
L966E	missense	69	96	88	52	30	15	6	110	29	45	17	19	4	32	46	15	45	0.0002198216304484361	0.0002854645567794889	0.00034353649592774155	0.00017542059570186443	8.0231273115018e-05	0.0002602472348731295	9.042992972302605e-05	0.00034002040122407346	0.00012259709690074538	0.00015148122291449873	7.731626648339847e-05	0.0002549784543206099	6.615419219115915e-05	0.00012390643187023618	0.00016839058015929032	6.966850852786088e-05	8.669136742439947e-05	0.5142481259954323	0.00022116323038102822	-0.4091753546791822	0.4877401249775251	0.00017285374688067904	-0.3042030030190335	0.5663897148901347	0.00011216422199544672	0.3294451516298361	-0.4590739304957461	-0.24305537770604632	-0.5859461134637473	-0.16879461515548824	-0.12797773535612655	-0.20592499643076728	0.00016872706641905136
L966W	missense	79	68	42	32	58	12	4	73	41	27	47	28	6	67	59	34	97	0.00025122472051249844	0.00020306241667819314	0.00016597830702126838	0.0001092241444936137	0.00015269822947696976	0.0002114508783344177	6.45928069450186e-05	0.00022668026748271563	0.00017163593566104355	9.22059617740427e-05	0.00020617671062239594	0.00036971875876488436	9.261586906762282e-05	0.0002553223444598806	0.00021496669807568978	0.00015239986240469565	0.00018469030451285105	0.5838235181861586	0.00015774077441751126	0.2582448501184573	0.5997127759538367	0.00017417471888504947	0.5686872677943176	0.5825071180464889	0.00020184480236327927	0.4614583500605217	-0.5150253358248962	-0.3703675173345697	-0.601186080020484	-0.19379911020423396	0.42946348932443223	-0.2820833137694018	0.00017792009855528
L966_	nonsense	88	344	259	234	54	72	15	287	147	118	30	143	12	173	175	51	71	0.0002794875015701545	0.0010153120833909658	0.0010035897633844135	0.000777808301696946	0.00014234580713954806	0.0011873780091086533	0.00020669698222405952	0.0008822150950678662	0.000604812344710344	0.0003918753375396815	0.00013315579227696404	0.0018358448711083913	0.0001720008996970138	0.000653324822588518	0.0006305689810220234	0.00022642265271554784	0.00013569083596862527	0.5040138596625708	0.0007347639889029683	-0.5073502397464124	0.4721643076946605	0.0005030146423987138	-0.4256253257704639	0.47637912987024095	0.0004115018230736786	-0.407806693833163	-0.7592548653186093	-0.926088750383078	-1.0283052619241977	-0.8945814530903295	-0.44692741978334644	-0.9103351017367038	0.0005497601514584536
L966G	missense	173	120	108	151	111	65	52	202	110	154	110	39	11	137	151	122	168	0.0005464137671146841	0.0003560949625805996	0.0004207357084957733	0.0005030930291827055	0.00028986782544780697	0.0010735198438516591	0.0006846837536171972	0.0006218391121485307	0.0004536092585327579	0.0005104258598205935	0.0004767836433142906	0.0005099569086412198	0.00015877006125878198	0.0005181541696391694	0.0005445823017917475	0.0005355766593079305	0.0003184965455374676	0.6157372978508193	0.00039244788142672136	0.5643861550968812	0.6020714638369177	0.0005156644684540432	0.5870745765440437	0.5853521855668783	0.0004792024190690787	0.4847615124542593	-0.19532005379515777	0.357091663829929	-0.5067648674161224	-0.03888048001743229	0.5454074146983947	0.15910559190624837	0.0004624382563166144
L966N	missense	68	57	53	61	7	5	0	82	55	52	7	11	2	86	71	45	18	0.0002166813214420299	0.0001706901473526841	0.00020843787393368587	0.00020520899874557725	2.0704844674843356e-05	9.759271307742355e-05	1.291856138900372e-05	0.00025424948920358645	0.00022884791421472472	0.0001745327133580094	3.436278510373266e-05	0.00015298707259236595	3.9692515314695496e-05	0.000326662411294259	0.00025796003769082773	0.0002002969620176	3.5807303936165e-05	0.5313732590964493	0.00015126046617669765	-0.24489802211114506	0.4960291479839424	0.00017299822547001332	-0.23958537117980563	0.4833224505771059	0.0002051816787347129	-0.3509358713221633	-0.8782032382377217	-1.1967445412890854	-0.5859461134637473	-0.16879461515548824	-0.27847308820437133	-0.6827695782222868	0.0001764801234604746
L966H	missense	44	21	26	25	37	5	12	20	37	29	27	3	11	32	46	32	101	0.00014131390528828035	6.47445386510181e-05	0.00010421893696684294	8.605538657072594e-05	9.834801220550593e-05	9.759271307742355e-05	0.00016794129805704837	6.432818401536524e-05	0.0001552896560742775	9.879210190076005e-05	0.0001202697478630643	5.099569086412198e-05	0.00015877006125878198	0.00012390643187023618	0.00016839058015929032	0.00014369129883871304	0.0001922286842888858	0.6542355043214855	8.834171859852323e-05	0.9336903018353976	0.6567222166721368	0.00010966992246336677	1.0131081662335477	0.66086887121111	0.00015705424878928134	1.1032978306234396	0.23574011406911502	1.3379283730526645	0.49323513258387763	1.6018380186522772	1.016698766230795	1.469883195852471	0.0001183552966170571
L966V	missense	195	73	61	78	132	16	18	98	59	137	130	13	22	78	95	102	214	0.0006155005652556211	0.00021777708455342454	0.0002393175589608986	0.00026147598227259036	0.00034421804271927075	0.0002765126870527001	0.0002454526663910707	0.000303261438929579	0.00024519419380149076	0.0004544436687434962	0.0005626906060736223	0.00017848491802442692	0.0003043092840793321	0.000296624488416626	0.0003439467169211036	0.0004484910236481044	0.0004051879129618671	0.672220264680364	0.00026569716712654607	1.1062138344236783	0.7038470348790666	0.0003913974768870471	1.3804728304440896	0.66099084318991	0.0003735625354869253	1.1042968694192117	-0.051747308279523126	0.6837778894288774	0.23171367820357006	1.1727549306515	1.1969945114289933	0.9282664100401887	0.0003435523931668394
L966I	missense	97	122	63	78	95	11	7	86	69	94	63	13	12	94	82	64	132	0.00030775028262781056	0.00036198082973069217	0.0002470374802177018	0.00026147598227259036	0.00024845813609812025	0.0001951854261548471	0.00010334849111202976	0.0002665024766350846	0.00028605989276840593	0.00031284165601907344	0.00027490228082986126	0.00017848491802442692	0.0001720008996970138	0.00035670033417189203	0.00029737059900470416	0.0002830283158944348	0.000250651127553155	0.5885675330571536	0.00027973810707977617	0.30375305750423665	0.630698159296101	0.0002850765765631063	0.8102358907933971	0.5900084405875459	0.0002969375941560465	0.522899611503108	-0.2761432469097594	0.17318611960817545	-0.016070805507186037	0.7662103445439391	0.5456295199335806	0.46969823207605726	0.00028725075926630967
L966Q	missense	53	46	43	32	35	14	0	59	30	22	7	7	1	53	48	40	50	0.00016957668634593644	0.00013831787802717505	0.00016983826764966996	0.0001092241444936137	9.31718010367951e-05	0.00024398178269355888	1.291856138900372e-05	0.00018379481147247213	0.0001266836667974369	7.574061145724937e-05	3.436278510373266e-05	0.00010199138172824396	2.646167687646366e-05	0.00020275597942402283	0.00017555613676181332	0.00017852555310264348	9.61143421444429e-05	0.5769999140382498	0.00012763802280181346	0.19278763695074816	0.47662248888901193	0.00010514546870772275	-0.3908712768474311	0.5643225899552822	0.00016323800285823062	0.31251390212528324	-1.2761432469097593	-2.102219455632936	-0.5859461134637473	-0.16879461515548824	0.03814342074286676	-1.1355070353942123	0.00013200716478925563
L966T	missense	104	34	34	44	21	10	1	46	61	52	20	4	5	58	79	36	42	0.00032973244567265417	0.00010300267512661972	0.00013509862199405565	0.00014894201521856415	5.6938322855819224e-05	0.0001789199739752765	2.583712277800744e-05	0.00014397260232010316	0.0002533673335948738	0.0001745327133580094	9.020231089729822e-05	6.374461358015247e-05	7.938503062939099e-05	0.00022152968122254345	0.0002866222641009197	0.00016110842597067828	8.103758259237342e-05	0.5899902006832836	0.00011099540879876469	0.3174003699877615	0.5796604408578762	0.00016551874004257114	0.4123679517851254	0.5338711805777686	0.0001875744884716287	0.06309481707479418	-0.840414677348322	-1.110760239161007	0.09529512391184007	0.9489304850632804	0.26428771294922704	-0.0809148770488633	0.00015469621243765485
L966Y	missense	94	48	38	69	42	10	16	88	38	112	54	7	23	50	74	56	125	0.0002983293556085919	0.0001442037451772676	0.00015053846450766202	0.00023168757922887754	0.00011128854012728304	0.0001789199739752765	0.00021961554361306325	0.00027262897035083367	0.00015937622597096901	0.0003721169171595295	0.00023624414758816203	0.00010199138172824396	0.00031754012251756396	0.00019149175834491045	0.0002687083725946122	0.00024819406163050433	0.0002374589629450942	0.6215508870398947	0.00015942958226027257	0.620154534764013	0.6374458840574639	0.00026009156526737355	0.8628382293373523	0.6405134153425371	0.0002364632888787803	0.9365719127657874	0.08900424836597079	1.0040447661438991	0.49323513258387763	1.6018380186522772	0.8065215589557176	1.3029413923980881	0.00021866147880214213
L966M	missense	86	18	13	13	48	7	4	32	10	29	24	14	7	30	34	32	98	0.00027320688355734205	5.591573792587927e-05	5.4039448797622264e-05	4.6337515845775506e-05	0.00012681717363341555	0.00013012361743656474	6.45928069450186e-05	0.00010108714630985967	4.4952268863606643e-05	9.879210190076005e-05	0.00010738370344916456	0.00019123384074045744	0.00010584670750585465	0.00011639695115082791	0.00012539724054415238	0.00014369129883871304	0.00018657489945685975	0.7155136094687098	7.077746905067314e-05	1.521516603624079	0.6508114571067486	8.805380513084773e-05	0.9670304457119907	0.6750008187982642	0.00014301509749763827	1.2190487107706254	-0.304171970510003	0.10940940566128902	-0.2568873941995225	0.37109811268988796	1.2358652533688985	0.2402537591755885	0.00010061545722638639
L966P	missense	70	37	33	48	29	0	2	38	49	26	32	5	0	59	50	38	72	0.00022296193945484235	0.00011183147585175854	0.00013123866136565408	0.0001621813054602143	7.764316753066258e-05	1.6265452179570593e-05	3.875568416701116e-05	0.00011946662745710689	0.00020432849483457564	8.891289171068403e-05	0.00014174648855289722	7.649353629618297e-05	1.323083843823183e-05	0.0002252844215822476	0.0001827216933643363	0.00016981698953666088	0.00013757543091263394	0.6064601676653022	0.00012072365255207237	0.475392849656664	0.6140486911882191	0.00013861362563881595	0.6804438514081566	0.576769597263054	0.00017884963384896967	0.41446390174052894	0.37706926686558434	1.659509515269854	-0.7620373725194285	-0.45771080134218445	0.5234335342684499	0.6008993569638348	0.00014606230401328598
S967D	missense	84	80	61	59	93	13	6	99	51	56	54	17	3	53	76	43	102	0.0002669262655445296	0.00023837761957874848	0.0002393175589608986	0.00019858935362475217	0.0002432819249294094	0.0002277163305139883	9.042992972302605e-05	0.00030632468578745353	0.00021250163462795867	0.0001877049936114441	0.00023624414758816203	0.0002294806088885489	5.292335375292732e-05	0.00020275597942402283	0.0002758739291971352	0.0001915883984516174	0.00019411327923289447	0.6214636474770973	0.00022989161427345217	0.6193176663679413	0.5938369254949957	0.00023569386540375458	0.5228816835417707	0.6090608579703222	0.00021608289657641747	0.6789527009578502	-0.40108198351805935	-0.11110017823393102	-0.6370986359111285	-0.2527215049885242	0.6070506836225208	-0.1819108416112276	0.00022722279208454142
S967_	nonsense	67	192	154	136	100	27	16	209	163	89	35	34	11	126	168	54	71	0.00021354101243562366	0.0005679861799839315	0.0005982938974022465	0.0004534456907765175	0.00026139866401989737	0.0004554326610279766	0.00021961554361306325	0.0006432818401536525	0.0006701974630574082	0.0002963763057022801	0.00015463253296679695	0.00044621229506106735	0.00015877006125878198	0.00047685202568242406	0.0006054895329131928	0.00023948549806452176	0.00013569083596862527	0.5542570220034164	0.00047028110804564824	-0.025379522178860244	0.4946669422672245	0.0004411220354700344	-0.25020453672247817	0.5058344299736176	0.00036437947315719096	-0.1665464647714216	-0.3167610978180235	0.08076403519719912	-0.44877292043843564	0.05626798016273126	-0.14737684122425335	0.06851600767996519	0.0004252608722242912
S967G	missense	208	218	146	191	143	36	24	211	144	133	93	49	13	148	175	126	265	0.0006563245823389022	0.0006445024529351348	0.0005674142123750338	0.0006354859315992069	0.0003726872041471804	0.0006018217306441119	0.000322964034725093	0.0006494083338694015	0.0005925526350202694	0.0004412713884900615	0.0004037627249688587	0.0006374461358015248	0.00018523173813524564	0.0005594563135959148	0.0006305689810220234	0.0005529937864398956	0.00050130225510631	0.5829198312843017	0.000555022450264139	0.24957599640280848	0.57180042128847	0.0005217487705871478	0.35109464485959163	0.6109624953215417	0.000561080334041036	0.6945284873642833	-0.27031370324903553	0.186450695754898	-0.5367280907935656	-0.08804169489257617	0.4317330428755611	0.04920450043116092	0.0005459505182974409
S967F	missense	96	318	220	143	31	37	22	163	86	76	23	70	10	99	145	48	61	0.0003046099736214043	0.0009387958104397626	0.0008530512988767514	0.0004766144486994052	8.281937869937342e-05	0.0006180871828236825	0.0002971269119470856	0.0005023724846914238	0.00035553158101216164	0.0002535663948786174	0.00010308835531119797	0.0009051735128381652	0.00014553922282055013	0.0003754740359704126	0.0005230856319841785	0.00021335980736657392	0.00011684488652853843	0.46847010073199963	0.0005878202341788232	-0.8483130732679136	0.4912253365928901	0.0003036397039733502	-0.2770338033595438	0.514562504145525	0.00030719109046242586	-0.09505721948816469	-0.31810774845329537	0.07769985883379946	-0.7937517856966352	-0.5097452257164818	-0.40680136537187406	-0.21602268344134118	0.00039955034287153307
S967K	missense	51	29	37	29	34	5	5	22	26	38	23	2	7	17	27	32	50	0.00016329606833312397	8.828800725138832e-05	0.00014667850387926044	9.929467681237608e-05	9.058369545243968e-05	9.759271307742355e-05	7.751136833402232e-05	7.045467773111431e-05	0.00011033738721067085	0.00012842973247098805	0.00010308835531119797	3.824676814809149e-05	0.00010584670750585465	6.758532647467428e-05	0.00010031779243532189	0.00014369129883871304	9.61143421444429e-05	0.61308483871217	0.00010621122084886612	0.5389417448565224	0.6601656929965966	0.0001030775381809928	1.0399520156484634	0.664538196777552	0.00010192718997328802	1.1333522630534254	-0.10005198785407812	0.5738651522146996	0.4420826101364963	1.5179111288192408	0.9040820078528037	1.0458881405169702	0.00010373864966771565
S967W	missense	124	124	84	106	105	21	32	116	94	85	65	45	35	115	95	74	94	0.0003925386258007788	0.0003678666968807847	0.0003280966534141352	0.0003541510139641414	0.00027433919194167443	0.000357839947950553	0.0004263125258371228	0.00035839988237132067	0.00038822414018569373	0.00028320402544884546	0.00028349297710579443	0.0005864504449374028	0.0004763101837763459	0.00043554988172567866	0.0003439467169211036	0.00032657113372434784	0.000179036519680825	0.6009780030530617	0.00033111338905018395	0.42280374720208064	0.5936157435778703	0.0003283302562779136	0.5211574451509208	0.5484579929921218	0.0003212760630129888	0.1825713694105852	0.07603927120160313	0.9745441848212235	-0.09034145305007163	0.6443531192121488	0.37551085392119554	0.8094486520166861	0.00032690656944702883
S967M	missense	86	106	61	83	57	9	8	156	100	52	39	6	6	125	106	56	77	0.00027320688355734205	0.0003148938925299517	0.0002393175589608986	0.00027802509507465306	0.00015011012389261433	0.00016265452179570593	0.00011626705250103349	0.00048092975668630205	0.0004127435595658428	0.0001745327133580094	0.0001718139255186633	8.924245901221346e-05	9.261586906762282e-05	0.00047309728532271995	0.0003833572782349801	0.00024819406163050433	0.00014699840563267737	0.5670210064963919	0.0002455866676145294	0.0970623480873207	0.5075060904373039	0.0003100049887822044	-0.15011610061351924	0.5138005335912923	0.0003129117577052204	-0.10129830987961515	-0.14580947841475328	0.4697483030838967	0.01611387786421517	0.8190163499252244	-0.05145068746860456	0.6443823265045605	0.00028950113803398475
S967C	missense	105	27	21	44	97	13	17	88	36	55	56	8	16	48	72	54	88	0.0003328727546790604	8.240214010129577e-05	8.491913382483498e-05	0.00014894201521856415	0.0002536343472668311	0.0002277163305139883	0.00023253410500206697	0.00027262897035083367	0.000151203086177586	0.0001844119235480854	0.00024483484386409517	0.00011474030444427445	0.00022492425344994112	0.0001839822776255022	0.00026154281599208924	0.00023948549806452176	0.0001677289500167729	0.7517156296980062	0.0001424744091028815	1.8687939813683594	0.6176481673378742	0.00021326970598515004	0.7085038078677326	0.6146191484487942	0.00021318488542472155	0.724479123344364	0.009092481570989868	0.8222130864512321	0.2923202898031642	1.2721933194446442	1.1005923041934855	1.0472032029479381	0.0001896430001709177
S967N	missense	64	18	17	33	60	7	4	19	27	46	39	1	7	35	35	39	81	0.00020412008541640498	5.591573792587927e-05	6.947929131122863e-05	0.00011253396705402623	0.00015787444064568057	0.00013012361743656474	6.45928069450186e-05	6.12649371574907e-05	0.00011442395710736236	0.0001547742929778574	0.0001718139255186633	2.549784543206099e-05	0.00010584670750585465	0.00013517065294934856	0.00012898001884541387	0.00017417127131965217	0.0001545367854087121	0.7351969915302632	9.895085923420366e-05	1.7103346105800383	0.7175777054893263	0.00012556927819034345	1.4875111892123756	0.6467778799743817	0.00014821468213078166	0.9878824126324904	-0.304171970510003	0.10940940566128902	0.6181738691921775	1.806827315005937	1.395242737474968	0.9581183603336131	0.00012424493985177626
S967L	missense	243	146	114	147	191	22	33	111	76	158	127	15	43	96	132	100	272	0.0007662353975631202	0.00043261123553180284	0.0004438954722661829	0.0004898537389410553	0.0004969162721962405	0.0003741054001301236	0.0004392310872261265	0.00034308364808194797	0.0003146658820452465	0.0005235981400740282	0.0005498045616597225	0.00020398276345648793	0.0005821568912822005	0.00036420981489130027	0.000476509514067779	0.00043978246008212176	0.0005144944197143708	0.6410250872992098	0.0004658191797338204	0.8069659103968302	0.6848658355619345	0.0004327880579652363	1.2325036248583539	0.6538389718083764	0.00044874905218889293	1.045717865923297	0.06969909317058408	0.9601177083814215	0.4554465716944778	1.539837627762932	1.028395800392827	1.2499776680721768	0.0004491187632959832
S967Y	missense	90	66	40	51	55	13	18	53	27	24	19	26	6	45	43	34	70	0.00028576811958296695	0.0001971765495281006	0.0001582583857644652	0.00017211077314145188	0.00014493391272390349	0.0002277163305139883	0.0002454526663910707	0.0001654153303252249	0.00011442395710736236	8.23267515839667e-05	8.590696275933165e-05	0.0003442209133328234	9.261586906762282e-05	0.0001727180565463898	0.00015764224525550584	0.00015239986240469565	0.0001338062410246166	0.5984424065539726	0.00016811990528948028	0.39848037249415086	0.5495038455931023	0.0001120182504439714	0.17728020153577248	0.6002707436739135	0.00015414160130780197	0.6069553021471918	0.032573577420512784	0.8756421028600077	-0.5701518462805153	-0.14288066881502764	0.39423862539237176	0.36638071702249	0.00014475991901375122
S967P	missense	69	45	31	53	60	3	7	36	21	30	45	5	13	24	30	20	58	0.0002198216304484361	0.00013537494445212876	0.0001235187401088509	0.00017873041826227696	0.00015787444064568057	6.506180871828237e-05	0.00010334849111202976	0.00011334013374135781	8.990453772721329e-05	0.00010208517196411871	0.00019758601434646277	7.649353629618297e-05	0.00018523173813524564	9.386850899260315e-05	0.00011106612733910638	9.14399174428174e-05	0.00011119110169651236	0.6507578645825189	0.0001488746358672343	0.900330130175412	0.6908455763410614	0.00012572896444478814	1.2791190930336136	0.6349191282991142	0.00010189141386775984	0.8907506524562169	0.200978007809903	1.2588304826633299	0.3840906631588095	1.4227626686390773	1.0233999585550808	1.3407965756512037	0.00012549833805992742
S967S	silent	149	72	53	108	175	15	19	82	64	117	149	18	19	165	82	119	290	0.00047104635096093455	0.00021483415097837827	0.00020843787393368587	0.00036077065908496646	0.0004555065828465538	0.0002602472348731295	0.0002583712277800744	0.00025424948920358645	0.0002656270432849483	0.00038858226747632283	0.0006443022206949874	0.00024222953160457942	0.0002646167687646366	0.000623286899710885	0.00029737059900470416	0.0005225138139589565	0.0005484171287065271	0.7131721792089667	0.0003098873167108961	1.4990558195124601	0.7290979102273629	0.00038819025516496127	1.5773177138050407	0.6250335098061732	0.0004978971103452682	0.8097802812953905	-0.0031419748460217757	0.7943747361099195	0.038390272575367354	0.8555656428114798	1.2953846048709636	0.8249701894606997	0.00039865822740704185
S967R	missense	219	167	129	240	519	31	92	154	102	242	271	46	96	136	152	153	437	0.0006908679814093707	0.0004944128406077746	0.0005017948816922067	0.0007976672370594212	0.0013458149038648181	0.000520494469746259	0.001201426209177346	0.000474803262970553	0.0004209166993592258	0.0008002160253961563	0.0011683346935269104	0.0005991993676534333	0.0012833913285084876	0.0005143994292794653	0.0005481650800930089	0.0006705593945806609	0.0008254525854758036	0.738469748179663	0.0007849224658060551	1.7417293874460815	0.7323525292933398	0.0007160676703132113	1.602689313862057	0.6765693876769863	0.0006396441223572347	1.2318964252957343	0.363280982379951	1.6281355758782332	0.3307877541947425	1.335307599868825	1.5254383755346244	1.4817215878735293	0.0007135447528255004
S967E	missense	77	32	68	34	55	1	16	22	21	52	42	4	22	53	32	22	51	0.00024494410249968596	9.711680797652717e-05	0.00026633728335970973	0.00011584378961443877	0.00014493391272390349	3.2530904359141185e-05	0.00021961554361306325	7.045467773111431e-05	8.990453772721329e-05	0.0001745327133580094	0.00018469996993256303	6.374461358015247e-05	0.0003043092840793321	0.00020275597942402283	0.00011823168394162938	0.0001001484810088	9.799893708845157e-05	0.6235898308179547	0.00015605794841864478	0.6397136379336116	0.7278124315602714	0.00012989797468722502	1.567296679096488	0.5449740246307905	0.00012978377036572595	0.15403514666124352	0.8293669378602146	2.6886701575196055	0.6788717095457892	1.9064153845034084	0.787015154563781	2.297542771011507	0.00013857989782386525
S967I	missense	95	187	121	116	33	17	9	136	109	72	21	22	3	114	150	67	44	0.00030146966461499814	0.0005532715121087002	0.000470915196664994	0.00038724923956826675	8.799558986808426e-05	0.00029277813923227067	0.0001291856138900372	0.0004196648195288114	0.0004495226886360664	0.00024039411462518277	9.449765903526481e-05	0.0002932252224687014	5.292335375292732e-05	0.00043179514136597454	0.0005409995234904859	0.0002960911612434087	8.480677248039078e-05	0.5016621144316524	0.0003748578845525113	-0.5299099729254751	0.502019097353822	0.0003010198204563313	-0.19289032125427857	0.506262419709205	0.00033842314964506497	-0.16304091903664691	-0.3553244929573843	-0.006983329103128431	-0.7435539668254153	-0.42738473570159996	-0.2952804044054669	-0.2171840324023642	0.0003381002848846359
S967T	missense	90	61	58	77	106	11	28	70	60	71	68	2	1	65	56	64	117	0.00028576811958296695	0.0001824618816528692	0.00022773767707569382	0.00025816615971217783	0.00027692729752602985	0.0001951854261548471	0.0003746382802811079	0.00021749052690909202	0.0002492807636981823	0.0002371010445618241	0.00029637902151969416	3.824676814809149e-05	2.646167687646366e-05	0.00024781286374047235	0.0002042183631719053	0.0002830283158944348	0.00022238220339302473	0.6664983403234778	0.00023632325399169268	1.0513247737103615	0.6530536691095552	0.0002500628391721981	0.9845097589664823	0.6253287369297115	0.0002393604365499593	0.8121984051372831	0.28316476399725315	1.4458386859030083	-0.15997738119146607	0.5301001637385283	0.9493443126047091	0.9879694248207683	0.00024191550990461668
S967A	missense	146	115	92	109	189	29	46	71	84	79	65	40	13	82	77	75	161	0.00046162542394171584	0.0003413802947053682	0.0003589763384413479	0.000364080481645379	0.0004917400610275297	0.00048796356538711777	0.0006071723852831748	0.00022055377376696656	0.0003473584412187786	0.00026344560506869345	0.00028349297710579443	0.0005227058313572503	0.00018523173813524564	0.0003116434498554425	0.0002794567074983967	0.00033092541550733913	0.00030530438092940684	0.6616429550293854	0.0003890442939549062	1.004748216319622	0.6367621988222115	0.0002787126992900583	0.8575085154746626	0.628305091382579	0.0003068324884476463	0.836576902540045	0.09492461536197684	1.017516002214085	-0.4505419431772823	0.0533655118305382	0.8996112114447765	0.5354407570223116	0.0003248631605642036
S967V	missense	164	89	120	100	193	39	35	141	102	197	163	21	46	126	189	150	283	0.000518150986057028	0.000264864021754165	0.0004670552360365924	0.00033429207860166617	0.0005020924833649514	0.0006506180871828237	0.00046506821000413394	0.00043498105381818404	0.0004209166993592258	0.0006520278725450163	0.0007044370946265194	0.0002804762997526709	0.0006218494065968961	0.00047685202568242406	0.0006807278772396843	0.000657496549231687	0.0005352249640984664	0.6711423848574662	0.0003920759549393437	1.095873989408165	0.6837312879376558	0.0005530906800872364	1.2236591831632406	0.633078085548402	0.0005875753540630654	0.8756711796893315	-0.14580947841475328	0.4697483030838967	0.34578905497772633	1.3599205115675752	1.0650681174202459	0.914834407325736	0.0005109139963632151
S967H	missense	54	110	60	60	8	16	3	103	44	54	12	10	4	47	80	25	20	0.00017271699535234268	0.0003266656268301368	0.000235457598332497	0.00020189917618516472	2.3292950259198775e-05	0.0002765126870527001	5.167424555601488e-05	0.0003185776732189517	0.00018389564535111809	0.00018111885348472674	5.5839525793565566e-05	0.00014023814987633546	6.615419219115915e-05	0.00018022753726579807	0.0002902050424021812	0.00011321132635777392	3.957649382418237e-05	0.4751749569067212	0.00019682883790174933	-0.7839949811901252	0.49128392513395436	0.00018485792446209053	-0.27657707247900964	0.5048685732781144	0.00015580509996248386	-0.17445753024283417	-0.7284409179043897	-0.8559745226415763	-0.32630880295799114	0.25719712313615706	-0.4116765279706564	-0.2993886997527096	0.00017916395410877458
S967Q	missense	69	11	5	21	228	3	33	11	5	77	96	2	30	26	29	32	152	0.0002198216304484361	3.531520290055533e-05	2.315976377040954e-05	7.28160963290758e-05	0.000592676178817391	6.506180871828237e-05	0.0004392310872261265	3.6758962294494424e-05	2.4519419380149078e-05	0.0002568594649419761	0.0004166487693827585	3.824676814809149e-05	0.00041015599158518673	0.00010137798971201142	0.00010748334903784489	0.00014369129883871304	0.0002883430264333287	0.9222750631622082	0.00018099181045435792	3.504930098298795	0.8584027044301424	0.00018369665399984453	2.5853218634344612	0.7414587103417387	0.00016022391600547452	1.763386948047691	0.8293669378602146	2.6886701575196055	1.0303543169788254	2.483099400479454	2.617879636593649	2.58588477899953	0.000174970793486559
S968N	missense	69	43	37	30	26	3	12	49	24	48	27	6	14	24	28	20	56	0.0002198216304484361	0.0001294890773020362	0.00014667850387926044	0.00010260449937278863	6.987885077759632e-05	6.506180871828237e-05	0.00016794129805704837	0.00015316234289372677	0.00010216424741728782	0.00016136043310457473	0.0001202697478630643	8.924245901221346e-05	0.00019846257657347746	9.386850899260315e-05	0.00010390057073658339	9.14399174428174e-05	0.000107421911808495	0.5628958482772543	0.0001121627328329204	0.05749068551023976	0.6158089436811918	0.00013423919281966342	0.6941660171503592	0.6338872155811035	9.915772724512473e-05	0.8822985403458244	0.4118313731247963	1.7386074056591885	0.3471070969056396	1.3620830473407248	0.5446517476688078	1.5503452264999567	0.00011518655096590286
S968D	missense	63	98	87	93	83	18	13	46	24	69	43	22	14	27	47	59	73	0.00020097977640999874	0.0002913504239295815	0.0003396765352993399	0.0003111233206787784	0.00021740086908585523	0.00030904359141184127	0.0001808598594460521	0.00014397260232010316	0.00010216424741728782	0.00023051490443510677	0.00018899531807052962	0.0002932252224687014	0.00019846257657347746	0.00010513273007171553	0.0001719733584605518	0.00026125690697947825	0.00013946002585664264	0.5980065940418973	0.0002898877872483887	0.39429972662347645	0.6744666797266639	0.00016641176806075686	1.1514363117766981	0.6604564225860834	0.00016945575534209708	1.0999195778335884	-0.23267755312866908	0.27208820156939123	-0.16952269909769643	0.5144389840740928	0.8818852054112544	0.39326359282174206	0.0002085851035504142
S968I	missense	79	67	43	35	36	11	1	31	16	39	27	5	0	11	20	52	81	0.00025122472051249844	0.00020011948310314688	0.00016983826764966996	0.0001191536121748513	9.575990662115051e-05	0.0001951854261548471	2.583712277800744e-05	9.802389945198513e-05	6.947168824375573e-05	0.00013172280253434673	0.0001202697478630643	7.649353629618297e-05	1.323083843823183e-05	4.505688431644952e-05	7.523834432649142e-05	0.00023077693449853913	0.0001545367854087121	0.5472556732010828	0.00014621781738720466	-0.09254179758082409	0.6634363250741029	0.00010487203452328798	1.0654484462051472	0.7446523258826359	0.00012640223713754803	1.7895449710258258	-0.8782032382377217	-1.1967445412890854	-0.7620373725194285	-0.45771080134218445	0.9208172065500496	-0.8272276713156349	0.00012583069634934687
S968V	missense	142	106	107	178	511	26	131	120	72	172	242	39	186	85	106	110	254	0.00044906418791609094	0.0003148938925299517	0.00041687574786737175	0.0005924582383138439	0.0013251100591899748	0.000439167208848406	0.0017052501033484912	0.0003706528698028188	0.00029831960245848047	0.0005697011209610496	0.0010437695975258794	0.0005099569086412198	0.0024741667879493523	0.00032290767093455487	0.0003833572782349801	0.0004833252779120348	0.0004805717107222145	0.7762751046477758	0.0006623344844752855	2.104387188744955	0.7504539275586968	0.0005706107976870571	1.743799971653757	0.6678820782337924	0.00041754048445094604	1.1607410726481846	0.5891581791927845	2.1420978088259885	0.6858954930727518	1.9179394360667477	1.6696427443489654	2.0300186224463683	0.0005501619222044295
S968K	missense	27	4	3	21	71	2	21	3	0	12	32	3	52	1	5	8	28	8.792865217937445e-05	1.4714667875231389e-05	1.543984251360636e-05	7.28160963290758e-05	0.0001863436020735902	4.8796356538711774e-05	0.00028420835055808184	1.2252987431498142e-05	4.086569896691513e-06	4.2809910823662684e-05	0.00014174648855289722	5.099569086412198e-05	0.000701234437226287	7.509480719408253e-06	2.1496669807568976e-05	3.918853604692174e-05	5.4653253376251844e-05	0.8722498061886372	7.232855219787594e-05	3.0250496951408876	0.8908116241477028	5.022398917618739e-05	2.8379677592167645	0.7869107168936376	3.07119849875377e-05	2.1356717821366775	0.7652494382484657	2.542776841432512	1.1383297561370418	2.660256700908326	2.66622974549811	2.6015167711704192	5.108817545386701e-05
S968G	missense	177	311	202	198	73	42	28	230	126	156	64	57	13	133	159	88	90	0.000558975003140309	0.0009181952754144387	0.0007835720075655228	0.0006586546895220947	0.00019151981324230102	0.0006994144437215354	0.0003746382802811079	0.0007076100241690177	0.0005189943768798221	0.0005170119999473109	0.0002791976289678278	0.0007394375175297687	0.00018523173813524564	0.0005031352082003529	0.0005732445282018394	0.0003875310786862261	0.00017149813990479027	0.5120985362285837	0.0006379854464360893	-0.42979585852755664	0.5454561353967495	0.0005057035074909947	0.14572600666174218	0.534760747396115	0.0004088522387483022	0.07038101322987507	-0.27112244553470854	0.18461047904914438	-0.601186080020484	-0.19379911020423396	-0.07122961287864647	-0.004594315577544791	0.0005175137308917954
S968A	missense	114	99	74	74	98	25	10	115	70	99	82	13	6	71	65	53	137	0.0003611355357367165	0.0002942933575046278	0.00028949704713011925	0.00024823669203094024	0.0002562224528511865	0.0004229017566688354	0.00014210417527904092	0.0003553366355134461	0.00029014646266509745	0.0003293070063358668	0.00035651389545122633	0.00017848491802442692	9.261586906762282e-05	0.0002703413058986971	0.00023646336788325876	0.00023513121628153044	0.00026007410227319843	0.607141840866311	0.00027206238737921844	0.48193197869491855	0.6290085062732865	0.00033282599999140915	0.7970640879307757	0.6209913370719877	0.0002505024980841712	0.7766719606762119	-0.47363265066667104	-0.2761823707513442	-0.284916117799766	0.32511086738486816	0.685222675767302	0.024464248316761972	0.0002851302951515996
S968Y	missense	80	31	19	48	138	12	33	36	20	69	72	20	14	31	30	41	74	0.0002543650295189047	9.417387440148089e-05	7.719921256803181e-05	0.0001621813054602143	0.0003597466762254033	0.0002114508783344177	0.0004392310872261265	0.00011334013374135781	8.581796783052178e-05	0.00023051490443510677	0.0003135604140715605	0.0002677273770366404	0.00019846257657347746	0.00012015169151053205	0.00011106612733910638	0.0001828798348856348	0.00014134462080065132	0.7839678240497807	0.00017332526716378258	2.178181618026249	0.7503572830316924	0.00018580835501963672	1.743046572795965	0.655469524382621	0.00013886056863398114	1.0590732717816258	0.31748357688134027	1.5239279040751164	-0.13001415781402287	0.579261378613672	1.6601004875346135	1.0515946413443942	0.00016599806360580012
S968L	missense	216	98	58	85	88	31	25	91	38	78	78	19	28	70	67	65	106	0.000681447054390152	0.0002913504239295815	0.00022773767707569382	0.0002846447401954781	0.00023034139700763232	0.000520494469746259	0.00033588259611409674	0.00028181871092445725	0.00015937622597096901	0.0002601525350053348	0.00033933250289936	0.0002549784543206099	0.0003836943147087231	0.000266586565538993	0.00024362892448578176	0.0002873825976774261	0.0002016516590089292	0.6097544773641473	0.00025851855955209645	0.5069943798046053	0.657829218825361	0.00026016999370003023	1.0217378753713915	0.6061044427462069	0.0002498124366777825	0.6547375202715768	-0.19022861820316614	0.3686767447619278	0.17748188009919005	1.0837758162855229	0.7278232584825245	0.7262262805237254	0.00025616699664330304
S968_	nonsense	55	2535	1667	1653	197	245	88	795	346	314	44	632	129	345	298	77	39	0.0001758573043587489	0.00746327954631736	0.006438414328173853	0.005474446514922335	0.000512444905702373	0.004001301236174365	0.001149751963621331	0.0024383444988681302	0.001418039754151955	0.0010373170699579804	0.0001932906662084962	0.008070068079247303	0.001720008996970138	0.0012991401644576277	0.0010712507120771873	0.00033963397907332176	7.538379776034737e-05	0.4878832103228202	0.0049721463237789795	-0.6620877259016145	0.4501450907211193	0.0012717479972966404	-0.5972776006746143	0.42741293195115393	0.0006963521633421211	-0.8088752989663772	-0.5415970883125445	-0.43082903108889153	-0.6713464798463031	-0.30891257607251843	-0.6894135418475353	-0.369870803580705	0.0023134154948059138
S968T	missense	105	182	102	114	95	27	36	134	81	122	69	29	31	103	90	71	137	0.0003328727546790604	0.0005385568442334688	0.0003975759447253638	0.0003806295944474417	0.00024845813609812025	0.0004554326610279766	0.00047798677139313764	0.0004135383258130623	0.0003350987315287041	0.00040504761779311616	0.0003006743696576608	0.0003824676814809149	0.0004233868300234186	0.00039049299740922914	0.00032603282541479616	0.0003135082883753739	0.00026007410227319843	0.5541439717576584	0.00039130512987609864	-0.026463986323444738	0.6019105346472308	0.0003635897611981358	0.5858200423096322	0.5858771944253564	0.0003225270533681494	0.48906171503278745	0.02099170487069761	0.8492886454884262	0.04414260146445871	0.8650035952302443	0.34947259033965833	0.8571461203593352	0.0003591406481474613
S968S	silent	156	209	190	212	87	43	22	171	138	115	66	37	15	101	132	71	87	0.0004930285140057782	0.0006180160507597184	0.0007372524800247038	0.0007049922053678703	0.0002277532914232769	0.000715679895901106	0.0002971269119470856	0.0005268784595544201	0.0005680332156401204	0.0003819961273496055	0.000287788325243761	0.00048445906320915885	0.0002116934150117093	0.0003829835166898209	0.000476509514067779	0.0003135082883753739	0.00016584435507276422	0.5592744112270077	0.0005720035068938923	0.02275110041222767	0.5610153656911168	0.00044117403194697676	0.2670190244377592	0.5489626039212171	0.0003347114185514345	0.1867044981824297	-0.3817768283226726	-0.06717312047145316	-0.35954973609667024	0.2026581092224833	0.15882487434413886	0.06774249437551508	0.0004492963191307679
S968C	missense	77	109	46	55	112	29	26	74	51	89	127	48	40	29	41	44	148	0.00024494410249968596	0.0003237226932550905	0.00018141814953487475	0.00018535006338310202	0.0002924559310321624	0.00048796356538711777	0.00034880115750310044	0.00022974351434059016	0.00021250163462795867	0.0002963763057022801	0.0005498045616597225	0.0006246972130854942	0.0005424643759675051	0.0001126422107911238	0.00015047668865298284	0.00019594268023460871	0.00028080464665729396	0.6135715623903836	0.00024573670930130745	0.5436107694464615	0.7262919833772454	0.0003221065040826379	1.555443923850745	0.7179143133589896	0.00018496655658400233	1.5705412941503316	-0.14580947841475328	0.4697483030838967	-0.061298345444563015	0.6920046831193616	1.2231986624825126	0.5808764931016291	0.0002509365899893159
S968P	missense	55	17	19	18	9	2	6	50	41	32	18	10	0	28	33	33	40	0.0001758573043587489	5.2972804350832996e-05	7.719921256803181e-05	6.288662864783819e-05	2.5881055843554195e-05	4.8796356538711774e-05	9.042992972302605e-05	0.0001562255897516013	0.00017163593566104355	0.00010867131209083605	8.161161462136506e-05	0.00014023814987633546	1.323083843823183e-05	0.00010888747043141967	0.00012181446224289088	0.00014804558062170436	7.726839270435605e-05	0.5704257103518001	5.47349253525643e-05	0.1297228631473389	0.5558092203378908	0.00012953611303121148	0.2264341710146456	0.6061886729444692	0.00011400397650009273	0.6554274265653631	0.2679247974405163	1.4111615810333211	-1.02527880729401	-0.889615892993196	0.33719482024244923	0.26077284402006257	9.942500496128951e-05
S968R	missense	159	271	192	173	54	42	25	138	112	95	52	43	23	93	122	54	88	0.0005024494410249969	0.0008004779324125875	0.0007449724012815069	0.0005759091255117813	0.00014234580713954806	0.0006994144437215354	0.00033588259611409674	0.00042579131324456046	0.000461782398326141	0.0003161347260824321	0.00022765345131222885	0.0005609525995053418	0.00031754012251756396	0.00035294559381218786	0.00044068173105516405	0.00023948549806452176	0.0001677289500167729	0.5066398669773995	0.000565926316586356	-0.48215957556648914	0.5603708814184262	0.0003578404722413406	0.2619949042939676	0.5462171222901349	0.00030021044323716163	0.16421701630735042	-0.31854709546284665	0.07670016619880096	-0.24712755691036625	0.38711125827421305	-0.01864921832172371	0.23190571223650702	0.0004079924106882861
S968M	missense	45	14	13	24	23	5	3	20	23	28	26	1	6	23	15	23	45	0.0001444542142946866	4.414400362569416e-05	5.4039448797622264e-05	8.274556401031341e-05	6.211453402453006e-05	9.759271307742355e-05	5.167424555601488e-05	6.432818401536524e-05	9.807767752059631e-05	9.549903183740137e-05	0.00011597439972509772	2.549784543206099e-05	9.261586906762282e-05	9.011376863289904e-05	5.732445282018394e-05	0.0001045027627917913	8.669136742439947e-05	0.6674912048959214	6.076088761453997e-05	1.0608490876295718	0.6759389006888243	9.346982327461516e-05	1.1629131085047602	0.6386250664489663	8.465808791731843e-05	0.9211049684463455	-0.2761432469097594	0.17318611960817545	0.5601819222144908	1.7116788548257738	1.0482890548602257	0.9424324872169746	7.962959960215785e-05
S968E	missense	36	33	22	28	18	4	7	29	9	32	10	15	3	19	20	21	16	0.00011619143323703052	0.00010005974155157344	8.877909445323657e-05	9.598485425196355e-05	4.917400610275297e-05	8.132726089785297e-05	0.00010334849111202976	9.189740573623606e-05	4.086569896691513e-05	0.00010867131209083605	4.7248829517632405e-05	0.00020398276345648793	5.292335375292732e-05	7.509480719408253e-05	7.523834432649142e-05	9.57941992258087e-05	3.203811404814763e-05	0.5705642029372091	8.349942408988164e-05	0.13105138961059243	0.5963612946122898	7.21708115779049e-05	0.5425605714060395	0.5761917193698378	6.954136619863257e-05	0.4097306634982519	0.1040679948018466	1.0383208987681096	-0.5859461134637473	-0.16879461515548824	0.3611142081716279	0.4347631418063107	7.507053395547304e-05
S968W	missense	59	67	15	25	53	9	11	70	40	41	18	8	19	30	29	27	40	0.00018841854038437382	0.00020011948310314688	6.175937005442545e-05	8.605538657072594e-05	0.00013975770155519264	0.00016265452179570593	0.00015502273666804465	0.00021749052690909202	0.00016754936576435204	0.00013830894266106405	8.161161462136506e-05	0.00011474030444427445	0.0002646167687646366	0.00011639695115082791	0.00010748334903784489	0.00012191988992375652	7.726839270435605e-05	0.5848134306579557	0.00012192298532087272	0.2677408452376422	0.5347302228603673	0.0001512401124889683	0.06211143991737087	0.5945826106466977	0.00010576714570419634	0.5603653752999543	-0.020870741806453322	0.7540346009260032	0.36290136408887147	1.3879969936811851	0.2967392201516558	1.071015797303594	0.0001263100811713458
S968F	missense	82	14	11	26	114	7	18	10	10	62	132	4	15	14	32	26	151	0.0002606456475317171	4.414400362569416e-05	4.631952754081908e-05	8.936520913113848e-05	0.00029763214220087324	0.00013012361743656474	0.0002454526663910707	3.369571543661989e-05	4.4952268863606643e-05	0.0002074634139915961	0.0005712813023495554	6.374461358015247e-05	0.0002116934150117093	5.63211053955619e-05	0.00011823168394162938	0.00011756560814076522	0.00028645843148932	0.835360190428359	0.00011936522062463124	2.6711763768541834	0.8838177950049603	0.0002143481751603445	2.7834468975491924	0.7740177855271969	0.00014464420724181912	2.030069341698863	0.27561162610680723	1.4286522338365226	0.5212638561841212	1.6478252639572968	2.4948975387007466	1.5382387488969096	0.00015945253434226497
S968Q	missense	45	2	10	30	51	2	8	4	13	32	21	1	1	1	10	12	34	0.0001444542142946866	8.828800725138832e-06	4.245956691241749e-05	0.00010260449937278863	0.00013458149038648182	4.8796356538711774e-05	0.00011626705250103349	1.5316234289372676e-05	5.721197855368118e-05	0.00010867131209083605	9.449765903526481e-05	2.549784543206099e-05	2.646167687646366e-05	7.509480719408253e-06	3.941056131387646e-05	5.660566317888696e-05	6.596082304030395e-05	0.8145328779789541	7.21185893492067e-05	2.4713849175080296	0.7560330793073884	6.892429599228868e-05	1.787292621317419	0.7670091694108475	4.23716320631189e-05	1.9726637025201121	0.37706926686558434	1.659509515269854	0.01611387786421517	0.8190163499252244	2.077113747115187	1.2392629325975393	6.113817246820477e-05
S968H	missense	61	12	14	20	30	7	6	24	9	31	26	4	0	12	18	15	46	0.0001946991583971863	3.825813647560161e-05	5.7899409426023855e-05	6.950627376866327e-05	8.0231273115018e-05	0.00013012361743656474	9.042992972302605e-05	7.658117144686338e-05	4.086569896691513e-05	0.00010537824202747737	0.00011597439972509772	6.374461358015247e-05	1.323083843823183e-05	4.881162467615364e-05	6.807278772396843e-05	6.966850852786088e-05	8.857596236840816e-05	0.6949110506349979	6.147377319632668e-05	1.3238811523073677	0.6924042543358069	8.46998780415884e-05	1.2912698713270743	0.6799236835988721	6.878222082409778e-05	1.2593705369026391	-0.15804393483176488	0.4419099527425841	-0.6828561264718036	-0.32779666620412845	1.2915071868456938	0.057056643269227825	7.16519573540043e-05
N969L	missense	152	290	152	161	48	37	17	161	99	96	42	39	17	189	116	86	145	0.00048046727798015327	0.0008563936703384668	0.0005905739761454433	0.0005361912547868308	0.00012681717363341555	0.0006180871828236825	0.00023253410500206697	0.0004962459909756748	0.0004086569896691513	0.0003194277961457908	0.00018469996993256303	0.0005099569086412198	0.00023815509188817295	0.0007134006683437841	0.0004191850612475951	0.0003788225151202435	0.0002751508618252679	0.49211269868453034	0.000527494018726039	-0.621515249057739	0.5341691878411999	0.000352257686680795	0.057737853996641095	0.5301870183916219	0.0004466397766342227	0.03291886198994077	-0.4245630793675822	-0.16452919464270624	-0.33067360836044113	0.2500357061692639	-0.17695284435705239	0.04275325576327883	0.0004421304940136856
N969T	missense	82	58	44	135	766	18	97	85	49	118	276	14	161	47	77	58	325	0.0002606456475317171	0.0001736330809277304	0.00017369822827807157	0.0004501358682161049	0.0019850769832006065	0.00030904359141184127	0.0012660190161223647	0.00026343922977721003	0.00020432849483457564	0.0003918753375396815	0.0011898114342167433	0.00019123384074045744	0.0021433958269935567	0.00018022753726579807	0.0002794567074983967	0.00025690262519648696	0.000614377951746831	0.8815444165978233	0.0006956360401556283	3.1142106842131145	0.8059422617872743	0.0005123636240920526	2.1763629829734725	0.7452038870850087	0.0003327412054268782	1.794062656520763	0.6124204868855878	2.1950289934431675	1.0495376333511648	2.5145738225173853	2.3615454412357835	2.3548014079802764	0.0005135802898915197
N969N	silent	60	118	62	46	69	22	16	46	25	44	36	9	10	36	28	26	61	0.00019155884939078005	0.00035020909543050706	0.00024317751958930018	0.0001555616603393892	0.00018116739090487936	0.0003741054001301236	0.00021961554361306325	0.00014397260232010316	0.00010625081731397933	0.00014818815285114005	0.00015892788110476354	0.00012748922716030494	0.00014553922282055013	0.00013892539330905267	0.00010390057073658339	0.00011756560814076522	0.00011684488652853843	0.5450716380770625	0.00023252891656601896	-0.11349272755564895	0.6444682009617337	0.00013933486339749653	0.917581169250439	0.6112289222728985	0.00011930911467873492	0.6967107169490091	-0.2313309024933971	0.27515237793279107	0.05750656302244017	0.8869300941739353	0.5002663862145997	0.5810412360533632	0.00016372429821408347
N969V	missense	148	66	41	48	37	16	5	58	59	66	44	20	9	79	86	37	71	0.0004679060419545283	0.0001971765495281006	0.0001621183463928668	0.0001621813054602143	9.834801220550593e-05	0.0002765126870527001	7.751136833402232e-05	0.0001807315646145976	0.00024519419380149076	0.00022063569424503074	0.0001932906662084962	0.0002677273770366404	0.0001323083843823183	0.0003003792287763301	0.00031170171220975016	0.00016546270775366956	0.00013569083596862527	0.5652204192731615	0.00015495605339667192	0.07978974270997541	0.626952546902378	0.00020996302971740383	0.7810367194938772	0.537357642861616	0.0002283086211770938	0.09165146685476783	-0.5523496588487085	-0.4552954900350524	-0.30610541686970416	0.29034519242697576	0.31749264301954017	-0.0824751488040383	0.0001977425680970565
N969_	nonsense	70	241	130	118	40	34	9	139	89	73	31	87	10	93	146	46	80	0.00022296193945484235	0.0007121899251611992	0.0005056548423206084	0.0003938688846890918	0.00010611232895857219	0.0005692908262849707	0.0001291856138900372	0.00042885456010243497	0.00036779129070223617	0.00024368718468854142	0.00013745114041493063	0.0011219051990106837	0.00014553922282055013	0.00035294559381218786	0.00052666841028544	0.00020465124380059132	0.00015265219046470342	0.4845594979176521	0.0004294564952823679	-0.6939713092246478	0.5190474000354897	0.0002944460439770358	-0.060145051675574664	0.5317341372285962	0.0003092293595907306	0.04559088514652624	-0.6441200322043538	-0.664110309210446	-0.8869761091277285	-0.6627000976958447	-0.23617515858456542	-0.6634052034531454	0.00034437729961671136
N969H	missense	50	30	35	36	47	14	2	54	34	47	27	37	9	15	35	28	58	0.00016015575932671776	9.12309408264346e-05	0.00013895858262245726	0.00012246343473526383	0.00012422906804906013	0.00024398178269355888	3.875568416701116e-05	0.00016847857718309945	0.00014302994638420297	0.00015806736304121606	0.0001202697478630643	0.00048445906320915885	0.0001323083843823183	6.007584575526602e-05	0.00012898001884541387	0.00012627417170674784	0.00011119110169651236	0.6466246443675825	0.00011922050655830394	0.8606811307883223	0.5975375030919772	0.0001474614086178957	0.5517297830788476	0.6691478473347321	0.00010663028450098503	1.1711086378116768	-0.799021992190097	-1.0165750925777817	-0.5636697187525951	-0.1322453222692328	0.8611731838929488	-0.5744102074235072	0.0001244373998923949
N969A	missense	115	68	45	46	23	13	3	53	22	49	29	7	7	56	43	58	75	0.00036427584474312273	0.00020306241667819314	0.00017755818890647314	0.0001555616603393892	6.211453402453006e-05	0.0002277163305139883	5.167424555601488e-05	0.0001654153303252249	9.39911076239048e-05	0.0001646535031679334	0.00012886044413899745	0.00010199138172824396	0.00010584670750585465	0.00021402020050313521	0.00015764224525550584	0.00025690262519648696	0.00014322921574466	0.5320611407736301	0.0001495741999871464	-0.2382993366362286	0.6161826675108498	0.00013823009631401515	0.697079406197017	0.606680258541088	0.00019294857167494701	0.65945386843584	-0.6441200322043538	-0.664110309210446	0.01611387786421517	0.8190163499252244	0.37274464599887613	0.07745302035738921	0.0001602509559920362
N969G	missense	155	132	74	111	96	25	12	124	84	96	46	16	3	106	152	84	110	0.0004898882049993719	0.00039141016548115495	0.00028949704713011925	0.00037070012676620405	0.0002510462416824757	0.0004229017566688354	0.00016794129805704837	0.00038290585723431696	0.0003473584412187786	0.0003194277961457908	0.00020188136248442935	0.00021673168617251842	5.292335375292732e-05	0.00040175721848834155	0.0005481650800930089	0.0003701139515542609	0.00020919003878496395	0.5923849693520025	0.0003256633952649885	0.34037281678242554	0.567971372745739	0.0003128933642708289	0.3212450414941319	0.5632242614186339	0.0003823065722301438	0.30351779638516785	-0.40108198351805935	-0.11110017823393102	-0.6122750521860963	-0.21199299196758764	0.3217118848872418	-0.16154658510075934	0.0003402877772553205
N969S	missense	181	97	82	132	249	15	45	86	56	136	111	19	25	79	95	100	199	0.0005715362391659339	0.0002884074903545352	0.000320376732157332	0.0004402064005348673	0.0006470263960888548	0.0002602472348731295	0.0005942538238941712	0.0002665024766350846	0.00023293448411141625	0.0004511505986801375	0.0004810789914522572	0.0002549784543206099	0.0003440017993940276	0.0003003792287763301	0.0003439467169211036	0.00043978246008212176	0.00037691898880173685	0.7131245863167915	0.00042400425478389734	1.4985992722068355	0.7002571940102859	0.00035791663771972393	1.352487986459376	0.6528447057567415	0.00036525684864532307	1.0375741072610574	0.35858586117157115	1.617452270904253	0.13005723017105197	1.0059653158554915	1.2962204553090897	1.3117087933798723	0.0003823925803829815
N969I	missense	106	7	41	78	67	7	18	36	41	69	41	10	20	44	68	46	76	0.00033601306368546665	2.3543468600370222e-05	0.0001621183463928668	0.00026147598227259036	0.0001759911797361685	0.00013012361743656474	0.0002454526663910707	0.00011334013374135781	0.00017163593566104355	0.00023051490443510677	0.00018040462179459645	0.00014023814987633546	0.00027784760720286846	0.0001689633161866857	0.00024721170278704324	0.00020465124380059132	0.0001451138106886687	0.736674466650051	0.00015578224425049898	1.7245076783268793	0.6717154186932213	0.00017397389890802615	1.129988672843259	0.6063776267501272	0.0001914850183657472	0.6569750950078892	0.27561162610680723	1.4286522338365226	0.29694048743990936	1.279773763174762	1.1704904820593425	1.3542129985056424	0.0001737470538414241
N969W	missense	64	37	14	24	31	6	2	20	29	19	28	1	0	23	34	39	60	0.00020412008541640498	0.00011183147585175854	5.7899409426023855e-05	8.274556401031341e-05	8.281937869937342e-05	0.00011385816525699414	3.875568416701116e-05	6.432818401536524e-05	0.00012259709690074538	6.586140126717336e-05	0.0001245650960010309	2.549784543206099e-05	1.323083843823183e-05	9.011376863289904e-05	0.00012539724054415238	0.00017417127131965217	0.00011496029158452974	0.6018151988178071	8.38239569968673e-05	0.4308347672390265	0.6660674626074208	9.433794454607872e-05	1.0859596543794623	0.6555447871554477	0.00012616064302030833	1.059689728370025	-0.46802877314867253	-0.26343127660392207	-0.284916117799766	0.32511086738486816	0.8588280499961712	0.030839795390473046	0.00010144084818775144
N969R	missense	171	118	103	123	148	21	34	170	89	169	119	24	16	105	112	101	268	0.0005401331491018716	0.00035020909543050706	0.0004014359053537654	0.0004104179974911545	0.00038562773206895747	0.000357839947950553	0.00045214964861513024	0.0005238152126965456	0.00036779129070223617	0.0005598219107709736	0.0005154417765559898	0.0003187230679007624	0.00022492425344994112	0.0003980024781286374	0.0004048539480425491	0.00044413674186511305	0.0005069560399383361	0.6343072536871673	0.0003869226825860961	0.7425233288465177	0.6356076085011921	0.0004917175476814362	0.8485078295999814	0.6510942190904763	0.0004384873019936589	1.0232363543748033	0.1015933756739913	1.0326901366079893	-0.1513772094295486	0.5442106246400432	0.8714225042737676	0.7884503806240162	0.00043904251075373044
N969Q	missense	40	13	17	12	50	1	1	17	16	22	12	2	0	10	15	18	28	0.00012875266926265546	4.120107005064789e-05	6.947929131122863e-05	4.302769328536297e-05	0.0001319933848021264	3.2530904359141185e-05	2.583712277800744e-05	5.513844344174164e-05	6.947168824375573e-05	7.574061145724937e-05	5.5839525793565566e-05	3.824676814809149e-05	1.323083843823183e-05	4.1302143956745394e-05	5.732445282018394e-05	8.273135387683478e-05	5.4653253376251844e-05	0.7325971767514294	7.142535986234147e-05	1.6853952051740502	0.6290849376830969	6.404756723407807e-05	0.7976599140849868	0.6596700856767614	5.900280100750399e-05	1.093478909356374	-0.10005198785407819	0.5738651522146992	-0.4610073768554473	0.036194681198171916	1.1921780095384704	0.3050299167064356	6.482524270130784e-05
N969Y	missense	75	49	17	18	7	10	0	24	17	32	6	4	0	22	27	31	41	0.00023866348448687351	0.0001471466787523139	6.947929131122863e-05	6.288662864783819e-05	2.0704844674843356e-05	0.0001789199739752765	1.291856138900372e-05	7.658117144686338e-05	7.355825814044724e-05	0.00010867131209083605	3.0067436965766077e-05	6.374461358015247e-05	1.323083843823183e-05	8.63590282731949e-05	0.00010031779243532189	0.00013933701705572175	7.915298764836473e-05	0.4643172293126363	7.505436084655601e-05	-0.8881505819895558	0.579813067750945	7.221954466097819e-05	0.4135577649123723	0.6303684993607845	0.00010129170635315082	0.8534777074791411	-1.1414446730123031	-1.7957255696096373	-0.6828561264718036	-0.32779666620412845	0.1262949634673192	-1.0617611179068829	8.285520395356167e-05
N969M	missense	61	14	27	47	49	8	20	26	23	54	33	3	11	47	44	43	67	0.0001946991583971863	4.414400362569416e-05	0.00010807889759524453	0.00015887148289980173	0.00012940527921777097	0.00014638906961613534	0.00027128978916907815	8.270766516261246e-05	9.807767752059631e-05	0.00018111885348472674	0.0001460418366908638	5.099569086412198e-05	0.00015877006125878198	0.00018022753726579807	0.00016122502355676732	0.0001915883984516174	0.00012815245619259051	0.711996778203322	0.00011012491583462785	1.4877804769638152	0.6921930857034535	0.00012698650821469984	1.2896236921656894	0.6012055501876256	0.00016529835386669333	0.6146120441540647	0.2679247974405162	1.411161581033321	0.49323513258387763	1.6018380186522772	1.130672071094523	1.506499799842799	0.00013413659263867368
N969K	missense	52	15	7	39	104	3	22	16	12	32	44	6	10	7	18	19	71	0.0001664363773395302	4.7086937200740445e-05	3.087968502721272e-05	0.00013239290241650144	0.000271751086357319	6.506180871828237e-05	0.0002971269119470856	5.20751965838671e-05	5.312540865698967e-05	0.00010867131209083605	0.0001932906662084962	8.924245901221346e-05	0.00014553922282055013	3.003792287763301e-05	6.807278772396843e-05	8.708563565982608e-05	0.00013569083596862527	0.8260704719938667	0.0001205276527504434	2.582062315332765	0.7721133190030816	0.00010179064588504725	1.9126472026400194	0.7558760546595966	8.02217955575132e-05	1.881475434003726	0.6596158568355523	2.302417601352883	0.2124085230081834	1.1410806054027394	2.12539498399217	1.7217491033778112	0.00010084669806433461
N969C	missense	85	71	71	96	103	10	11	72	45	77	41	5	1	45	59	74	95	0.0002700665745509358	0.00021189121740333198	0.0002779171652449145	0.000321052788360016	0.00026916298077296364	0.0001789199739752765	0.00015502273666804465	0.0002236170206248411	0.0001879822152478096	0.0002568594649419761	0.00018040462179459645	7.649353629618297e-05	2.646167687646366e-05	0.0001727180565463898	0.00021496669807568978	0.00032657113372434784	0.0001809211146248337	0.6498780215782083	0.00027000603794530655	0.8918900053031434	0.6160527488380277	0.0002122158306523058	0.6960666165156566	0.6440204855341277	0.0002237942507428153	0.9652973562272089	-0.062263426964678306	0.6598494543427781	-0.4610073768554473	0.036194681198171916	0.8510846593486697	0.348022067770475	0.00023533870644680923
N969D	missense	64	25	21	27	14	6	12	46	22	33	27	5	1	40	39	24	59	0.00020412008541640498	7.651627295120322e-05	8.491913382483498e-05	9.267503169155101e-05	3.882158376533129e-05	0.00011385816525699414	0.00016794129805704837	0.00014397260232010316	9.39911076239048e-05	0.00011196438215419471	0.0001202697478630643	7.649353629618297e-05	2.646167687646366e-05	0.0001539443547478692	0.00014331113205045984	0.00010885704457478262	0.00011307569664052105	0.5800543463599425	7.323300555823013e-05	0.22208808041927056	0.6108742202949072	0.00011754945999031675	0.6556970517781439	0.5871861462463673	0.00012979705700340817	0.49978297793147003	0.16879332443850184	1.1855972746826735	-0.4610073768554473	0.036194681198171916	0.45918937004296145	0.6108959779404227	0.00010685984085065168
N969P	missense	87	114	69	74	43	22	4	136	57	67	35	24	6	105	95	32	66	0.0002763471925637483	0.0003384373611303219	0.0002701972439881113	0.00024823669203094024	0.00011387664571163845	0.0003741054001301236	6.45928069450186e-05	0.0004196648195288114	0.00023702105400810777	0.00022392876430838942	0.00015463253296679695	0.0003187230679007624	9.261586906762282e-05	0.0003980024781286374	0.0003439467169211036	0.00014369129883871304	0.00012626786124858184	0.535424391917457	0.00024268698571525298	-0.20603646758842634	0.5274159190949813	0.0002588117927030264	0.005092296948883027	0.4995613592911484	0.00025297708878425896	-0.21792745442222858	-0.7628098195356522	-0.9341777130282644	-0.5367280907935656	-0.08804169489257617	-0.13962387502059062	-0.5111097039604202	0.0002514919557341794
N969F	missense	77	31	12	24	5	3	4	32	20	22	18	13	2	24	45	18	35	0.00024494410249968596	9.417387440148089e-05	5.017948816922067e-05	8.274556401031341e-05	1.5528633506132516e-05	6.506180871828237e-05	6.45928069450186e-05	0.00010108714630985967	8.581796783052178e-05	7.574061145724937e-05	8.161161462136506e-05	0.00017848491802442692	3.9692515314695496e-05	9.386850899260315e-05	0.00016480780185802884	8.273135387683478e-05	6.784541798431263e-05	0.5202253987696691	6.0656890021786864e-05	-0.35183679727405126	0.6001261834405701	8.606433505474898e-05	0.5719100134371565	0.5760859759610992	0.00010231327067794486	0.40886454843833037	-0.0031419748460217757	0.7943747361099195	-0.6528929030943603	-0.2786354513289846	0.20964592153381187	0.25786964239046745	8.301149858482692e-05
N969E	missense	43	6	8	13	20	0	4	4	10	23	26	9	1	10	13	19	43	0.00013817359628187414	2.0600535025323943e-05	3.4739645655614314e-05	4.6337515845775506e-05	5.435021727146381e-05	1.6265452179570593e-05	6.45928069450186e-05	1.5316234289372676e-05	4.4952268863606643e-05	7.903368152060803e-05	0.00011597439972509772	0.00012748922716030494	2.646167687646366e-05	4.1302143956745394e-05	5.0158896217660946e-05	8.708563565982608e-05	8.292217753638211e-05	0.7154060323098248	3.9006978449544394e-05	1.5204846415013542	0.7895548052104792	6.381914609967127e-05	2.048613471958618	0.7023451780658905	6.536721334265364e-05	1.4430188063833258	0.5989180164819407	2.1643053970071806	-0.6828561264718036	-0.32779666620412845	1.670705639947766	0.918254365401526	5.606444596395643e-05
F970Q	missense	37	3	0	4	2	1	0	4	13	18	3	1	0	3	5	4	7	0.00011933174224343676	1.1771734300185111e-05	3.85996062840159e-06	1.654911280206268e-05	7.764316753066258e-06	3.2530904359141185e-05	1.291856138900372e-05	1.5316234289372676e-05	5.721197855368118e-05	6.256833120381469e-05	1.718139255186633e-05	2.549784543206099e-05	1.323083843823183e-05	1.5018961438816506e-05	2.1496669807568976e-05	2.177140891495652e-05	1.5076759552069474e-05	0.6270869240643385	9.98628112092891e-06	0.6732604224677133	0.6339899985531664	3.806948414968372e-05	0.8358976433331468	0.6257635466144356	1.834094992835287e-05	0.8157598111921062	-0.4010819835180594	-0.11110017823393115	-0.284916117799766	0.32511086738486816	0.7749726256643221	0.10700534457546851	2.2132238399655168e-05
F970D	missense	51	45	38	62	26	17	15	50	11	32	23	18	2	20	30	8	24	0.00016329606833312397	0.00013537494445212876	0.00015053846450766202	0.00020851882130598978	6.987885077759632e-05	0.00029277813923227067	0.00020669698222405952	0.0001562255897516013	4.9038838760298155e-05	0.00010867131209083605	0.00010308835531119797	0.00024222953160457942	3.9692515314695496e-05	7.884954755378666e-05	0.00011106612733910638	3.918853604692174e-05	4.7114873600217106e-05	0.594319244101769	0.00014107777026084423	0.3589278548350335	0.5950918870850856	0.00010425602397848337	0.5326648203406462	0.5493889983963625	6.905477113500796e-05	0.19019697757945472	-0.15120451030145948	0.45747241745028183	-0.7855184683689513	-0.4962366696715331	0.36059655091837817	-0.019382126110625647	0.00010479618845811185
F970_	nonsense	51	106	97	93	32	16	6	96	36	53	24	25	7	43	47	40	73	0.00016329606833312397	0.0003148938925299517	0.00037827614158335586	0.0003111233206787784	8.540748428372885e-05	0.0002765126870527001	9.042992972302605e-05	0.00029713494521382995	0.000151203086177586	0.00017782578342136806	0.00010738370344916456	0.00033147199061679287	0.00010584670750585465	0.00016520857582698158	0.0001719733584605518	0.00017852555310264348	0.00013946002585664264	0.5383234532649246	0.0002724252097689537	-0.17822646095643202	0.5325330816100516	0.00018338687956548713	0.04498347872076613	0.6115123319915183	0.00016379187831170488	0.699032047690593	-0.4854028692180952	-0.3029643916650612	-0.4957694831146592	-0.020840149594039122	0.1885963551516424	-0.16190227062955015	0.0002065346558820486
F970T	missense	84	43	77	82	24	9	7	58	35	57	32	11	3	44	58	36	67	0.0002669262655445296	0.0001294890773020362	0.00030107692901532404	0.00027471527251424053	6.470263960888549e-05	0.00016265452179570593	0.00010334849111202976	0.0001807315646145976	0.00014711651628089448	0.00019099806367480274	0.00014174648855289722	0.00015298707259236595	5.292335375292732e-05	0.0001689633161866857	0.00021138391977442827	0.00016110842597067828	0.00012815245619259051	0.5891679254114196	0.00019249597961012156	0.30951247869362336	0.6111727036589647	0.00016514815828079803	0.6580238987556305	0.5927594870209678	0.0001674020295310957	0.5454326731374309	-0.19696200086213458	0.3533555683194792	-0.4610073768554473	0.036194681198171916	0.5043230168622282	0.19477512475882555	0.00017501538914067174
F970V	missense	117	86	66	76	101	29	19	102	71	74	59	69	16	64	72	54	76	0.0003705564627559352	0.00025603522102902613	0.00025861736210290657	0.0002548563371517653	0.0002639867696042528	0.00048796356538711777	0.0002583712277800744	0.00031551442636107717	0.00029423303256178896	0.00024698025475190013	0.0002577208882779949	0.0008924245901221347	0.00022492425344994112	0.0002440581233807682	0.00026154281599208924	0.00023948549806452176	0.0001451138106886687	0.6274302980858001	0.0002583739224719877	0.6765543278631415	0.6002530767600524	0.0002786121504881903	0.5728992187747232	0.5802221176253378	0.00022255006203151194	0.4427425426140414	-0.2761432469097594	0.17318611960817545	-0.5985352407717678	-0.18944982921186554	0.5640653630839687	-0.008131854801845043	0.00025317871166389666
F970L	missense	148	77	57	129	144	37	29	76	54	78	101	5	18	67	65	73	102	0.0004679060419545283	0.00022954881885360967	0.00022387771644729224	0.00043027693285362974	0.00037527530973153583	0.0006180871828236825	0.0003875568416701116	0.00023587000805633924	0.0002247613443180332	0.0002601525350053348	0.0004381255100725914	7.649353629618297e-05	0.0002513859303264048	0.0002553223444598806	0.00023646336788325876	0.00032221685194135655	0.00019411327923289447	0.6888988818104563	0.00031474469447151685	1.2662078453836536	0.6942631471178584	0.00028972734936307464	1.3057609940234658	0.6128642776705387	0.0002520289608793476	0.7101054614074712	-0.20271432975122594	0.34026668709462016	0.5167162284334005	1.6403638869816257	1.0940247669381968	0.9903152870381229	0.0002855003349046464
F970Y	missense	52	134	83	53	4	30	11	83	27	31	13	36	10	38	34	10	14	0.0001664363773395302	0.0003972960326312475	0.0003242366927857336	0.00017873041826227696	1.2940527921777098e-05	0.0005042290175666884	0.00015502273666804465	0.00025731273606146096	0.00011442395710736236	0.00010537824202747737	6.013487393153215e-05	0.00047171014049312833	0.00014553922282055013	0.00014643487402846094	0.00012539724054415238	4.789709961290435e-05	2.8268924160130263e-05	0.4472503876962079	0.00022830091790025878	-1.0518687381971439	0.4852653525264516	0.0001343124522819582	-0.32349525676299457	0.46982747788899104	8.699953458641197e-05	-0.4614694659720204	-0.5122324356407261	-0.36401253668441713	-0.5106951610445548	-0.045328985478805095	-0.6122778203107196	-0.2046707610816111	0.00014987096825620964
F970P	missense	86	239	200	166	11	19	11	131	113	66	33	13	4	76	80	34	58	0.00027320688355734205	0.0007063040580111066	0.0007758520863087197	0.0005527403675888936	3.105726701226503e-05	0.00032530904359141186	0.00015502273666804465	0.0004043485852394387	0.0004658689682228325	0.00022063569424503074	0.0001460418366908638	0.00017848491802442692	6.615419219115915e-05	0.00028911500769721775	0.0002902050424021812	0.00015239986240469565	0.00011119110169651236	0.4889337848055046	0.0005164884447302462	-0.6520098145264798	0.5219037943788195	0.0003092237710995414	-0.03787783901106079	0.5254080966606383	0.00021072775355015174	-0.006223966208678222	-0.3219007374704345	0.06906927047737274	-0.43104415347800407	0.0853558960733157	-0.23203720658207294	0.07721258327534422	0.0003454799897933131
F970S	missense	131	135	73	90	80	14	10	85	70	98	63	13	8	83	63	62	144	0.00041452078884562243	0.00040023896620629376	0.00028563708650171767	0.0003011938529975408	0.00020963655233278896	0.00024398178269355888	0.00014210417527904092	0.00026343922977721003	0.00029014646266509745	0.00032601393627250814	0.00027490228082986126	0.00017848491802442692	0.00011907754594408647	0.00031539819021514663	0.00022929781128073576	0.00027431975232845217	0.0002732662668812592	0.5668977737409697	0.0002991766145095853	0.09588020554709385	0.6326068114509521	0.00028862547738616926	0.8251149160000876	0.6156876352201857	0.0002730705051763984	0.7332308034260686	-0.2347505617515344	0.2673712661914006	-0.17577164837469797	0.5041862173980678	0.55140864165775	0.3857787417947342	0.0002869575323573843
F970C	missense	41	15	7	10	29	3	6	24	14	12	8	1	2	25	21	18	29	0.00013189297826906167	4.7086937200740445e-05	3.087968502721272e-05	3.64080481645379e-05	7.764316753066258e-05	6.506180871828237e-05	9.042992972302605e-05	7.658117144686338e-05	6.129854845037269e-05	4.2809910823662684e-05	3.865813324169924e-05	2.549784543206099e-05	3.9692515314695496e-05	9.762324935230729e-05	7.882112262775292e-05	8.273135387683478e-05	5.6537848320260525e-05	0.6882734536400142	4.8004459480788415e-05	1.2602082615586945	0.5496301000219256	5.48369409906495e-05	0.17826442635858455	0.5777475290862494	7.892839354428887e-05	0.42247387124832014	0.14298606083221632	1.1268752831912145	0.19220513691989644	1.1079325361119206	0.6203155197218665	1.1174039096515676	6.0589931338575595e-05
F970I	missense	58	69	36	103	108	15	35	76	50	58	40	17	14	55	59	41	55	0.0001852782313779676	0.00020600535025323943	0.00014281854325085884	0.00034422154628290376	0.0002821035086947407	0.0002602472348731295	0.00046506821000413394	0.00023587000805633924	0.00020841506473126716	0.00019429113373816141	0.00017610927365662986	0.0002294806088885489	0.00019846257657347746	0.00021026546014343107	0.00021496669807568978	0.0001828798348856348	0.00010553731686448631	0.6800810057050215	0.00024378723712043567	1.1816200552058216	0.5953250305030395	0.0002036713700455994	0.5344823054092025	0.5643484852802189	0.0001784123274923105	0.31272600358084224	0.2521305302572843	1.3752232174277472	-0.06306736818340966	0.6891022147871687	0.676276121398622	1.032162716107458	0.0002086236448861152
F970N	missense	60	25	11	34	53	5	12	34	10	49	50	7	4	11	14	29	36	0.00019155884939078005	7.651627295120322e-05	4.631952754081908e-05	0.00011584378961443877	0.00013975770155519264	9.759271307742355e-05	0.00016794129805704837	0.00010721364002560874	4.4952268863606643e-05	0.0001646535031679334	0.0002190627550362957	0.00010199138172824396	6.615419219115915e-05	4.505688431644952e-05	5.3741674518922446e-05	0.00013062845348973912	6.973001292832132e-05	0.7106312768316487	9.460932291541343e-05	1.4746815467754621	0.731191390405282	0.0001339705417733611	1.5936375781961478	0.6880547472011526	7.47892563133581e-05	1.3259698334746297	0.23574011406911502	1.3379283730526645	-0.18800610479170962	0.4841129184335084	1.4647629861487463	0.9110206457430865	0.00010112304033404421
F970A	missense	118	169	99	107	71	31	21	129	91	77	51	20	20	67	78	49	102	0.0003736967717623414	0.0005002987077578672	0.000385996062840159	0.00035746083652455393	0.0001863436020735902	0.000520494469746259	0.00028420835055808184	0.0003982220915236896	0.0003759644304956192	0.0002568594649419761	0.00022335810317426226	0.0002677273770366404	0.00027784760720286846	0.0002553223444598806	0.0002830394857996582	0.00021771408914956524	0.00019411327923289447	0.5401806621938943	0.0003575248022990426	-0.16041069701036595	0.5608563026396494	0.00031360102253388675	0.26577903780833534	0.5922496024098605	0.00023754729966049966	0.5412563490925534	-0.2627792853517779	0.2035945522445144	0.01611387786421517	0.8190163499252244	0.21554156329684093	0.5113054510848694	0.0003028910414978097
F970M	missense	61	78	29	87	138	3	36	35	34	38	36	16	26	30	14	30	47	0.0001946991583971863	0.00023249175242865593	0.00011579881885204771	0.0002912643853163032	0.0003597466762254033	6.506180871828237e-05	0.00047798677139313764	0.00011027688688348328	0.00014302994638420297	0.00012842973247098805	0.00015892788110476354	0.00021673168617251842	0.0003572326378322594	0.00011639695115082791	5.3741674518922446e-05	0.00013498273527273044	9.046055731241685e-05	0.6947024701491613	0.0002498254082056025	1.321880289269582	0.655368366534341	0.00013516611171085946	1.0025541371637952	0.6260844401248529	9.88954795637244e-05	0.8183881613211491	0.8660897448849545	2.7722294373622023	0.21702872064492856	1.1486610491328573	1.0476075292515088	1.9604452432475297	0.00016129566649339546
F970F	silent	73	29	13	28	34	3	23	20	7	35	49	8	2	18	10	21	34	0.00023238286647406104	8.828800725138832e-05	5.4039448797622264e-05	9.598485425196355e-05	9.058369545243968e-05	6.506180871828237e-05	0.0003100454733360893	6.432818401536524e-05	3.26925591735321e-05	0.00011855052228091205	0.00021476740689832912	0.00011474030444427445	3.9692515314695496e-05	7.134006683437841e-05	3.941056131387646e-05	9.57941992258087e-05	6.596082304030395e-05	0.643559236507613	8.222400143835347e-05	0.8312754015891155	0.7810328138766301	0.00010758466809203464	1.98217971998068	0.6434610422153226	6.812641260359188e-05	0.9607151104932229	0.6780992625295655	2.344474845718484	-0.4610073768554472	0.036194681198172096	1.2580567440210062	1.1903347634583281	8.597836071132666e-05
F970W	missense	35	6	13	13	61	6	11	7	15	34	55	7	11	7	10	27	83	0.0001130511242306243	2.0600535025323943e-05	5.4039448797622264e-05	4.6337515845775506e-05	0.000160462546230036	0.00011385816525699414	0.00015502273666804465	2.4505974862996284e-05	6.53851183470642e-05	0.00011525745221755339	0.0002405394957261286	0.00010199138172824396	0.00015877006125878198	3.003792287763301e-05	3.941056131387646e-05	0.00012191988992375652	0.00015830597529672947	0.807935987017665	7.036001147468943e-05	2.40810251006803	0.8207571305517475	0.00011142201028843562	2.291853280783971	0.7920531047862794	8.741858735299886e-05	2.177791661294211	0.13403121817928987	1.1064993842933388	0.19220513691989644	1.1079325361119206	2.292582484048737	1.1072159602026297	8.97335363720413e-05
F970K	missense	52	21	34	28	30	7	4	33	14	23	22	7	8	49	31	13	24	0.0001664363773395302	6.47445386510181e-05	0.00013509862199405565	9.598485425196355e-05	8.0231273115018e-05	0.00013012361743656474	6.45928069450186e-05	0.0001041503931677342	6.129854845037269e-05	7.903368152060803e-05	9.879300717323138e-05	0.00010199138172824396	0.00011907754594408647	0.0001877370179852063	0.00011464890564036788	6.095994496187826e-05	4.7114873600217106e-05	0.6274419140425778	9.401482200301383e-05	0.6766657569763289	0.625605553868336	8.581890757798657e-05	0.7705361454339014	0.48017634667725867	0.0001026151855469174	-0.37670473956880396	-0.304171970510003	0.10940940566128902	0.06726640031159645	0.9029432397582605	0.3568323876138088	0.5061763227097748	9.41496383759726e-05
F970E	missense	46	18	23	21	17	8	20	28	19	38	19	4	30	23	24	20	34	0.00014759452330109283	5.591573792587927e-05	9.263905508163816e-05	7.28160963290758e-05	4.658590051839755e-05	0.00014638906961613534	0.00027128978916907815	8.883415887836153e-05	8.173139793383026e-05	0.00012842973247098805	8.590696275933165e-05	6.374461358015247e-05	0.00041015599158518673	9.011376863289904e-05	8.95694575315374e-05	9.14399174428174e-05	6.596082304030395e-05	0.6026958110480788	6.69891974637477e-05	0.43928227111315593	0.6373137582265563	9.622556301062787e-05	0.8618082336078883	0.5988238896496115	8.427099166188945e-05	0.5951045203830642	0.2679247974405162	1.411161581033321	0.808505567362469	2.1191080530771544	0.632065008368036	1.7651348170552377	8.249525071208834e-05
F970R	missense	120	147	120	147	109	40	28	126	69	110	80	42	21	94	96	92	101	0.00037997738977515387	0.00043555416910684907	0.0004670552360365924	0.0004898537389410553	0.0002846916142790961	0.0006668835393623943	0.0003746382802811079	0.00038903235095006603	0.00028605989276840593	0.00036553077703281215	0.00034792319917529316	0.0005482036767893113	0.00029107844564110026	0.00035670033417189203	0.00034752949522236514	0.0004049482058181913	0.0001922286842888858	0.5929673894555992	0.00041928868959089825	0.3459598344417041	0.6210519345313699	0.00034713655498164436	0.7350381021030685	0.5831225999028713	0.0003253516798753336	0.4664995919807538	-0.2504378466748576	0.23167633061647522	-0.2749318968931651	0.34149216332113314	0.5158325095085088	0.2865842469688042	0.0003639256414826254
F970G	missense	150	34	34	57	62	14	14	83	69	87	73	5	15	93	68	58	79	0.0004741866599673408	0.00010300267512661972	0.00013509862199405565	0.0001919697085039271	0.00016305065181439142	0.00024398178269355888	0.0001937784208350558	0.00025731273606146096	0.00028605989276840593	0.0002897901655755628	0.0003178557622095271	7.649353629618297e-05	0.0002116934150117093	0.00035294559381218786	0.00024721170278704324	0.00025690262519648696	0.00015076759552069474	0.6749507591740496	0.00014828041435974848	1.1324068192821575	0.6451299264666592	0.00028775463915373925	0.9227396945703469	0.550974055305828	0.0002519568793291032	0.20317974101121183	-0.10005198785407819	0.5738651522146992	0.4420826101364963	1.5179111288192408	0.7527754182879054	1.04588814051697	0.00022933064428086363
F970H	missense	54	4	2	5	7	0	0	11	11	15	3	3	3	20	21	13	15	0.00017271699535234268	1.4714667875231389e-05	1.157988188520477e-05	1.9858935362475217e-05	2.0704844674843356e-05	1.6265452179570593e-05	1.291856138900372e-05	3.6758962294494424e-05	4.9038838760298155e-05	5.2689121013738686e-05	1.718139255186633e-05	5.099569086412198e-05	5.292335375292732e-05	7.884954755378666e-05	7.882112262775292e-05	6.095994496187826e-05	3.0153519104138947e-05	0.6740768763509178	1.6714582449438682e-05	1.1240238690116817	0.58076939733307	3.8917078655099395e-05	0.4210128959702634	0.5426247394600345	6.21960335618892e-05	0.134792800582992	-0.10005198785407819	0.5738651522146992	0.01611387786421517	0.8190163499252244	0.5599431885216457	0.6964407510699618	3.927589822214243e-05
G971A	missense	161	526	380	149	67	70	27	318	222	118	54	120	25	213	204	86	193	0.0005087300590378094	0.0015509259940493882	0.001470644999421006	0.0004964733840618805	0.0001759911797361685	0.001154847104749512	0.0003617197188921042	0.0009771757476619769	0.0009113050869622073	0.0003918753375396815	0.00023624414758816203	0.00154261964863969	0.0003440017993940276	0.0008035144369766831	0.0007344695517586068	0.0003788225151202435	0.00036561141913768474	0.45245915749694277	0.0009235088893171107	-1.0019022472053245	0.488793203070374	0.0006291500799380069	-0.29599366249132797	0.5335752398071929	0.0005706044807483046	0.06067084794709146	-0.5041523052309342	-0.3456269629013015	-0.6516981444814169	-0.27667518877128344	-0.41240835391652036	-0.3111510758362925	0.0007077544833344741
G971_	nonsense	60	293	284	278	69	63	27	383	252	217	62	50	4	255	330	104	112	0.00019155884939078005	0.0008652224710636057	0.0011000887790944532	0.0009234404943550976	0.00018116739090487936	0.001040988939492518	0.0003617197188921042	0.0011762867934238216	0.0010339021838629528	0.0007178892738121896	0.0002706069326918947	0.0006501950585175553	6.615419219115915e-05	0.0009612135320842564	0.0011858996177175553	0.00045719958721408696	0.00021295922867298133	0.5342478731971537	0.0007674797838545089	-0.21732253210820018	0.5064726865113066	0.0007996712959477146	-0.1581720698609935	0.49306993711688835	0.0007043179914222199	-0.27109690084450144	-0.4590739304957461	-0.24305537770604632	-0.9924862938977024	-0.8358126096459998	-0.21553050093789838	-0.5394339936760231	0.0007571563570748144
G971V	missense	178	97	63	78	157	24	24	167	106	133	98	10	10	115	147	114	222	0.0005621153121467152	0.0002884074903545352	0.0002470374802177018	0.00026147598227259036	0.0004089206823281563	0.0004066363044892648	0.000322964034725093	0.0005146254721229219	0.00043726297894599187	0.0004412713884900615	0.0004252394656586916	0.00014023814987633546	0.00014553922282055013	0.00043554988172567866	0.0005302511885867014	0.0005007424050440001	0.0004202646725139366	0.6639746533675019	0.0003014604087932459	1.0271156444195741	0.6068418863577792	0.0004545998263044167	0.6242627235587097	0.6200071492918482	0.0004717020369675792	0.7686107503526746	-0.10005198785407812	0.5738651522146996	0.016113877864215077	0.8190163499252243	0.8066630394436528	0.696440751069962	0.0004092540906884139
G971S	missense	156	523	455	334	95	133	36	341	208	185	70	253	48	256	234	133	239	0.0004930285140057782	0.0015420971933242495	0.0017601420465511253	0.0011087905577381997	0.00024845813609812025	0.0021795705920624594	0.00047798677139313764	0.0010476304253930911	0.0008540931084085262	0.0006125110317847123	0.00030496971779562734	0.003238226369871746	0.0006483110834733597	0.0009649682724439605	0.0008419529007964516	0.0005834737589208349	0.0004523027865620842	0.5034129091820353	0.0011648719834279238	-0.5131150149084809	0.5155026050270078	0.0007048010708454891	-0.08777873765114477	0.5460048087557455	0.0007106744296808327	0.162478014777578	-0.6589550621518908	-0.6978660190619407	-0.6985237587272093	-0.3535028402759268	-0.14613857926068255	-0.5256844296689338	0.0008601158279847486
G971I	missense	81	53	55	58	39	4	8	75	47	48	43	9	7	74	109	72	116	0.0002575053385253109	0.000158918413052499	0.00021615779519048906	0.00019527953106433964	0.00010352422337421678	8.132726089785297e-05	0.00011626705250103349	0.0002328067611984647	0.00019615535504119262	0.00016136043310457473	0.00018899531807052962	0.00012748922716030494	0.00010584670750585465	0.00028160552697780946	0.0003941056131387646	0.0003178625701583652	0.00022049760844901605	0.5903015292930226	0.00016846999067038614	0.3203868713631585	0.5983373796702723	0.0001948294668536904	0.5579652743077999	0.5982751698187306	0.00030351782968098884	0.5906101077773726	0.15522051724922792	1.1547136335325272	-0.08079613514384125	0.6600142988765841	0.48965408448277703	0.9073639662045556	0.00022227242906835512
G971P	missense	90	226	214	120	60	21	16	130	98	114	34	15	2	78	90	62	164	0.00028576811958296695	0.0006680459215355051	0.000829891535106342	0.00040048852980991686	0.00015787444064568057	0.000357839947950553	0.00021961554361306325	0.0004012853383815642	0.0004045704197724598	0.0003787030572862468	0.0001503371848288304	0.00020398276345648793	3.9692515314695496e-05	0.000296624488416626	0.00032603282541479616	0.00027431975232845217	0.0003109581657614329	0.5058590039824333	0.0005140751067743612	-0.489650208728722	0.5520812273964194	0.0003337240000672753	0.19737235333061423	0.6240984573487783	0.0003019838079803268	0.8021215248317287	-0.2120257472980104	0.31907943569526886	-0.7108848500720472	-0.3737839115091483	0.16994788981120698	-0.02735223790693972	0.0003832609716073211
G971G	silent	262	236	160	264	325	18	68	239	195	299	243	15	30	166	190	206	576	0.0008259012686848386	0.0006974752572859678	0.000621453661172656	0.0008771029785093221	0.0008437224204998667	0.00030904359141184127	0.0008913807358412567	0.0007351792458898885	0.0008009676997515365	0.0009879210190076005	0.001048064945663846	0.00020398276345648793	0.00041015599158518673	0.0006270416400705891	0.0006843106555409458	0.0009013363290792001	0.0010874112826930109	0.6535545612596089	0.0007599385793669531	0.9271581768483423	0.6643885966325701	0.0008930332275782179	1.072871942668888	0.6855335689167246	0.0008250249768459364	1.3053195583705965	0.4600435019303482	1.848309552337584	0.303355589042563	1.2902991390450815	1.101783225962609	1.5693043456913327	0.000825998927930369
G971R	missense	271	130	107	106	252	27	64	166	140	186	172	33	119	186	127	138	407	0.0008541640497424947	0.00038552429833106237	0.00041687574786737175	0.0003541510139641414	0.000654790712841921	0.0004554326610279766	0.0008397064902852418	0.0005115622252650474	0.0005762063554335034	0.000615804101848071	0.0007430952278682187	0.00043346337234503684	0.0015877006125878197	0.0007021364472646716	0.0004585956225614715	0.0006052451678357913	0.0007689147371555432	0.6764173057187243	0.00045283544325112413	1.146475051804784	0.6625100330892268	0.0006116669776037101	1.0582274752405345	0.6421104142895437	0.0006337229937043694	0.9496524901292481	0.2657033374465582	1.406106858577894	0.5638162068695849	1.717641692888818	1.0514516723915224	1.5618742757333561	0.0005660751381864012
G971D	missense	41	108	50	38	22	14	4	118	53	33	20	8	6	92	64	35	57	0.00013189297826906167	0.0003207797596800443	0.0001968579920484811	0.00012908307985608892	5.952642844017465e-05	0.00024398178269355888	6.45928069450186e-05	0.00036452637608706974	0.0002206747744213417	0.00011196438215419471	9.020231089729822e-05	0.00011474030444427445	9.261586906762282e-05	0.00034919085345248374	0.00023288058958199724	0.00015675414418768696	0.00010930650675250369	0.47428527264620596	0.00017656181500619723	-0.7925295108946873	0.47708905287138875	0.00019684196088997608	-0.3872341461965294	0.5077158689154004	0.00021203302349366793	-0.15113611795889087	-0.5771732425737406	-0.511779210840455	-0.09303059156085286	0.6399409999120249	-0.4436332583500358	0.06408089453578497	0.00019514559979661372
G971H	missense	64	213	182	103	78	23	12	178	96	80	109	34	3	141	102	56	217	0.00020412008541640498	0.0006297877850599034	0.000706372794997491	0.00034422154628290376	0.00020446034116407814	0.0003903708523096942	0.00016794129805704837	0.0005483211875595418	0.00039639727997907675	0.00026673867513205213	0.00047248829517632405	0.00044621229506106735	5.292335375292732e-05	0.000533173131077986	0.0003690261650299341	0.00024819406163050433	0.00041084169779389315	0.5163613731224027	0.00047121061687609405	-0.38890347713943074	0.5984880600961363	0.0004209863594617487	0.559139913620095	0.5859422679881651	0.00039030876388307937	0.48959471461568066	-0.36631987725884735	-0.032002287844596106	-0.9258941751580981	-0.7265536885643213	0.21994371703211493	-0.37927798820445874	0.000427501913406974
G971T	missense	77	114	96	87	26	7	8	145	82	86	40	3	3	120	120	67	101	0.00024494410249968596	0.0003384373611303219	0.0003744161809549543	0.0002912643853163032	6.987885077759632e-05	0.00013012361743656474	0.00011626705250103349	0.0004472340412496822	0.0003391853014253956	0.00028649709551220413	0.00017610927365662986	5.099569086412198e-05	5.292335375292732e-05	0.0004543235835241993	0.00043351617445264103	0.0002960911612434087	0.0001922286842888858	0.5215514440132072	0.00026849919454479396	-0.3391163603473431	0.53832619291982	0.000312256427960978	0.09014406441686934	0.5410971492187605	0.0003440399008772837	0.1222807307609635	-0.048899465406696846	0.6902578869791168	0.01611387786421517	0.8190163499252244	-0.04223052172317008	0.7546371184521706	0.00030826517446101855
G971Y	missense	53	12	7	20	33	1	5	18	20	27	23	5	3	67	38	30	163	0.00016957668634593644	3.825813647560161e-05	3.087968502721272e-05	6.950627376866327e-05	8.799558986808426e-05	3.2530904359141185e-05	7.751136833402232e-05	5.8201690299616175e-05	8.581796783052178e-05	9.22059617740427e-05	0.00010308835531119797	7.649353629618297e-05	5.292335375292732e-05	0.0002553223444598806	0.00013972835374919835	0.00013498273527273044	0.0003090735708174242	0.7285999877973872	5.6659921284890465e-05	1.6470511213490033	0.6769607204834167	8.482849380384467e-05	1.1708787728830454	0.6483146755709166	0.00020977675107480842	1.0004698809774004	0.37706926686558434	1.659509515269854	-0.15997738119146607	0.5301001637385283	1.2727999250698163	1.0948048395041912	0.00011708838872118118
G971L	missense	200	121	109	120	145	14	22	123	80	104	114	33	13	87	81	120	245	0.0006312021102876523	0.0003590378961556459	0.00042459566912417496	0.00040048852980991686	0.00037786341531589125	0.00024398178269355888	0.0002971269119470856	0.0003798426103764424	0.00033101216163201256	0.00034577235665266015	0.0004939650358661569	0.00043346337234503684	0.00018523173813524564	0.00033041715165396315	0.0002937878207034427	0.0005268680957419479	0.0004636103562261363	0.6275904064050882	0.0003904963776014072	0.6780902089251722	0.6537896037123557	0.000387648041131818	0.9902467862596502	0.6739770842401591	0.00040367085608137253	1.2106635837096198	0.08558458910783354	0.9962636544025089	-0.3692370034998019	0.18676403039260517	0.9596668596314807	0.591513842397557	0.0003939384249381993
G971M	missense	67	69	42	48	81	13	14	89	70	70	78	7	19	40	69	51	191	0.00021354101243562366	0.00020600535025323943	0.00016597830702126838	0.0001621813054602143	0.00021222465791714438	0.0002277163305139883	0.0001937784208350558	0.0002756922172087082	0.00029014646266509745	0.00023380797449846542	0.00033933250289936	0.00010199138172824396	0.0002646167687646366	0.0001539443547478692	0.00025079448108830476	0.00022642265271554784	0.0003618422292496674	0.6274888009257287	0.00018659740516296662	0.6771155317051457	0.6397700649355722	0.00028474478931790777	0.8809565364277179	0.7004430452259027	0.0002482509294503473	1.4274389615652214	-0.07008876447663494	0.6420436377399286	0.41405388653625275	1.471923883514221	0.9951703432326949	1.0569837606270749	0.00023986437464374054
G971W	missense	98	34	63	52	119	28	22	83	41	76	102	26	79	73	87	44	161	0.0003108905916342168	0.00010300267512661972	0.0002470374802177018	0.00017542059570186443	0.0003105726701226503	0.0004716981132075472	0.0002971269119470856	0.00025731273606146096	0.00017163593566104355	0.0002535663948786174	0.00044242085821055797	0.0003442209133328234	0.0010584670750585464	0.00027785078661810535	0.0003152844905110117	0.00019594268023460871	0.00030530438092940684	0.7073969901379339	0.00020900835529220907	1.4436558030530837	0.6958101247823897	0.00028123398120292	1.3178205616121672	0.6207760389070038	0.00027359558457328313	0.7749085128614456	-0.20072214973544134	0.3447997046094204	0.48784010069717143	1.5929862900348453	1.1787949591755655	0.9688929973221329	0.0002546126403561374
G971E	missense	70	247	221	86	77	18	6	135	91	47	13	40	7	107	67	26	97	0.00022296193945484235	0.0007298475266114768	0.0008569112595051531	0.00028795456275589065	0.00020187223557972272	0.00030904359141184127	9.042992972302605e-05	0.0004166015726709368	0.0003759644304956192	0.00015806736304121606	6.013487393153215e-05	0.0005227058313572503	0.00010584670750585465	0.00040551195884804567	0.00024362892448578176	0.00011756560814076522	0.00018469030451285105	0.49540730550888856	0.0005191463961130608	-0.5899108686553536	0.4658021353768495	0.000252692060034826	-0.4752220645190188	0.5213986053615784	0.00023784919899686092	-0.039064602217724925	-0.5337075487926503	-0.4128771288792391	-0.6935799918635768	-0.3453915105296546	-0.3680658451306991	-0.3791343197044469	0.0003365625517149159
G971F	missense	65	76	40	48	63	8	16	41	19	59	34	14	2	51	52	34	87	0.00020726039442281122	0.00022660588527856338	0.0001582583857644652	0.0001621813054602143	0.00016563875739874684	0.00014638906961613534	0.00021961554361306325	0.00012865636803073048	8.173139793383026e-05	0.0001975842038015201	0.0001503371848288304	0.00019123384074045744	3.9692515314695496e-05	0.00019524649870461457	0.0001898872499668593	0.00015239986240469565	0.00016584435507276422	0.5936083909401055	0.00017817108347549743	0.3521088093679541	0.6655006918597907	0.0001395772886487278	1.0815413552048485	0.6026624687389092	0.00017584449153723342	0.6265452616793782	0.1761544240848709	1.202346761857927	-0.6828561264718036	-0.32779666620412845	0.6867318087507269	0.4372750478268993	0.00016453095455381956
G971C	missense	64	61	22	21	25	11	4	74	33	34	14	6	8	41	35	32	66	0.00020412008541640498	0.0001824618816528692	8.877909445323657e-05	7.28160963290758e-05	6.729074519324091e-05	0.0001951854261548471	6.45928069450186e-05	0.00022974351434059016	0.00013894337648751146	0.00011525745221755339	6.443022206949873e-05	8.924245901221346e-05	0.00011907754594408647	0.00015769909510757332	0.00012898001884541387	0.00014369129883871304	0.00012626786124858184	0.5151548786659743	0.00010283695440710562	-0.4004770917730251	0.5065531768477182	0.00013709364127878845	-0.15754460207367638	0.6071287842358474	0.00013915956851007054	0.6631276185411843	-0.4802632295656842	-0.2912696269452348	0.1252583472892832	0.9980916999384241	0.035035308231494255	0.35341103649659467	0.00012636338806532155
G971Q	missense	61	41	31	24	8	8	5	30	26	35	8	20	4	58	43	30	33	0.0001946991583971863	0.00012360321015194366	0.0001235187401088509	8.274556401031341e-05	2.3292950259198775e-05	0.00014638906961613534	7.751136833402232e-05	9.49606525941106e-05	0.00011033738721067085	0.00011855052228091205	3.865813324169924e-05	0.0002677273770366404	6.615419219115915e-05	0.00022152968122254345	0.00015764224525550584	0.00013498273527273044	6.407622809629526e-05	0.5040549940834869	8.829011613257667e-05	-0.5069556470209162	0.5695891534355441	9.062667383184818e-05	0.3338565587898986	0.5179882772493272	0.00014455772246176876	-0.06699765802261622	-0.2761432469097594	0.17318611960817545	-0.6071354125336853	-0.20356029011338048	-0.08003224875121127	-0.015187085252602511	0.00010782483747539787
G971K	missense	38	68	19	31	43	6	8	34	45	48	35	9	9	20	30	37	61	0.00012247205124984298	0.00020306241667819314	7.719921256803181e-05	0.00010591432193320116	0.00011387664571163845	0.00011385816525699414	0.00011626705250103349	0.00010721364002560874	0.0001879822152478096	0.00016136043310457473	0.00015463253296679695	0.00012748922716030494	0.0001323083843823183	7.884954755378666e-05	0.00011106612733910638	0.00016546270775366956	0.00011684488652853843	0.5652957296343853	0.00012501314922276613	0.08051217710996612	0.6486495851695022	0.0001527972053361975	0.9501774287983695	0.6695717651824307	0.00011805581729377525	1.1745808318372062	0.009092481570989868	0.8222130864512321	0.01611387786421517	0.8190163499252244	0.7350901459151805	0.8206147181882283	0.00013195539061757963
G971N	missense	64	9	10	34	47	6	12	9	2	38	25	2	8	20	33	49	93	0.00020412008541640498	2.9429335750462777e-05	4.245956691241749e-05	0.00011584378961443877	0.00012422906804906013	0.00011385816525699414	0.00016794129805704837	3.063246857874535e-05	1.2259709690074539e-05	0.00012842973247098805	0.00011167905158713113	3.824676814809149e-05	0.00011907754594408647	7.884954755378666e-05	0.00012181446224289088	0.00021771408914956524	0.00017715192473681632	0.7683602868599564	7.799044008159479e-05	2.0284622224235065	0.7837051899274883	7.075024058173478e-05	2.0030124057696606	0.7070291888977353	0.00014888250592076478	1.481384245616756	0.16879332443850184	1.1855972746826735	0.4932351325838776	1.6018380186522772	1.8376196246033079	1.3937176466674752	9.920772886136478e-05
A972I	missense	51	22	34	43	59	5	9	35	39	46	32	0	9	65	69	39	56	0.00016329606833312397	6.768747222606438e-05	0.00013509862199405565	0.0001456321926581516	0.00015528633506132515	9.759271307742355e-05	0.0001291856138900372	0.00011027688688348328	0.00016346279586766053	0.0001547742929778574	0.00014174648855289722	1.2748922716030496e-05	0.0001323083843823183	0.00024781286374047235	0.00025079448108830476	0.00017417127131965217	0.000107421911808495	0.6928299709950486	0.0001259261554848992	1.3039178498269786	0.6437897258111654	0.00014256511607047462	0.9122920709504891	0.5452454933496166	0.0001950501319892311	0.15625867197102555	0.1217967617622782	1.0786610339520262	1.0161138778642151	2.459734848594934	0.7908228642494978	1.7691979412734802	0.00015451380118153496
A972_	nonsense	80	654	571	461	38	115	24	776	578	263	17	197	25	601	563	192	68	0.0002543650295189047	0.0019276214916553118	0.0022078974794457096	0.0015291380229105918	0.00010093611778986136	0.0018867924528301887	0.000322964034725093	0.0023801428085685142	0.002366123970184386	0.0008693704967266884	7.731626648339847e-05	0.002524286697774038	0.0003440017993940276	0.002260353696541884	0.002020686961911484	0.0008403763841173218	0.00013003705113659922	0.4914748045278049	0.0014413982779503687	-0.6276344161269497	0.44044656394616305	0.0014232383854907468	-0.6728831131749219	0.4447818075977637	0.0013128635234268221	-0.6666116349623021	-0.7665699684089591	-0.9427335767383234	-0.8655779644264979	-0.6275917658473245	-0.6557097214213913	-0.7851626712928239	0.0013925000622893125
A972L	missense	174	108	92	73	86	11	16	200	129	101	100	15	15	159	156	103	344	0.0005495540761210903	0.0003207797596800443	0.0003589763384413479	0.00024492686947052766	0.0002251651858389215	0.0001951854261548471	0.00021961554361306325	0.0006157126184327817	0.0005312540865698966	0.0003358931464625841	0.0004338301619346248	0.00020398276345648793	0.0002116934150117093	0.0006007584575526602	0.0005624961932980549	0.0004528453054310957	0.0006501852556829961	0.5814188987369735	0.00028746203835771034	0.23517790712752087	0.5766739597677979	0.0004791725033499718	0.38908663920774555	0.6271306622352796	0.0005665713029912018	0.8269574777132802	0.05121568747657094	0.9180604640158208	0.01611387786421517	0.8190163499252244	0.4837406746828489	0.8685384069705226	0.00044440194823296126
A972F	missense	89	84	52	59	76	14	9	77	76	114	58	29	12	58	84	80	131	0.0002826278105765607	0.0002501493538789336	0.0002045779133052843	0.00019858935362475217	0.0001992841299953673	0.00024398178269355888	0.0001291856138900372	0.00023893325491421377	0.0003146658820452465	0.0003787030572862468	0.00025342554014002835	0.0003824676814809149	0.0001720008996970138	0.00022152968122254345	0.0003045361556072272	0.0003526968244222957	0.00024876653260914633	0.6017499279144394	0.00021315018770108436	0.4302086389726763	0.6363341819332308	0.0002964319335964339	0.8541718812619552	0.6393977672243385	0.00028188229846530315	0.9274339471159976	-0.2761432469097594	0.17318611960817545	-0.3470640245486105	0.2231436471284389	0.7372714891168762	0.19816488336830718	0.0002638214732542738
A972V	missense	220	182	138	191	198	26	41	124	121	177	154	28	32	203	187	146	366	0.0006940082904157769	0.0005385568442334688	0.0005365345273478211	0.0006354859315992069	0.0005150330112867284	0.000439167208848406	0.0005425795783381563	0.00038290585723431696	0.0004985615273963645	0.0005861664712778429	0.0006657789613848203	0.00036971875876488436	0.00043661766846165044	0.0007659670333796418	0.0006735623206371613	0.0006400794220997218	0.000691646344451187	0.6265939394930621	0.0005564025786168063	0.6685313386183339	0.6798548462318215	0.0005333532043233362	1.1934401232330283	0.6134328149987203	0.000692813780141928	0.7147621936609477	0.09183353838483502	1.010482548426797	0.07222981984314654	0.9110868140003333	0.8589112185041032	0.9607846812135652	0.0005941898543606901
A972E	missense	84	147	64	74	32	2	3	54	50	31	24	2	11	71	61	39	69	0.0002669262655445296	0.00043555416910684907	0.00025089744084610336	0.00024823669203094024	8.540748428372885e-05	4.8796356538711774e-05	5.167424555601488e-05	0.00016847857718309945	0.00020841506473126716	0.00010537824202747737	0.00010738370344916456	3.824676814809149e-05	0.00015877006125878198	0.0002703413058986971	0.00022213225467821276	0.00017417127131965217	0.0001319216460806079	0.4959556473199366	0.00025502394656690537	-0.5846507559588195	0.564303245396933	0.00014741389684775214	0.2926499100315888	0.5524919534585587	0.00019964161949429247	0.21561242561245378	0.024886748754221824	0.8581514500568059	0.6181738691921775	1.806827315005937	-0.025462806771592322	1.3324893825313715	0.00020069315430298334
A972A	silent	108	149	115	159	111	23	23	123	121	95	75	14	10	116	134	94	303	0.0003422936816982791	0.00044144003625694165	0.0004477554328945845	0.0005295716096660058	0.00028986782544780697	0.0003903708523096942	0.0003100454733360893	0.0003798426103764424	0.0004985615273963645	0.0003161347260824321	0.00032644645848546025	0.00019123384074045744	0.00014553922282055013	0.0004393046220853828	0.000483675070670302	0.0004136567693841739	0.00057291686297864	0.5977194166286567	0.00042715872606633473	0.3915449019372876	0.596842655879511	0.00038024633058517484	0.5463130552781296	0.6466554846257772	0.00047738833127962464	0.986879906131562	-0.10005198785407812	0.5738651522146996	-0.1185846960332411	0.5980139079872392	0.6415792877823264	0.5859395301009693	0.0004282644626437114
A972R	missense	180	153	129	165	169	25	35	299	216	202	88	19	15	234	237	188	252	0.0005683959301595277	0.00045321177055712675	0.0005017948816922067	0.0005494305450284811	0.0004399779493404213	0.0004229017566688354	0.00046506821000413394	0.0009189740573623607	0.0008867856675820583	0.0006684932228618096	0.0003822859842790258	0.0002549784543206099	0.0002116934150117093	0.0008823639845304697	0.0008527012357002361	0.0008229592569853566	0.0004768025208341971	0.6255100633794662	0.000486103786654559	0.658133972610991	0.5449924844611008	0.0007141347330213135	0.1421115848609501	0.5736615558891631	0.0007587067495125648	0.38900679313302505	0.0412771649423912	0.8954462944318887	-0.08079613514384125	0.6600142988765841	0.39641745020165536	0.7777302966542364	0.0006529817563961458
A972Y	missense	79	26	28	26	40	5	14	49	48	46	16	4	18	58	40	60	113	0.00025122472051249844	7.94592065262495e-05	0.00011193885822364612	8.936520913113848e-05	0.00010611232895857219	9.759271307742355e-05	0.0001937784208350558	0.00015316234289372677	0.00020024192493788413	0.0001547742929778574	7.30209183454319e-05	6.374461358015247e-05	0.0002513859303264048	0.00022152968122254345	0.00014689391035172135	0.0002656111887624696	0.00021484382361699	0.6435413986379788	9.671890070990158e-05	0.8311042871443443	0.5635125254197114	0.00014529986978872503	0.2864857996971779	0.6395279468016057	0.00021221965098843108	0.9285002120842861	0.29788802081795945	1.47934006655855	0.5958974744810254	1.7702780221196817	0.6820300996419362	1.6248090443391159	0.00015141280716235257
A972G	missense	205	166	142	110	219	24	47	215	142	142	157	30	37	159	178	173	584	0.0006469036553196835	0.0004914699070327284	0.0005519743698614274	0.0003673903042057915	0.0005693832285581922	0.0004066363044892648	0.0006200909466721786	0.0006616613213008996	0.0005843794952268864	0.0004709090190602895	0.00067866500579872	0.00039521660419694534	0.0005027718606528096	0.0006007584575526602	0.0006413173159258078	0.000757645030240487	0.0011024880422450803	0.6281029351090197	0.0004950544524145349	0.6830067749950393	0.6217409502983283	0.0005989037103466988	0.7404093704812931	0.690337173805268	0.0007755522114910088	1.3446645594965312	0.1832492408494715	1.2184903474794133	0.10453578064675267	0.9640918015081085	0.9226935683242878	1.091291074493761	0.0006231701247507475
A972S	missense	158	104	59	49	92	10	18	73	89	103	96	7	26	117	95	98	300	0.0004993091320185906	0.0003090080253798592	0.00023159763770409542	0.00016549112802062682	0.000240693819345054	0.0001789199739752765	0.0002454526663910707	0.00022668026748271563	0.00036779129070223617	0.00034247928658930147	0.0004166487693827585	0.00010199138172824396	0.0003572326378322594	0.0004430593624450869	0.0003439467169211036	0.00043107389651613913	0.000567263078146614	0.5892147475909217	0.00023669765261240884	0.30996163273571226	0.6752912286516823	0.00033839990353925294	1.1578641379305195	0.6571883745019014	0.0004463357635072359	1.073151898447964	0.1373089279405258	1.1139575033580773	0.5443876550312589	1.685764908485313	0.8469925563713986	1.3998612059216953	0.0003404777732196325
A972W	missense	108	57	48	60	25	6	6	39	45	46	38	1	1	41	64	40	108	0.0003422936816982791	0.0001706901473526841	0.00018913807079167793	0.00020189917618516472	6.729074519324091e-05	0.00011385816525699414	9.042992972302605e-05	0.0001225298743149814	0.0001879822152478096	0.0001547742929778574	0.0001675185773806967	2.549784543206099e-05	2.646167687646366e-05	0.00015769909510757332	0.00023288058958199724	0.00017852555310264348	0.00020542084889694657	0.5658925827420281	0.0001572545348806919	0.0862376471474912	0.645100622105554	0.0001582012399803363	0.9225112504683438	0.639332994461878	0.00019363152167229015	0.9269034113056903	-0.10005198785407812	0.5738651522146996	0.01611387786421517	0.8190163499252244	0.6452174363071751	0.696440751069962	0.00016969576551110612
A972C	missense	150	48	45	35	110	11	16	104	65	80	77	12	30	80	75	108	186	0.0004741866599673408	0.0001442037451772676	0.00017755818890647314	0.0001191536121748513	0.00028727971986345155	0.0001951854261548471	0.00021961554361306325	0.00032164092007682624	0.00026971361318163983	0.00026673867513205213	0.0003350371547613934	0.00016573599530839644	0.00041015599158518673	0.0003041339691360342	0.00027229115089587373	0.00047461671434605217	0.00035241925452962397	0.6886545176443069	0.00018204881653051088	1.2638637180035361	0.6288987531406255	0.0002982825907879779	0.7962085000630617	0.6559218957311086	0.00035086527222689604	1.0627785205746803	0.05121568747657094	0.9180604640158208	0.39353221939165106	1.4382536046065306	1.0409502462137592	1.1781570343111758	0.0002770655598484616
A972N	missense	84	10	6	26	24	4	2	10	26	36	18	4	3	50	44	44	77	0.0002669262655445296	3.237226932550905e-05	2.7019724398811132e-05	8.936520913113848e-05	6.470263960888549e-05	8.132726089785297e-05	3.875568416701116e-05	3.369571543661989e-05	0.00011033738721067085	0.00012184359234427071	8.161161462136506e-05	6.374461358015247e-05	5.292335375292732e-05	0.00019149175834491045	0.00016122502355676732	0.00019594268023460871	0.00014699840563267737	0.7183059549649672	5.336496061608604e-05	1.5483029104532096	0.6808486064109522	8.687207740323163e-05	1.2011870470070176	0.6072537762392457	0.00017391446694224095	0.6641513935244617	-0.3219007374704345	0.06906927047737274	-0.08079613514384125	0.6600142988765841	1.1378804503282296	0.36454178467697845	0.00010471716832051953
A972Q	missense	46	97	34	20	23	10	3	70	50	29	9	6	0	48	34	16	56	0.00014759452330109283	0.0002884074903545352	0.00013509862199405565	6.950627376866327e-05	6.211453402453006e-05	0.0001789199739752765	5.167424555601488e-05	0.00021749052690909202	0.00020841506473126716	9.879210190076005e-05	4.2953481379665825e-05	8.924245901221346e-05	1.323083843823183e-05	0.0001839822776255022	0.00012539724054415238	7.402279031085218e-05	0.000107421911808495	0.45736463811166295	0.00013878173003544603	-0.9548451373074404	0.48555826901372295	0.00014191279373019627	-0.32121180674488176	0.5534225553501533	0.00012270605507225043	0.22323472872066938	-0.5393846816843407	-0.4257949087123763	-0.8289841621500417	-0.5675516375156809	-0.3509407384438843	-0.49667327311402865	0.0001344668596126309
A972K	missense	50	78	49	47	51	16	12	72	45	58	40	14	10	64	46	34	119	0.00016015575932671776	0.00023249175242865593	0.0001929980314200795	0.00015887148289980173	0.00013458149038648182	0.0002765126870527001	0.00016794129805704837	0.0002236170206248411	0.0001879822152478096	0.00019429113373816141	0.00017610927365662986	0.00019123384074045744	0.00014553922282055013	0.0002440581233807682	0.00016839058015929032	0.00015239986240469565	0.0002261513932810421	0.5679966204901158	0.00017973568928375473	0.1064211813039512	0.6032266009346988	0.00019549991081686048	0.5960795248534486	0.6139837370974703	0.00019774998980644906	0.7192746444345992	-0.2165575569255153	0.3087677308029129	-0.1185846960332411	0.5980139079872392	0.4739251168639997	0.4533908193950761	0.0001909951966356881
A972M	missense	71	53	20	29	15	4	5	50	50	48	14	14	6	36	40	21	83	0.0002261022484612486	0.000158918413052499	8.10591731964334e-05	9.929467681237608e-05	4.140968934968671e-05	8.132726089785297e-05	7.751136833402232e-05	0.0001562255897516013	0.00020841506473126716	0.00016136043310457473	6.443022206949873e-05	0.00019123384074045744	9.261586906762282e-05	0.00013892539330905267	0.00014689391035172135	9.57941992258087e-05	0.00015830597529672947	0.5152329538558003	9.51704881027488e-05	-0.3997281350292327	0.5567361881477061	0.00014760782741423547	0.23366041041765923	0.6266303437645953	0.00013497986954582805	0.8228595072829167	-0.020870741806453322	0.7540346009260032	-0.3148793411772092	0.2759496525097244	0.21893059422378106	0.5149921267178638	0.00012591939502093743
A972P	missense	101	39	35	62	38	6	6	55	75	93	20	3	10	71	58	57	99	0.0003203115186534355	0.00011771734300185111	0.00013895858262245726	0.00020851882130598978	0.00010093611778986136	0.00011385816525699414	9.042992972302605e-05	0.00017154182404097398	0.000310579312148555	0.0003095485859557148	9.020231089729822e-05	5.099569086412198e-05	0.00014553922282055013	0.0002703413058986971	0.00021138391977442827	0.0002525483434134957	0.00018845949440086842	0.6292429595887388	0.00014153271618003987	0.6939427589366409	0.590265756192196	0.0002204680082606355	0.49504239499531494	0.5972995442905261	0.00023068326587187237	0.5826190284949679	-0.10005198785407812	0.5738651522146996	0.4554465716944778	1.539837627762932	0.5905347274756413	1.056851389988816	0.00019756133010418258
A972T	missense	63	79	43	42	23	8	13	61	42	59	17	4	2	83	67	60	81	0.00020097977640999874	0.00023543468600370222	0.00016983826764966996	0.00014232237009773906	6.211453402453006e-05	0.00014638906961613534	0.0001808598594460521	0.0001899213051882212	0.00017572250555773506	0.0001975842038015201	7.731626648339847e-05	6.374461358015247e-05	3.9692515314695496e-05	0.00031539819021514663	0.00024362892448578176	0.0002656111887624696	0.0001545367854087121	0.5127588359226378	0.00015242746444391032	-0.4234617604627503	0.5633427837802649	0.0001601360702577187	0.28516256742275314	0.5662002568058113	0.0002447937722180275	0.3278933527800185	0.09183353838483502	1.010482548426797	-0.2057348717521411	0.45502500252292416	0.06319805324667378	0.7327537754748605	0.00018578576897321884
A972H	missense	32	10	11	11	2	0	0	21	13	11	10	1	2	16	12	22	50	0.00010363019721140561	3.237226932550905e-05	4.631952754081908e-05	3.9717870724950433e-05	7.764316753066258e-06	1.6265452179570593e-05	1.291856138900372e-05	6.739143087323978e-05	5.721197855368118e-05	3.9516840760304014e-05	4.7248829517632405e-05	2.549784543206099e-05	3.9692515314695496e-05	6.383058611497015e-05	4.657611791639945e-05	0.0001001484810088	9.61143421444429e-05	0.5453228037151208	3.154349608608621e-05	-0.11108335527167461	0.5787994500134047	5.284226992621434e-05	0.4056560402170275	0.6863134081831453	7.666738179615313e-05	1.3117070064491327	-0.10005198785407819	0.5738651522146992	0.19220513691989644	1.1079325361119206	0.5354265637981619	0.8408988441633098	5.3684382602817886e-05
A972D	missense	49	31	22	32	14	6	0	53	37	21	19	3	0	58	42	19	67	0.00015701545032031152	9.417387440148089e-05	8.877909445323657e-05	0.0001092241444936137	3.882158376533129e-05	0.00011385816525699414	1.291856138900372e-05	0.0001654153303252249	0.0001552896560742775	7.24475413938907e-05	8.590696275933165e-05	5.099569086412198e-05	1.323083843823183e-05	0.00022152968122254345	0.00015405946695424435	8.708563565982608e-05	0.00012815245619259051	0.5700104248378395	8.274967427841562e-05	0.12573912789195868	0.5411463180159309	0.0001197648726381812	0.11212853774502696	0.5515636630161298	0.00014770681000730109	0.20800905494604682	-0.9451500278683349	-1.3490756396590764	-0.5859461134637473	-0.16879461515548824	0.1486255735276775	-0.7589351274072823	0.00011674045230796597
I973H	missense	83	17	12	3	24	2	3	20	44	30	34	0	1	51	46	21	99	0.00026378595653812334	5.2972804350832996e-05	5.017948816922067e-05	1.3239290241650144e-05	6.470263960888549e-05	4.8796356538711774e-05	5.167424555601488e-05	6.432818401536524e-05	0.00018389564535111809	0.00010208517196411871	0.0001503371848288304	1.2748922716030496e-05	2.646167687646366e-05	0.00019524649870461457	0.00016839058015929032	9.57941992258087e-05	0.00018845949440086842	0.6237915875155375	4.527355559264733e-05	0.6416490419921455	0.6689972714076763	0.0001251615465398581	1.1087991743407017	0.6070653808883211	0.00016197269312264551	0.6626082992304392	0.024886748754221824	0.8581514500568059	0.31714387352819634	1.3129218324655807	0.8043521718544288	1.0855366412611933	0.00011080259841838365
I973V	missense	257	287	165	119	113	32	26	250	183	153	109	26	23	196	207	136	421	0.0008101997236528074	0.0008475648696133279	0.000640753464314664	0.00039717870724950433	0.0002950440366165178	0.0005367599219258296	0.00034880115750310044	0.0007688749613265084	0.0007519288609912384	0.0005071327897572349	0.00047248829517632405	0.0003442209133328234	0.00031754012251756396	0.0007396838508617129	0.0007452178866623912	0.0005965366042698087	0.0007952990663716647	0.5160168859339426	0.0005451352694485035	-0.3922080608813658	0.5683118314013326	0.0006251062268128264	0.3238991096571224	0.6257892779892646	0.0007191843520413944	0.8159705697776087	-0.1872021635729783	0.37556315650067146	-0.035038644583166134	0.7350894600921885	0.24922053951778844	0.5553263082964299	0.0006298086161009082
I973G	missense	265	173	145	220	556	54	71	157	164	297	237	56	143	192	250	252	620	0.0008353221957040572	0.0005120704420580523	0.0005635542517466322	0.0007314707858511705	0.0014415748104859686	0.0008945998698763826	0.0009301364200082679	0.0004839930035441766	0.0006742840329540997	0.0009813348788808832	0.0010222928568360465	0.0007266885948137383	0.0019052407351053836	0.0007246648894228964	0.0008992773536166355	0.0011016332910968	0.001170333460229393	0.7387553743280617	0.0008121675725354559	1.744469331217253	0.7009807198611444	0.0007904761930538015	1.3581282804989445	0.67439032367433	0.0009739772485914311	1.2140483137987896	0.016917819082946466	0.8400189030540817	0.41860151428697334	1.479385260489892	1.4388819751716622	1.1597020817719867	0.0008588736713935627
I973A	missense	167	79	82	84	55	22	15	111	111	86	60	25	7	169	134	103	259	0.0005275719130762467	0.00023543468600370222	0.000320376732157332	0.0002813349176350656	0.00014493391272390349	0.0003741054001301236	0.00020669698222405952	0.00034308364808194797	0.00045769582842944943	0.00028649709551220413	0.0002620162364159615	0.00033147199061679287	0.00010584670750585465	0.0006383058611497015	0.000483675070670302	0.0004528453054310957	0.0004899946854422579	0.5854736813985347	0.00024552006213000085	0.27407447370339466	0.5866094292762838	0.0003373232021098908	0.4665392545946473	0.5961982715345508	0.0005162052306733392	0.5735988074673917	-0.2576598412157462	0.21524336397377639	-0.4957694831146592	-0.020840149594039122	0.43807084525514456	0.09720160718986863	0.0003663494983044103
I973_	nonsense	67	455	494	537	181	68	37	449	297	172	64	194	39	258	237	87	156	0.00021354101243562366	0.0013419777102211027	0.0019106805110587872	0.0017806845375019445	0.00047103521635268633	0.001122316200390371	0.0004909053327821414	0.001378461086043541	0.001217797829214071	0.0005697011209610496	0.0002791976289678278	0.0024860399296259468	0.0005292335375292732	0.0009724777531633687	0.0008527012357002361	0.0003831767969032348	0.0002958814062093634	0.5627126837139337	0.00137609449378363	0.05573363137782511	0.48183212994308033	0.0008612894162966223	-0.3502591724551884	0.5002457690675709	0.0006260592979940508	-0.21232164294340228	-0.3591174819745233	-0.015613917459554899	-0.6718607421703405	-0.30975633578073547	-0.1689490613402552	-0.16268512662014517	0.000954481069358101
I973N	missense	88	35	13	20	26	11	8	44	64	39	23	10	5	58	62	43	63	0.0002794875015701545	0.00010594560870166599	5.4039448797622264e-05	6.950627376866327e-05	6.987885077759632e-05	0.0001951854261548471	0.00011626705250103349	0.0001378461086043541	0.0002656270432849483	0.00013172280253434673	0.00010308835531119797	0.00014023814987633546	7.938503062939099e-05	0.00022152968122254345	0.00022571503297947427	0.0001915883984516174	0.00012061407641655579	0.5862797740211069	7.484254551138696e-05	0.28180712868819363	0.5783559150292656	0.00015957107743371177	0.40219843365824154	0.5695528514368685	0.00018986179726754773	0.3553535295835575	-0.22499072446237806	0.28957885437259306	-0.24712755691036625	0.38711125827421305	0.3464530306433309	0.33834505632340306	0.00014142514007088215
I973D	missense	77	20	15	10	64	4	8	35	26	32	41	1	2	47	48	36	156	0.00024494410249968596	6.180160507597183e-05	6.175937005442545e-05	3.64080481645379e-05	0.00016822686298310227	8.132726089785297e-05	0.00011626705250103349	0.00011027688688348328	0.00011033738721067085	0.00010867131209083605	0.00018040462179459645	2.549784543206099e-05	3.9692515314695496e-05	0.00018022753726579807	0.00017555613676181332	0.00016110842597067828	0.0002958814062093634	0.7369470353379521	8.204897156950936e-05	1.727122364982209	0.6761872521646188	0.00012742255199489665	1.1648491490028012	0.6761387695188059	0.0002031933765519133	1.2283693508773403	0.15522051724922792	1.1547136335325272	0.19220513691989644	1.1079325361119206	1.3734469549541168	1.131323084822224	0.00013755496670543976
I973E	missense	85	22	22	59	83	7	5	56	59	59	41	6	5	71	74	52	104	0.0002700665745509358	6.768747222606438e-05	8.877909445323657e-05	0.00019858935362475217	0.00021740086908585523	0.00013012361743656474	7.751136833402232e-05	0.00017460507089884852	0.00024519419380149076	0.0001975842038015201	0.00018040462179459645	8.924245901221346e-05	7.938503062939099e-05	0.0002703413058986971	0.0002687083725946122	0.00023077693449853913	0.00019788246912091185	0.7470507949487737	0.00014311419734747708	1.8240453300758857	0.6202663906493169	0.00019944702257411397	0.7289143423638617	0.5920216037613255	0.00024192727052819006	0.5393888751242605	-0.22499072446237806	0.28957885437259306	-0.050832911766397974	0.709175513751728	1.0307828491880027	0.4993771840621606	0.0001948294968165937
I973C	missense	104	43	21	22	35	13	7	89	31	64	38	10	1	100	71	38	125	0.00032973244567265417	0.0001294890773020362	8.491913382483498e-05	7.612591888948834e-05	9.31718010367951e-05	0.0002277163305139883	0.00010334849111202976	0.0002756922172087082	0.0001307702366941284	0.00021404955411831342	0.0001675185773806967	0.00014023814987633546	2.646167687646366e-05	0.0003792287763301168	0.00025796003769082773	0.00016981698953666088	0.0002374589629450942	0.5866421606359146	9.592648276328866e-05	0.28528341737382346	0.5867334646445177	0.00019700764635046167	0.46750618058259263	0.563550764853887	0.0002611161916256749	0.30619209585935914	-0.34309003654037257	0.0208550212381844	-0.7242488116300287	-0.39571041045283956	0.35299389793859176	-0.18742769460732758	0.00018468344024647507
I973L	missense	237	552	332	210	279	67	36	385	284	305	112	114	54	284	297	173	326	0.0007473935435246828	0.0016274422670005916	0.0012853668892577295	0.0006983725602470452	0.0007246695636195174	0.0011060507482108003	0.00047798677139313764	0.0011824132871395708	0.0011646724205570812	0.0010076794393877524	0.0004853743395902238	0.001466126112343507	0.0007276961141027507	0.001070101002515676	0.001067667933775926	0.000757645030240487	0.0006162625466908397	0.5299981126468956	0.0010839628200312208	-0.2580894752397445	0.5518219998382103	0.000960034871668657	0.19535152760652505	0.5655007029863119	0.0008779191283057321	0.32216350062637883	-0.3643591764933195	-0.02754089839133453	-0.30422127299515267	0.29343654213610765	0.08647518433105313	0.13294782187238657	0.0009739722733352031
I973S	missense	198	95	91	156	87	44	30	250	150	181	79	91	50	167	166	175	345	0.0006249214922748399	0.00028252162320444263	0.0003551163778129463	0.0005196421419847682	0.0002277532914232769	0.0007319453480806766	0.00040047540305911534	0.0007688749613265084	0.0006170720544004185	0.0005993387515312776	0.0003436278510373266	0.0011729008898748055	0.0006747727603498234	0.0006307963804302933	0.0005983239763106699	0.0007663535938064696	0.0006520698506270047	0.6250199245035208	0.0003462583586063585	0.653432186840729	0.5555752141483812	0.0005822284045738828	0.22460996015286758	0.6359464680047545	0.0006618859502936093	0.8991653082851209	-0.2619028077951491	0.20558889416344137	-0.24010377338340372	0.398635309837552	0.5924024850929058	0.3021121020004967	0.0005301242378246169
I973Y	missense	74	129	129	84	29	16	7	92	89	44	29	29	4	130	82	59	160	0.00023552317548046728	0.0003825813647560161	0.0005017948816922067	0.0002813349176350656	7.764316753066258e-05	0.0002765126870527001	0.00010334849111202976	0.0002848819577823318	0.00036779129070223617	0.00014818815285114005	0.00012886044413899745	0.0003824676814809149	6.615419219115915e-05	0.0004918709871212406	0.00029737059900470416	0.00026125690697947825	0.00030341978598539816	0.5108657457022383	0.00031083858290348776	-0.44162172511139897	0.5325438957726674	0.00023243046136867639	0.045067781246891515	0.5694697563433584	0.0003384795697727053	0.35467292061933714	-0.4274109222404085	-0.17100919219294586	-0.7620373725194285	-0.45771080134218445	-0.01396034108172343	-0.31435999676756515	0.00029391620468162313
I973R	missense	176	62	57	94	101	12	10	97	117	110	78	21	17	99	106	86	311	0.0005558346941339028	0.0001854048152279155	0.00022387771644729224	0.00031443314323919094	0.0002639867696042528	0.0002114508783344177	0.00014210417527904092	0.00030019819207170446	0.00048221524780959856	0.00036553077703281215	0.00033933250289936	0.0002804762997526709	0.00023815509188817295	0.0003754740359704126	0.0003833572782349801	0.0003788225151202435	0.0005879936225307095	0.6662954948795246	0.0002469256111296629	1.049378925566604	0.6250603839971915	0.00037181917995336884	0.7662862373330092	0.6708540934798983	0.00043141186296408645	1.1850840288066349	-0.17260265500268984	0.40878295969728623	-0.07103629785468504	0.6760274444609092	1.0002497305687494	0.5424052020790977	0.000350052218015706
I973I	silent	73	11	15	98	290	4	59	32	27	125	156	3	34	63	59	97	296	0.00023238286647406104	3.531520290055533e-05	6.175937005442545e-05	0.0003276724334808411	0.000753138725047427	8.132726089785297e-05	0.0007751136833402232	0.00010108714630985967	0.00011442395710736236	0.0004149268279831922	0.0006743696576607534	5.099569086412198e-05	0.0004630793453381141	0.0002403033830210641	0.00021496669807568978	0.00042671961473314784	0.0005597246983705792	0.8817506725398173	0.00029447143287081225	3.1161892484541753	0.8185486908056486	0.00032620189726529194	2.2746372414097222	0.7264431904311783	0.00036042859855012026	1.6403989709980988	0.9791292581935467	3.029440176167115	0.9581219308865284	2.36458638841477	2.3437418202873324	2.6970132822909427	0.0003270339762287415
I973W	missense	98	22	32	30	99	10	15	52	39	78	80	5	22	44	58	75	170	0.0003108905916342168	6.768747222606438e-05	0.00012737870073725247	0.00010260449937278863	0.00025881055843554195	0.0001789199739752765	0.00020669698222405952	0.00016235208346735037	0.00016346279586766053	0.0002601525350053348	0.00034792319917529316	7.649353629618297e-05	0.0003043092840793321	0.0001689633161866857	0.00021138391977442827	0.00033092541550733913	0.000322265735425485	0.7482285625571002	0.00013912030769291185	1.8353433748817058	0.7124571224944859	0.0002334726533789097	1.4475933428622514	0.6950807005328932	0.00025838459672348455	1.3835174769969758	0.06267530964362161	0.9441357521848844	0.5996904634981644	1.776501249365353	1.5554847315803109	1.3603185007751186	0.00021032585259843535
I973M	missense	92	80	63	98	48	9	10	103	103	92	64	10	14	74	78	78	134	0.0002920487375957794	0.00023837761957874848	0.0002470374802177018	0.0003276724334808411	0.00012681717363341555	0.00016265452179570593	0.00014210417527904092	0.0003185776732189517	0.00042500326925591734	0.00030625551589235614	0.0002791976289678278	0.00014023814987633546	0.00019846257657347746	0.00028160552697780946	0.0002830394857996582	0.00034398826085631305	0.00025442031744117235	0.5912138109979438	0.00023497617672767673	0.3291381729823077	0.6027199200180097	0.0003322585218337632	0.5921296599647597	0.6227852639689833	0.0002907633977687383	0.7913655204963526	-0.05865930269585313	0.6680502987979247	0.15081245176167135	1.0400187918632098	0.57087778448114	0.8540345453305672	0.0002859993654433927
I973K	missense	59	63	31	31	9	8	3	47	20	36	19	4	3	34	47	35	64	0.00018841854038437382	0.00018834774880296178	0.0001235187401088509	0.00010591432193320116	2.5881055843554195e-05	0.00014638906961613534	5.167424555601488e-05	0.0001470358491779777	8.581796783052178e-05	0.00012184359234427071	8.590696275933165e-05	6.374461358015247e-05	5.292335375292732e-05	0.00013141591258964444	0.0001719733584605518	0.00015675414418768696	0.00012249867136056446	0.4827169532218429	0.000110915466672142	-0.7116464026665174	0.5831934939626812	0.00011015109302802545	0.43991010296723526	0.615995557365857	0.00014566052164961192	0.7357529086885212	-0.4522345059654407	-0.22749291299834862	-0.08079613514384125	0.6600142988765841	0.15467220299641302	0.21626069293911776	0.00012224236044992647
I973Q	missense	53	6	13	20	50	4	11	17	21	53	39	3	11	20	33	37	60	0.00016957668634593644	2.0600535025323943e-05	5.4039448797622264e-05	6.950627376866327e-05	0.0001319933848021264	8.132726089785297e-05	0.00015502273666804465	5.513844344174164e-05	8.990453772721329e-05	0.00017782578342136806	0.0001718139255186633	5.099569086412198e-05	0.00015877006125878198	7.884954755378666e-05	0.00012181446224289088	0.00016546270775366956	0.00011496029158452974	0.7832738045461902	6.903491059843397e-05	2.1715240538410536	0.7356637903148665	0.00012367067252724658	1.6285024700623654	0.664488822894093	0.0001202717522837192	1.1329478552086167	0.2801592538575279	1.4389999313746338	0.49323513258387763	1.6018380186522772	1.6443247930373452	1.5204189750134556	0.00010432577846979992
I973T	missense	133	75	36	58	34	7	6	81	36	68	40	2	0	106	57	61	126	0.00042080140685843485	0.0002236629517035171	0.00014281854325085884	0.00019527953106433964	9.058369545243968e-05	0.00013012361743656474	9.042992972302605e-05	0.0002511862423457119	0.000151203086177586	0.0002272218343717481	0.00017610927365662986	3.824676814809149e-05	1.323083843823183e-05	0.00040175721848834155	0.00020780114147316678	0.0002699654705454609	0.0002393435578891029	0.5585518535051325	0.0001630861803677888	0.015819775880270996	0.6018511274034946	0.00020143010913791895	0.5853569291778002	0.5775103849287736	0.00027971684709901805	0.42053148894182646	-0.15804393483176488	0.4419099527425841	-0.4610073768554473	0.036194681198171916	0.34056939799996594	0.23905231697037801	0.00021474437886824193
I973P	missense	121	63	32	38	77	8	7	64	29	47	54	2	11	88	61	41	153	0.0003831176987815601	0.00018834774880296178	0.00012737870073725247	0.00012908307985608892	0.00020187223557972272	0.00014638906961613534	0.00010334849111202976	0.0001991110457618448	0.00012259709690074538	0.00015806736304121606	0.00023624414758816203	3.824676814809149e-05	0.00015877006125878198	0.00033417189201366727	0.00022213225467821276	0.0001828798348856348	0.0002902276213773374	0.6331720719793852	0.00016167044124400646	0.7316338004653685	0.6506399337197267	0.00017900491332299205	0.9656933237054749	0.6042253614576424	0.0002573529007387131	0.6393464843454911	-0.15120451030145948	0.45747241745028183	0.6181738691921775	1.806827315005937	0.7788912028387781	1.1321498662281095	0.00019934275176857052
I973F	missense	155	44	37	37	30	39	8	117	70	69	36	49	5	109	75	37	130	0.0004898882049993719	0.0001324320108770825	0.00014667850387926044	0.00012577325729567639	8.0231273115018e-05	0.0006506180871828237	0.00011626705250103349	0.0003614631292291952	0.00029014646266509745	0.00023051490443510677	0.00015892788110476354	0.0006374461358015248	7.938503062939099e-05	0.0004130214395674539	0.00027229115089587373	0.00016546270775366956	0.00024688193766513766	0.5792615041426262	0.00012127876129175934	0.21448253342353332	0.5448842780312605	0.00026026309435854073	0.14126805441826143	0.5560751424643567	0.00027441430897053373	0.24496133726082775	-0.7478694697427156	-0.9001823578133641	-0.90470487608816	-0.6917880136064289	0.20023730836754083	-0.7959851857098965	0.00021865205487361125
S974E	missense	64	180	126	83	23	19	4	124	112	72	28	24	7	115	125	54	125	0.00020412008541640498	0.0005326709770833763	0.0004902149998070019	0.00027802509507465306	6.211453402453006e-05	0.00032530904359141186	6.45928069450186e-05	0.00038290585723431696	0.000461782398326141	0.00024039411462518277	0.0001245650960010309	0.0003187230679007624	0.00010584670750585465	0.00043554988172567866	0.00045143006595894854	0.00023948549806452176	0.0002374589629450942	0.4760795370632489	0.0003407564014973904	-0.7753175586946744	0.5220350251567581	0.0003024118665466679	-0.03685482072672866	0.5511123527908693	0.00034098110217356076	0.20431249752031674	-0.7021119791820406	-0.7960655086825615	-0.4787361438158789	0.007106765287587384	-0.20261996063369545	-0.3944793716974871	0.0003280497900725397
S974R	missense	251	94	79	93	232	28	39	176	135	187	147	43	22	222	220	270	661	0.00079135786961437	0.0002795786896293964	0.00030879685027212725	0.0003111233206787784	0.0006030286011548127	0.0004716981132075472	0.0005167424555601488	0.0005421946938437928	0.0005557735059500458	0.0006190971719114296	0.0006357115244190541	0.0005609525995053418	0.0003043092840793321	0.0008373071002140202	0.0007917940045787907	0.0011800103631906436	0.001247601852933749	0.7059200022756704	0.00037563186543377865	1.4294874094518917	0.6432695901943373	0.0005881942240310806	0.9082373190492514	0.6748895438464507	0.0010141783302293008	1.2181372883689134	0.039610005574928095	0.8916528307123477	-0.2656109626043794	0.3567851926336286	1.1852873389566856	0.6242190116729882	0.00065933480656472
S974P	missense	98	115	51	76	194	25	20	103	106	127	149	20	15	88	96	92	364	0.0003108905916342168	0.0003413802947053682	0.0002007179526768827	0.0002548563371517653	0.0005046805889493067	0.0004229017566688354	0.00027128978916907815	0.0003185776732189517	0.00043726297894599187	0.0004215129681099095	0.0006443022206949874	0.0002677273770366404	0.0002116934150117093	0.00033417189201366727	0.00034752949522236514	0.0004049482058181913	0.0006878771545631697	0.677245751948181	0.00032540879337083074	1.1544221396287684	0.6909718214857868	0.0004554139602424601	1.2801032454816217	0.7037910424389318	0.00044363168690434834	1.4548614821872692	-0.19280604109097682	0.3628120623532493	-0.10198543421377931	0.6252486239186918	1.29646228909922	0.4940303431359706	0.00040815148017254635
S974S	silent	223	95	97	207	891	23	128	134	106	303	339	13	70	134	157	327	1009	0.0007034292174349956	0.00028252162320444263	0.00037827614158335586	0.0006884430925658075	0.002308590181245034	0.0003903708523096942	0.00166649441918148	0.0004135383258130623	0.00043726297894599187	0.001001093299261035	0.001460418366908638	0.00017848491802442692	0.0009393895291144599	0.0005068899485600571	0.0005660789715993164	0.0014282044248211479	0.001903440893448771	0.8433114992768942	0.0009144577596496599	2.7474513932500813	0.764799230783553	0.0008280782427321818	1.8556297399736437	0.7683660819775179	0.001101153559607323	1.9837777986421243	0.6303264807335648	2.2357723916750873	0.7212441909050524	1.9759366985040894	2.195619643955283	2.1058545450895885	0.0009478965206630549
S974N	missense	68	44	31	62	63	19	14	55	58	50	32	9	6	53	70	48	108	0.0002166813214420299	0.0001324320108770825	0.0001235187401088509	0.00020851882130598978	0.00016563875739874684	0.00032530904359141186	0.0001937784208350558	0.00017154182404097398	0.00024110762390479928	0.00016794657323129206	0.00014174648855289722	0.00012748922716030494	9.261586906762282e-05	0.00020275597942402283	0.0002543772593895662	0.00021335980736657392	0.00020542084889694657	0.6616247183346958	0.0001575270824226675	1.0045732760408639	0.5968715403447418	0.00018058562743249065	0.54653822605383	0.6202873730240753	0.00021897847376927738	0.7709059855595264	-0.22499072446237814	0.28957885437259284	-0.13878808212152793	0.5648658386964207	0.7740058292180735	0.42722234653450675	0.00018569706120814518
S974H	missense	39	64	30	48	27	7	12	81	47	72	19	15	10	87	76	55	94	0.00012561236025624922	0.00019129068237800804	0.0001196587794804493	0.0001621813054602143	7.246695636195174e-05	0.00013012361743656474	0.00016794129805704837	0.0002511862423457119	0.00019615535504119262	0.00024039411462518277	8.590696275933165e-05	0.00020398276345648793	0.00014553922282055013	0.00033041715165396315	0.0002758739291971352	0.00024383977984751304	0.000179036519680825	0.5530723144447676	0.00013639943092015583	-0.03674414027905291	0.5520336464911626	0.00019341066869285473	0.19700143320937907	0.5659503188526788	0.0002572918450948591	0.3258461800263086	0.11080137746081507	1.0536420752105582	-0.1466134196334846	0.5520266626822193	0.16203449098554493	0.8028343689463888	0.00019570064823595657
S974G	missense	204	172	92	176	234	27	20	227	161	259	85	23	16	264	190	212	486	0.0006437633463132772	0.000509127508483006	0.0003589763384413479	0.0005858385931930189	0.0006082048123235235	0.0004554326610279766	0.00027128978916907815	0.0006984202835953941	0.0006620243232640251	0.0008561982164732537	0.00036939993986512607	0.0003059741451847319	0.00022492425344994112	0.0009950061953215934	0.0006843106555409458	0.0009274620197771479	0.0009177977377322292	0.6567687161799957	0.0005155368131102241	0.9579908012528918	0.5866746893523368	0.0006465106907994497	0.46704799387126994	0.6254087721997846	0.0008811441520929791	0.8128539519327019	-0.22499072446237806	0.28957885437259306	-0.13364844246911697	0.5732985405506277	0.7459642490189546	0.43143869746161034	0.0006810638853342177
S974W	missense	54	52	48	46	51	16	18	119	68	90	57	6	26	54	116	96	212	0.00017271699535234268	0.0001559754794774527	0.00018913807079167793	0.0001555616603393892	0.00013458149038648182	0.0002765126870527001	0.0002454526663910707	0.00036758962294494425	0.0002819733228717144	0.0002996693757656388	0.0002491301920020618	8.924245901221346e-05	0.0003572326378322594	0.00020651071978372695	0.0004191850612475951	0.00042236533295015655	0.0004014187230738497	0.6057640010778157	0.00015881417524875042	0.46871468900584345	0.5897767019467361	0.0002995906283960898	0.4912299399981372	0.6756995912036348	0.0003623699592638321	1.2247721625769232	-0.051747308279523126	0.6837778894288774	0.6023796020089456	1.7809133686654768	0.728238930526968	1.232345629047177	0.0002735915876362241
S974Q	missense	76	20	9	40	51	3	4	42	40	37	29	2	1	56	54	58	158	0.00024180379349327975	6.180160507597183e-05	3.8599606284015906e-05	0.000135702724976914	0.00013458149038648182	6.506180871828237e-05	6.45928069450186e-05	0.00013171961488860502	0.00016754936576435204	0.00012513666240762937	0.00012886044413899745	3.824676814809149e-05	2.646167687646366e-05	0.00021402020050313521	0.0001970528065693823	0.00025690262519648696	0.0002996505960973808	0.7313714513316371	9.267135668084589e-05	1.673637112478562	0.6134797259435244	0.00013831652179989597	0.6760084448852723	0.6659172720990348	0.0002419065570915963	1.144647888179859	-0.0031419748460217757	0.7943747361099195	-0.15997738119146607	0.5301001637385283	1.1647644818478977	0.6622374499242238	0.0001576314785241127
S974A	missense	142	123	82	88	165	30	49	173	133	139	67	12	16	200	181	132	221	0.00044906418791609094	0.0003649237633057384	0.000320376732157332	0.0002945742078767157	0.0004296255270029996	0.0005042290175666884	0.000645928069450186	0.0005330049532701692	0.0005476003661566627	0.00046102980887021355	0.0002920836733817276	0.00016573599530839644	0.00022492425344994112	0.0007547028123005295	0.0006520656508295923	0.0005791194771378435	0.0004183800775699279	0.6399257484309028	0.00035237505758569645	0.7964202138577989	0.5698297091536864	0.00045842970041969327	0.3357318269390769	0.5687503239106171	0.0006010670044594733	0.34878024823411446	0.10755632264766794	1.0462582593967602	0.13261944693565234	1.010169192298773	0.4936440963436634	1.0282137258477666	0.00047062392082162103
S974V	missense	180	250	143	118	174	28	22	208	136	141	105	28	12	189	232	120	271	0.0005683959301595277	0.0007386763273366157	0.000555834330489829	0.0003938688846890918	0.00045291847726219837	0.0004716981132075472	0.0002971269119470856	0.000640218593295778	0.0005598600758467373	0.00046761594899693084	0.0004553069026244577	0.00036971875876488436	0.0001720008996970138	0.0007134006683437841	0.0008347873441939286	0.0005268680957419479	0.0005126098247703621	0.5655011010488754	0.0005353245049444337	0.08248225628886306	0.586906574692951	0.000530750380190976	0.46885567151399393	0.5810273716389606	0.0006469164832625056	0.449338155868623	-0.20072214973544134	0.3447997046094204	-0.33234076772790416	0.2473003669548368	0.33355869455716	0.2960500357821286	0.0005709971227993051
S974C	missense	112	74	59	58	45	15	1	72	57	54	29	21	4	38	62	45	118	0.000354854917723904	0.00022072001812847083	0.00023159763770409542	0.00019527953106433964	0.0001190528568803493	0.0002602472348731295	2.583712277800744e-05	0.0002236170206248411	0.00023702105400810777	0.00018111885348472674	0.00012886044413899745	0.0002804762997526709	6.615419219115915e-05	0.00014643487402846094	0.00022571503297947427	0.0002002969620176	0.00022426679833703343	0.5693488601555327	0.0001916625109443138	0.11939289509543036	0.5698215252102424	0.00019265434306416828	0.3356680284619773	0.6576462489737155	0.00019917841684064216	1.0769022218044975	-1.0031419748460217	-1.481030839131192	-0.6273387986219723	-0.23670835940419918	0.5106543817873017	-0.8588695992676956	0.00019449842361637473
S974L	missense	198	187	175	194	219	27	42	153	155	240	136	67	37	198	236	239	401	0.0006249214922748399	0.0005532715121087002	0.0006793530705986798	0.0006454153992804445	0.0005693832285581922	0.0004554326610279766	0.0005554981397271599	0.00047174001611267847	0.0006375049038838761	0.000793629885269439	0.0005884626949014218	0.0008669267446900737	0.0005027718606528096	0.0007471933315811211	0.0008491184573989747	0.001045027627917913	0.000757607167491491	0.625735338598582	0.0006118558026365043	0.6602949842581249	0.6504026711413934	0.0006228343750418539	0.9638437274473753	0.6333537160929983	0.000849736646097375	0.8779287933647087	0.08625843638328913	0.9977969302499415	-0.236611438225211	0.40436524873515345	0.8340225016900696	0.7010810894925474	0.0006948089412585778
S974T	missense	119	61	48	58	136	18	26	73	54	112	110	34	77	95	75	92	238	0.00037683708076874763	0.0001824618816528692	0.00018913807079167793	0.00019527953106433964	0.00035457046505669244	0.00030904359141184127	0.00034880115750310044	0.00022668026748271563	0.0002247613443180332	0.0003721169171595295	0.0004767836433142906	0.00044621229506106735	0.0010320053981820827	0.00036045507453159615	0.00027229115089587373	0.0004049482058181913	0.00045041819161807553	0.6958756904400311	0.00023036248714139478	1.3331347127395714	0.7112912969635923	0.00032508554306864227	1.4385050721594514	0.658813503090839	0.0003720281557159342	1.0864628779404772	0.0525581753520802	0.921115168412448	0.3641404362044198	1.390029962222351	1.2860342209464999	1.1555725653173996	0.0003091587286419904
S974D	missense	31	20	15	30	74	4	18	23	18	40	52	0	6	27	18	50	187	0.00010048988820499937	6.180160507597183e-05	6.175937005442545e-05	0.00010260449937278863	0.00019410791882665645	8.132726089785297e-05	0.0002454526663910707	7.351792458898885e-05	7.764482803713875e-05	0.00013501587259770538	0.00022765345131222885	1.2748922716030496e-05	9.261586906762282e-05	0.00010513273007171553	6.807278772396843e-05	0.00022206837093255652	0.00035430384947363264	0.7552021724186473	0.00010506834833246058	1.9022395572160247	0.7514463743277536	0.00012845801913401547	1.7515366566518924	0.7753361318428638	0.00018739443455046827	2.0408675523089808	0.479731608762732	1.8931079803899329	0.8612119178784721	2.20558433736613	1.8982145887256323	2.0493461588780315	0.00014030693400564811
S974Y	missense	66	76	49	64	48	7	13	58	66	40	39	14	3	64	52	49	138	0.00021040070342921743	0.00022660588527856338	0.0001929980314200795	0.00021513846642681487	0.00012681717363341555	0.00013012361743656474	0.0001808598594460521	0.0001807315646145976	0.00027380018307833135	0.00013501587259770538	0.0001718139255186633	0.00019123384074045744	5.292335375292732e-05	0.0002440581233807682	0.0001898872499668593	0.00021771408914956524	0.0002619586972172071	0.579497042045445	0.00019038988918971834	0.2167419925568144	0.5978221715623178	0.0001903403864523244	0.5539489351307195	0.6361546273223034	0.00022840453992859996	0.900870283771941	0.14298606083221632	1.1268752831912145	-0.5579173898635037	-0.12280736985046839	0.5571870704864916	0.5020339566703731	0.00020304493852354758
S974_	nonsense	66	112	87	73	97	14	14	104	65	61	39	18	9	74	62	50	171	0.00021040070342921743	0.0003325514939802294	0.0003396765352993399	0.00024492686947052766	0.0002536343472668311	0.00024398178269355888	0.0001937784208350558	0.00032164092007682624	0.00026971361318163983	0.00020417034392823742	0.0001718139255186633	0.00024222953160457942	0.0001323083843823183	0.00028160552697780946	0.00022571503297947427	0.00022206837093255652	0.0003241503303694937	0.5896070901427405	0.00029269731150423204	0.3137252816069665	0.5584483105237382	0.0002418347006763417	0.24700737462230643	0.6397108599422207	0.0002633848153148335	0.929998403107575	-0.10005198785407819	0.5738651522146992	-0.26263972308861383	0.36166016027112363	0.49691035311228265	0.46776265624291147	0.0002659722758318024
S974I	missense	73	41	37	42	32	7	6	70	37	46	44	4	4	59	76	41	74	0.00023238286647406104	0.00012360321015194366	0.00014667850387926044	0.00014232237009773906	8.540748428372885e-05	0.00013012361743656474	9.042992972302605e-05	0.00021749052690909202	0.0001552896560742775	0.0001547742929778574	0.0001932906662084962	6.374461358015247e-05	6.615419219115915e-05	0.0002252844215822476	0.0002758739291971352	0.0001828798348856348	0.00014134462080065132	0.595145444671778	0.000124502892103168	0.366853400581549	0.6123213154738524	0.0001802112855424308	0.6669779787869127	0.5727797614096183	0.0002063457016164172	0.38178425805873534	-0.15804393483176488	0.4419099527425841	0.01611387786421517	0.8190163499252244	0.47187187914239903	0.6304631513339043	0.00017035329308733865
S974M	missense	65	20	10	30	57	0	13	33	39	62	44	3	9	34	42	51	183	0.00020726039442281122	6.180160507597183e-05	4.245956691241749e-05	0.00010260449937278863	0.00015011012389261433	1.6265452179570593e-05	0.0001808598594460521	0.0001041503931677342	0.00016346279586766053	0.0002074634139915961	0.0001932906662084962	5.099569086412198e-05	0.0001323083843823183	0.00013141591258964444	0.00015405946695424435	0.00022642265271554784	0.0003467654696975979	0.738827916777659	8.924394881344807e-05	1.7451652136987206	0.683242947324912	0.00016709181730887175	1.2198522913375098	0.7295828568827873	0.00021466587548925862	1.6661151118839226	1.04607604782416	3.181771274537106	0.41405388653625275	1.471923883514221	1.5437108723067177	2.3268475790256633	0.00015700054720385948
S974F	missense	71	4	17	39	62	5	7	38	33	56	45	8	39	57	69	44	121	0.0002261022484612486	1.4714667875231389e-05	6.947929131122863e-05	0.00013239290241650144	0.00016305065181439142	9.759271307742355e-05	0.00010334849111202976	0.00011946662745710689	0.00013894337648751146	0.0001877049936114441	0.00019758601434646277	0.00011474030444427445	0.0005292335375292732	0.00021777494086283933	0.00025079448108830476	0.00019594268023460871	0.00022992058316905948	0.7922389927797953	9.490937835433821e-05	2.25752497426015	0.6799788979193947	0.0001609252529756313	1.1944071764394721	0.6224264589392031	0.00022360817133870308	0.7884266475814798	0.024886748754221824	0.8581514500568059	0.6639313597528527	1.8819024762215413	1.4134529327603673	1.3700269631391735	0.0001598142675562242
S974K	missense	71	16	25	9	55	0	20	12	8	32	41	1	14	21	15	32	100	0.0002261022484612486	5.002987077578672e-05	0.00010035897633844135	3.309822560412536e-05	0.00014493391272390349	1.6265452179570593e-05	0.00027128978916907815	3.982220915236896e-05	3.677912907022362e-05	0.00010867131209083605	0.00018040462179459645	2.549784543206099e-05	0.00019846257657347746	8.260428791349079e-05	5.732445282018394e-05	0.00014369129883871304	0.0001903440893448771	0.7077639617856677	8.210524636056423e-05	1.4471760748700793	0.7937414896274536	9.141931802700626e-05	2.0812510496410113	0.7330214264443274	0.00011849103222931621	1.6942794856010588	1.222167306879841	3.5824503071436298	0.8911751412559152	2.254745552241274	1.7409022033707167	2.918597929692452	9.73385322056289e-05
S975S	silent	226	741	522	439	237	108	65	535	385	325	139	133	33	295	354	245	364	0.0007128501444542143	0.002183656712684338	0.002018759408654032	0.001456321926581516	0.0006159691290765898	0.0017729342875731945	0.0008526250516742456	0.001641900315820751	0.001577415980122924	0.0010735408406549259	0.0006013487393153216	0.0017083556439480864	0.00044984850689988224	0.0011114031464724214	0.0012718862969478312	0.001071153318615861	0.0006878771545631697	0.5201046621705419	0.0015686767942491191	-0.35299499478007734	0.532402498972643	0.0012235514689784806	0.04396551305917576	0.5806012396530558	0.0010355799791498207	0.44584782644848103	-0.31793455025283307	0.0780939549847531	-0.5795120034583374	-0.15823805184713646	0.04560611490919314	-0.04007204843119168	0.0012759360807924735
S975D	missense	68	49	32	64	60	32	21	83	89	65	32	69	20	71	53	61	83	0.0002166813214420299	0.0001471466787523139	0.00012737870073725247	0.00021513846642681487	0.00015787444064568057	0.0005367599219258296	0.00028420835055808184	0.00025731273606146096	0.00036779129070223617	0.0002173426241816721	0.00014174648855289722	0.0008924245901221347	0.00027784760720286846	0.0002703413058986971	0.00019347002826812078	0.0002699654705454609	0.00015830597529672947	0.6481536601500564	0.00016188457164051544	0.8753486158652309	0.5618585050669404	0.0002460482848745666	0.27359177369107246	0.5886229737662432	0.00022302069500225208	0.5115516353666635	-0.2761432469097594	0.17318611960817545	-0.5067648674161224	-0.03888048001743229	0.553497341640989	0.06715281979537158	0.00021031785050577801
S975W	missense	94	568	364	125	84	62	26	253	168	111	76	61	21	120	79	69	251	0.0002983293556085919	0.001674529204201332	0.0014088856293665805	0.00041703764261197956	0.00021998897467021065	0.0010247234873129473	0.00034880115750310044	0.0007780647019001321	0.0006906303125408657	0.0003688238470961708	0.0003307418066234268	0.0007904332083938907	0.00029107844564110026	0.0004543235835241993	0.0002866222641009197	0.0003047997248093913	0.0004749179258901884	0.4450660880537353	0.0009301103627125256	-1.0728222056346264	0.5290835371119006	0.0005420651670401489	0.018092324453008526	0.6315728288913467	0.00038016587458117464	0.8633420380882166	-0.46802877314867253	-0.26343127660392207	-0.4338551308118325	0.0807438735623621	-0.06379594769780043	-0.09134370152077999	0.0006174471347779497
S975R	missense	225	268	167	236	201	61	56	327	170	262	140	92	54	198	167	188	376	0.000709709835447808	0.0007916491316874487	0.0006484733855714672	0.0007844279468177711	0.0005227973280397947	0.0010084580351333767	0.000736357999173212	0.0010047449693828476	0.0006988034523342487	0.0008660774266633297	0.0006056440874532881	0.001185649812590836	0.0007276961141027507	0.0007471933315811211	0.0006019067546119314	0.0008229592569853566	0.0007104922938912739	0.5944887169172325	0.0006868369480291204	0.3605535672836854	0.5844511375302511	0.0007938174839584285	0.44971414730048104	0.6298112489936465	0.0007206379092674207	0.8489134236066759	-0.13656882167984064	0.49077454493740624	-0.21200638119547607	0.44473522096466267	0.5530603793969474	0.46775488295103446	0.0007337641137516566
S975G	missense	209	276	201	245	195	63	50	282	181	221	125	96	104	240	210	181	375	0.0006594648913453083	0.0008151926002878189	0.0007797120469371213	0.000814216349861484	0.0005072686945336622	0.001040988939492518	0.0006588466308391897	0.0008668988607784936	0.0007437557211978554	0.0007310615540656243	0.0005412138653837894	0.001236645503454958	0.0013892380360143422	0.0009048924266886945	0.0007559662215661757	0.0007924792845044174	0.0007086076989472653	0.5868849198679914	0.0007290974229050216	0.28761214900274606	0.5820857967056579	0.0007207325003564407	0.43127497510135276	0.6031645075287103	0.0007904864079266382	0.6306573227685612	-0.19866178574002893	0.34948786833160783	0.0505314426679084	0.8754858851778076	0.4498481489575534	0.6124868767547077	0.0007467721103960335
S975C	missense	95	154	107	129	147	18	20	162	185	136	70	7	10	128	123	116	269	0.00030146966461499814	0.00045615470413217304	0.00041687574786737175	0.00043027693285362974	0.00038303962648460205	0.00030904359141184127	0.00027128978916907815	0.0004993092378335493	0.0007601020007846214	0.0004511505986801375	0.00030496971779562734	0.00010199138172824396	0.00014553922282055013	0.0004843615064018323	0.0004442645093564255	0.0005094509686099826	0.0005088406348823447	0.6097344551142324	0.00042158675283444414	0.5068023111188535	0.5696814687691234	0.0005038828887734838	0.33457620913152836	0.6339002125285388	0.0004867294048126463	0.882404994753158	-0.05658629407298782	0.6727672341759152	0.1544165760304966	1.0459321452225758	0.5745945050011799	0.8593496896992455	0.00047073301547352473
S975I	missense	83	35	21	61	43	29	10	96	77	64	39	76	11	60	74	52	131	0.00026378595653812334	0.00010594560870166599	8.491913382483498e-05	0.00020520899874557725	0.00011387664571163845	0.00048796356538711777	0.00014210417527904092	0.00029713494521382995	0.00031875245194193803	0.00021404955411831342	0.0001718139255186633	0.0009816670491343482	0.00015877006125878198	0.0002290391619419517	0.0002687083725946122	0.00023077693449853913	0.00024876653260914633	0.6603178906292457	0.00012748759674592917	0.9920371883905668	0.5650217698775507	0.0002504377191981862	0.2982512155557842	0.6277180586270822	0.00024432275041106233	0.831768679348944	-0.5357805574155156	-0.4175940642572297	-0.7911956012606418	-0.5055512466263359	0.7073523610984317	-0.46157265544178283	0.00020741602211839257
S975A	missense	186	209	122	123	252	25	42	142	96	168	122	30	19	168	177	153	337	0.000587237784197965	0.0006180160507597184	0.00047477515729339563	0.0004104179974911545	0.000654790712841921	0.0004229017566688354	0.0005554981397271599	0.0004380443006760586	0.00039639727997907675	0.0005565288407076149	0.0005283278209698896	0.00039521660419694534	0.0002646167687646366	0.0006345511207899974	0.0006377345376245464	0.0006705593945806609	0.0006369930910749352	0.6276625827260656	0.0005394999795965474	0.6787825792217878	0.6530689910577832	0.00047982456058316	0.9846292022360795	0.6269454111832177	0.000644959536017535	0.8254401375029435	0.11844311975469037	1.0710301382305978	-0.17421782030607633	0.5067356118540075	0.8296173063202703	0.7888828750423027	0.0005547613587324141
S975Y	missense	73	29	20	105	466	8	61	45	23	120	199	6	65	46	48	51	230	0.00023238286647406104	8.828800725138832e-05	8.10591731964334e-05	0.00035084119140372887	0.0012086453078939809	0.00014638906961613534	0.0008009508061182307	0.00014090935546222862	9.807767752059631e-05	0.0003984614776663988	0.0008590696275933165	8.924245901221346e-05	0.0008732353369233009	0.00017647279690609393	0.00017555613676181332	0.00022642265271554784	0.0004353414320660061	0.8875219217638609	0.0004322084199363829	3.17155147089757	0.8300480172781245	0.0003741295345606351	2.3642810080903387	0.727026795210506	0.0002534482546123653	1.6451791165830345	0.7380971922048508	2.4809944694045525	0.990559773391827	2.4178077566701486	2.393670531856981	2.4494011130373505	0.0003532620697031278
S975T	missense	130	273	212	209	97	65	19	356	240	145	66	77	8	273	272	106	124	0.0004113804798392162	0.0008063637995626801	0.0008221716138495387	0.0006950627376866326	0.0002536343472668311	0.0010735198438516591	0.0002583712277800744	0.0010935791282612093	0.0009848633451026547	0.00048078822925036555	0.000287788325243761	0.0009944159718503786	0.00011907754594408647	0.0010287988585589306	0.0009780984762443885	0.0004659081507800696	0.00023557436800108553	0.538410158271393	0.0006443081245914206	-0.17739472043220295	0.4967321742356495	0.0007117547569644976	-0.23410488313302916	0.49153165575581353	0.0006770949633961186	-0.283696538676464	-0.6185659277319656	-0.6059643574236802	-0.9217382153869403	-0.7197349284880556	-0.23173204741389872	-0.6628496429558679	0.000677719281650679
S975H	missense	54	40	27	100	351	11	32	76	43	148	142	10	37	65	53	87	288	0.00017271699535234268	0.00012066027657689738	0.00010807889759524453	0.00033429207860166617	0.0009110131656931076	0.0001951854261548471	0.0004263125258371228	0.00023587000805633924	0.00017980907545442657	0.0004906674394404416	0.0006142347837292212	0.00014023814987633546	0.0005027718606528096	0.00024781286374047235	0.00019347002826812078	0.0003831767969032348	0.0005446479388185097	0.8452504734437001	0.0003685111046167289	2.7660515116936737	0.7438651245293577	0.00038014532667010717	1.6924365180740761	0.7236237286965492	0.00034227690693258445	1.6173055385244826	0.33928070597618454	1.5735252131417754	0.5545047893228002	1.7023642778709707	2.0252645227640778	1.6379447455063731	0.00036364444607314017
S975P	missense	105	24	23	74	139	9	14	45	46	70	73	8	20	67	69	74	204	0.0003328727546790604	7.357333937615695e-05	9.263905508163816e-05	0.00024823669203094024	0.0003623347818097587	0.00016265452179570593	0.0001937784208350558	0.00014090935546222862	0.0001920687851445011	0.00023380797449846542	0.0003178557622095271	0.00011474030444427445	0.00027784760720286846	0.0002553223444598806	0.00025079448108830476	0.00032657113372434784	0.00038634196352178027	0.7894411666414508	0.0001941959670746235	2.2306860929337873	0.7059053957706997	0.00022116046932868058	1.3965189200960109	0.6730746515174805	0.0003047574806985784	1.2032720064850748	0.07603927120160305	0.9745441848212232	0.3840906631588096	1.4227626686390773	1.6101590065049578	1.1986534267301503	0.00024003797236729415
S975N	missense	64	11	17	15	77	2	11	28	15	51	46	6	13	23	19	39	149	0.00020412008541640498	3.531520290055533e-05	6.947929131122863e-05	5.295716096660058e-05	0.00020187223557972272	4.8796356538711774e-05	0.00015502273666804465	8.883415887836153e-05	6.53851183470642e-05	0.00017123964329465073	0.00020188136248442935	8.924245901221346e-05	0.00018523173813524564	9.011376863289904e-05	7.165556602522992e-05	0.00017417127131965217	0.00028268924160130263	0.7929355084955455	8.990597268952681e-05	2.2642064840154448	0.7304812589961927	0.00013183507075112643	1.5881017014209857	0.7624493420543923	0.00015465746189477096	1.9353154158403145	0.5020080034738843	1.9437958131119604	0.31714387352819634	1.3129218324655807	1.9292078670922483	1.6283588227887704	0.0001254661684451414
S975_	nonsense	77	75	74	40	47	11	5	75	61	53	37	10	5	79	97	57	89	0.00024494410249968596	0.0002236629517035171	0.00028949704713011925	0.000135702724976914	0.00012422906804906013	0.0001951854261548471	7.751136833402232e-05	0.0002328067611984647	0.0002533673335948738	0.00017782578342136806	0.00016322322924273012	0.00014023814987633546	7.938503062939099e-05	0.0003003792287763301	0.00035111227352362665	0.0002525483434134957	0.00016961354496078157	0.5519013107697898	0.00019327294796490262	-0.04797730027950267	0.5820411924730752	0.00020680577686435917	0.43092725983053404	0.5678515541164867	0.0002684133476685585	0.3414186730457899	-0.40108198351805935	-0.11110017823393102	-0.24712755691036625	0.38711125827421305	0.2414562108656071	0.138005540020141	0.00022283069083260678
S975L	missense	201	140	81	82	84	37	36	178	84	91	80	33	19	147	88	81	203	0.0006343424192940585	0.00041495363408152516	0.0003165167715289304	0.00027471527251424053	0.00021998897467021065	0.0006180871828236825	0.00047798677139313764	0.0005483211875595418	0.0003473584412187786	0.00030296244582899746	0.00034792319917529316	0.00043346337234503684	0.0002646167687646366	0.0005557015732362107	0.0003188672688122732	0.00035705110620528696	0.0003844573685777716	0.5611127434191204	0.00030654366319872667	0.04038578430711054	0.5728206665856128	0.0003866413184456528	0.35904803513796835	0.5882173557207447	0.0004040193292078856	0.5082293299674626	-0.11163386040389335	0.5475116948431179	-0.21433504351405883	0.44091454162140886	0.30255438313751387	0.4942131182322634	0.00036573477028408835
S975E	missense	72	34	19	80	85	5	21	40	15	89	87	9	15	62	49	59	149	0.00022924255746765483	0.00010300267512661972	7.719921256803181e-05	0.0002680956273934154	0.00022257708025456607	9.759271307742355e-05	0.00028420835055808184	0.00012559312117285594	6.53851183470642e-05	0.0002963763057022801	0.00037799063614105924	0.00012748922716030494	0.0002116934150117093	0.00023654864266135997	0.0001791389150630748	0.00026125690697947825	0.00028268924160130263	0.7274072967632121	0.00016771864883565824	1.635609919665119	0.7677441548098539	0.00021633629534081487	1.8785870916879146	0.6537270793125529	0.0002399084265763039	1.0448013853891347	0.46421944258448444	1.8578115109838818	0.22023386052013996	1.1539197814169404	1.5196661322473892	1.505865646200411	0.00020798779025092565
S975V	missense	200	171	97	128	164	21	38	153	103	160	133	23	27	124	115	109	250	0.0006312021102876523	0.0005061845749079598	0.00037827614158335586	0.0004269671102932172	0.0004270374214186442	0.000357839947950553	0.0005038238941711451	0.00047174001611267847	0.00042500326925591734	0.0005301842802007456	0.000575576650487522	0.0003059741451847319	0.0003704634762704913	0.00046934254496301583	0.00041560228294633357	0.0004789709961290435	0.00047303333094617973	0.6114283674959011	0.00043461631205079425	0.5230516100891479	0.6510106140306827	0.0005006260540142158	0.9685829867990459	0.630065536989021	0.00045923728874614313	0.8509962263551251	0.14858993835021492	1.139626377338637	0.08306066749482832	0.9288571860987209	0.7808769410811064	1.0342417817186789	0.0004648265516037178
S975F	missense	70	11	15	21	19	7	3	26	9	25	17	2	1	26	41	27	35	0.00022296193945484235	3.531520290055533e-05	6.175937005442545e-05	7.28160963290758e-05	5.176211168710839e-05	0.00013012361743656474	5.167424555601488e-05	8.270766516261246e-05	4.086569896691513e-05	8.561982164732537e-05	7.731626648339847e-05	3.824676814809149e-05	2.646167687646366e-05	0.00010137798971201142	0.00015047668865298284	0.00012191988992375652	6.784541798431263e-05	0.6590608475391556	5.541319524279124e-05	0.9799786727256098	0.6374690156019737	7.162736306506286e-05	0.8630185528357724	0.5884429719196225	0.00011040499656826585	0.5100772899485271	-0.4010819835180594	-0.11110017823393115	-0.15997738119146607	0.5301001637385283	0.7843581718366365	0.20949999275229858	7.914851829203999e-05
S975K	missense	65	62	54	107	132	17	47	98	59	102	91	19	38	76	64	64	115	0.00020726039442281122	0.0001854048152279155	0.00021229783456208748	0.00035746083652455393	0.00034421804271927075	0.00029277813923227067	0.0006200909466721786	0.000303261438929579	0.00024519419380149076	0.0003391862165259428	0.00039517202869292553	0.0002549784543206099	0.0005160026990910413	0.00028911500769721775	0.00023288058958199724	0.0002830283158944348	0.00021861301350500738	0.6956764062361973	0.0002748453822584569	1.331223026726059	0.6610266401823375	0.0003207034694874845	1.0466635868720149	0.605295960894584	0.00025590923166966427	0.6481154686873043	0.325916744418203	1.5431167805054362	0.30614848922673316	1.2948815020421875	1.0086673607617926	1.4189991412738119	0.0002838193611385352
S975Q	missense	72	49	30	33	59	21	4	77	51	56	22	64	3	48	56	41	93	0.00022924255746765483	0.0001471466787523139	0.0001196587794804493	0.00011253396705402623	0.00015528633506132515	0.000357839947950553	6.45928069450186e-05	0.00023893325491421377	0.00021250163462795867	0.0001877049936114441	9.879300717323138e-05	0.0008286799765419822	5.292335375292732e-05	0.0001839822776255022	0.0002042183631719053	0.0001828798348856348	0.00017715192473681632	0.6290435192669518	0.00013365644008702865	0.6920295753206999	0.5495836935045908	0.000184483222581712	0.17790266125674342	0.6180119327015149	0.00018705810010496467	0.7522684822405796	-0.7435046643402655	-0.8902506552657866	-1.194739487450678	-1.1676531657233922	0.540733572939341	-1.0289519104945895	0.00016839925425790177
S975M	missense	55	75	63	48	30	20	15	68	67	49	19	5	9	42	27	27	100	0.0001758573043587489	0.0002236629517035171	0.0002470374802177018	0.0001621813054602143	8.0231273115018e-05	0.00034157449577098246	0.00020669698222405952	0.00021136403319334295	0.0002778867529750229	0.0001646535031679334	8.590696275933165e-05	7.649353629618297e-05	0.0001323083843823183	0.00016145383546727743	0.00010031779243532189	0.00012191988992375652	0.0001903440893448771	0.5347002854140277	0.00017827825262411277	-0.21298264921381055	0.5422754436144621	0.00018495281302390772	0.12093071167670137	0.6485771217343963	0.00014350890179280822	1.0026195050279199	-0.2181512999320727	0.3051413190802907	0.23796262748057148	1.183007697327525	0.3035225224969369	0.7440745082039079	0.00016891332248027623
V976D	missense	57	85	50	148	745	74	54	75	62	234	338	68	98	47	46	141	743	0.00018213792237156137	0.0002530922874539799	0.0001968579920484811	0.000493163561501468	0.0019307267659291428	0.0012199089134677945	0.0007105208763952046	0.0002328067611984647	0.0002574539034915653	0.000773871464889287	0.0014561230187706714	0.0008796756674061041	0.0013098530053849513	0.00018022753726579807	0.00016839058015929032	0.0006183080131847653	0.001402138638342461	0.8567982159493244	0.000718460151733268	2.876826261578324	0.8173701135467774	0.000680063787087497	2.2654495637607557	0.842155878882722	0.0005922661922380787	2.588169648030483	-0.2347505617515344	0.2673712661914006	0.17289998172450982	1.0762582108631602	2.5768151577898544	0.6718147385272804	0.0006635967103529478
V976P	missense	54	29	24	38	72	6	6	60	37	52	15	9	2	63	66	40	62	0.00017271699535234268	8.828800725138832e-05	9.649901571003975e-05	0.00012908307985608892	0.00018893170765794563	0.00011385816525699414	9.042992972302605e-05	0.00018685805833034666	0.0001552896560742775	0.0001745327133580094	6.872557020746531e-05	0.00012748922716030494	3.9692515314695496e-05	0.0002403033830210641	0.00024004614618452024	0.00017852555310264348	0.0001187294814725471	0.7081627786526353	0.00012570045261886564	1.4510018303081316	0.5534354772057632	0.0001463514994925247	0.20792949806658337	0.5564815142585128	0.00019440114094519372	0.24828981640713516	-0.10005198785407812	0.5738651522146996	-0.5067648674161224	-0.03888048001743229	0.6357403815939501	0.26749233609863365	0.0001554843643521947
V976I	missense	59	115	76	62	39	20	18	91	56	48	41	17	4	73	43	65	141	0.00018841854038437382	0.0003413802947053682	0.00029721696838692246	0.00020851882130598978	0.00010352422337421678	0.00034157449577098246	0.0002454526663910707	0.00028181871092445725	0.00023293448411141625	0.00016136043310457473	0.00018040462179459645	0.0002294806088885489	6.615419219115915e-05	0.00027785078661810535	0.00015764224525550584	0.0002873825976774261	0.0002676124820492332	0.5195097380004029	0.00023766007694312431	-0.3587019609784818	0.5701534864515548	0.00021412956248376114	0.3382558544650432	0.6374970503880296	0.00024762202790006764	0.9118657003929972	-0.14351768163516843	0.47496307025348367	-0.5401886229030721	-0.09371945393988396	0.29713986462651953	0.19062180815679985	0.0002331372224423177
V976G	missense	272	325	232	359	885	50	194	284	219	397	358	69	251	198	187	287	769	0.0008573043587489008	0.0009593963454650865	0.0008993708264175706	0.0011915361217485132	0.0022930615477389014	0.0008295380611581002	0.0025191194708557257	0.0008730253544942426	0.0008990453772721328	0.00131064188521675	0.001542029981530003	0.0008924245901221347	0.0033341712864344212	0.0007471933315811211	0.0006735623206371613	0.0012540331535014957	0.0014511381068866868	0.725432055212507	0.001335841210342518	1.6166618968256279	0.6903714865620165	0.0011561856496282823	1.2754232945327113	0.706566676282937	0.0010314817281516162	1.4775959325118635	0.48241244741050354	1.8992079755953941	0.5724163786315024	1.731752153790333	1.456560374623401	1.8154800646928635	0.001174502862707472
V976W	missense	106	704	518	205	69	99	24	496	321	169	45	167	20	228	263	103	161	0.00033601306368546665	0.0020747681704076258	0.0020033195661404253	0.0006818234474449825	0.00018116739090487936	0.0016265452179570592	0.000322964034725093	0.0015224336883636442	0.0013158755067346672	0.0005598219107709736	0.00019758601434646277	0.002141819016293123	0.00027784760720286846	0.000859835542372245	0.000945853471533035	0.0004528453054310957	0.00030530438092940684	0.4478550115359086	0.0012352696437244782	-1.0460687253734664	0.4605475257140293	0.000898929280053937	-0.5161847247008156	0.5198548493803995	0.0006409596750664455	-0.05170908115114346	-0.7021119791820405	-0.7960655086825613	-0.8869761091277284	-0.6627000976958445	-0.5379875104084751	-0.7293828031892029	0.0009250528662816202
V976S	missense	107	37	39	260	1104	54	87	54	46	254	398	32	305	45	77	162	734	0.0003391533726918729	0.00011183147585175854	0.00015439842513606362	0.000863863688267672	0.0028598566707127384	0.0008945998698763826	0.0011368334022323274	0.00016847857718309945	0.0001920687851445011	0.0008397328661564603	0.0017138439070486663	0.0004207144496290064	0.00404863656209894	0.0001727180565463898	0.0002794567074983967	0.0007097479306275826	0.0013851772838463828	0.9055028967888009	0.0009974875649920582	3.344038691676848	0.8516444317772149	0.0007285310338831818	2.532637298098124	0.8246225579744759	0.000636774994629688	2.4445590582999253	0.1040679948018466	1.0383208987681096	0.9833213644679076	2.4059315652477378	2.7737450160249657	1.7221262320079238	0.0007875978645016426
V976L	missense	154	88	62	116	125	7	16	102	76	159	69	11	20	92	88	128	216	0.0004867478959929657	0.0002619210881791187	0.00024317751958930018	0.00038724923956826675	0.00032610130362878284	0.00013012361743656474	0.00021961554361306325	0.00031551442636107717	0.0003146658820452465	0.0005268912101373869	0.0003006743696576608	0.00015298707259236595	0.00027784760720286846	0.00034919085345248374	0.0003188672688122732	0.0005617023500058783	0.0004089571028498845	0.6595328697202133	0.0003046122877413671	0.9845066693466987	0.6393805205814036	0.0003644364720503428	0.8779198174267899	0.6572000138854587	0.00040967939378012996	1.0732472334244645	0.2273069465322522	1.3187394966223445	0.2591519265505096	1.2177733722854174	0.9785579067326511	1.268256434453881	0.0003595760511906133
V976E	missense	53	37	33	65	386	10	77	73	41	145	164	7	80	67	59	98	356	0.00016957668634593644	0.00011183147585175854	0.00013123866136565408	0.0002184482889872274	0.0010015968611455472	0.0001789199739752765	0.0010076477883422903	0.00022668026748271563	0.00017163593566104355	0.00048078822925036555	0.0007087324427644861	0.00010199138172824396	0.0010716979134967784	0.0002553223444598806	0.00021496669807568978	0.00043107389651613913	0.0006728003950111003	0.8604997079976504	0.0003657788218375468	2.9123337952502637	0.7631839695638832	0.00039695921878965274	1.8430378633754	0.7416128474660807	0.0003935408335157025	1.764649442668189	0.7506499296781773	2.509557038235898	1.0215089097509213	2.4685865772123656	2.1733403670979508	2.489071807724132	0.0003854262913809673
V976C	missense	61	58	62	61	96	13	15	54	41	77	66	13	12	45	94	41	146	0.0001946991583971863	0.0001736330809277304	0.00024317751958930018	0.00020520899874557725	0.0002510462416824757	0.0002277163305139883	0.00020669698222405952	0.00016847857718309945	0.00017163593566104355	0.0002568594649419761	0.000287788325243761	0.00017848491802442692	0.0001720008996970138	0.0001727180565463898	0.00034036393861984216	0.0001828798348856348	0.00027703545676927656	0.652814477486918	0.00021826646023627086	0.9200587290754474	0.6876090154306607	0.00022119057575747004	1.2538882665331206	0.6449728327920597	0.00024324932170528585	0.9730977696261089	-0.042060040876391376	0.7058203516868148	-0.016070805507186037	0.7662103445439391	1.0490149217448923	0.7360153481153769	0.0002275687858996756
V976A	missense	104	60	48	218	153	16	57	91	56	291	108	19	95	61	113	189	211	0.00032973244567265417	0.00017951894807782294	0.00018913807079167793	0.0007248511407303454	0.0003985682599907346	0.0002765126870527001	0.0007492765605622158	0.00028181871092445725	0.00023293448411141625	0.0009615764585007311	0.00046819294703835744	0.0002549784543206099	0.0012701604900702559	0.00023279390230165583	0.0004084367263438106	0.0008273135387683478	0.00039953412812984105	0.7249329684136351	0.00037301910489764524	1.611874275756935	0.7077815450917264	0.0004861306501437405	1.411144567293234	0.6865001986333779	0.0004670195738859138	1.3132369554447796	0.4329270843305852	1.7866087045505172	0.6973551152398024	1.936741450143993	1.445418599498316	1.8616750773472552	0.0004420564429757665
V976R	missense	211	414	283	333	263	43	44	315	268	340	177	85	52	237	312	326	481	0.0006657455093581208	0.0012213174336442052	0.0010962288184660517	0.0011054807351777872	0.0006832598742698308	0.000715679895901106	0.0005813352625051674	0.0009679860070883532	0.001099287302210017	0.0011229368916053058	0.0007645719685580516	0.0010964073535786225	0.000701234437226287	0.0008936282056095821	0.0011214096082948484	0.0014238501430381566	0.0009083747630121858	0.5761444032187483	0.0010265717153894686	0.18458092494554568	0.6064593920391745	0.000988695542365432	0.6212809635803551	0.6349683475926066	0.0010868156799886933	0.8911537940972981	-0.09029215056492187	0.5960727403958916	-0.1941087037785635	0.4741002713858143	0.5656718942077329	0.5350865058908529	0.0010340276459145311
V976V	silent	201	54	56	145	639	10	113	73	83	239	298	10	101	93	89	198	636	0.0006343424192940585	0.00016186134662754526	0.00022001775581889066	0.0004832340938202303	0.0016563875739874685	0.0001789199739752765	0.001472715998346424	0.00022668026748271563	0.0003432718713220871	0.0007903368152060804	0.001284309093252008	0.00014023814987633546	0.0013495455206996468	0.00035294559381218786	0.00032245004711353465	0.0008665020748152695	0.0012004869793335318	0.8603159612361875	0.0006303751925635337	2.9105711562294108	0.7961012106801283	0.0006611495118157228	2.0996464125332315	0.7656930704237817	0.0006855961737686309	1.9618838991579648	0.9154601783241694	2.884567196861862	0.9833213644679077	2.405931565247738	2.3240338226402026	2.6452493810548	0.0006590402927159625
V976_	nonsense	59	141	67	84	33	21	13	157	69	56	28	36	3	105	131	58	83	0.00018841854038437382	0.00041789656765657145	0.00026247732273130815	0.0002813349176350656	8.799558986808426e-05	0.000357839947950553	0.0001808598594460521	0.0004839930035441766	0.00028605989276840593	0.0001877049936114441	0.0001245650960010309	0.00047171014049312833	5.292335375292732e-05	0.0003980024781286374	0.0004729267357665175	0.00025690262519648696	0.00015830597529672947	0.5093906269693357	0.00026242609947275735	-0.4557721885987745	0.4891072677601952	0.00027058074648126436	-0.2935453502493597	0.534116114093258	0.00032153445359709283	0.06510099986174499	-0.2963466329980463	0.12721522226413867	-0.9500278548748174	-0.7661502633165127	-0.2280721796621297	-0.319467520526187	0.0002848470998503715
V976N	missense	61	38	22	26	66	6	8	54	46	36	40	10	2	38	32	44	178	0.0001946991583971863	0.00011477440942680483	8.877909445323657e-05	8.936520913113848e-05	0.0001734030741518131	0.00011385816525699414	0.00011626705250103349	0.00016847857718309945	0.0001920687851445011	0.00012184359234427071	0.00017610927365662986	0.00014023814987633546	3.9692515314695496e-05	0.00014643487402846094	0.00011823168394162938	0.00019594268023460871	0.00033734249497755446	0.6723042740310685	0.00011658044679074825	1.107019716162705	0.6160149796948844	0.00016462505708212527	0.6957721846405573	0.7268911658582269	0.00019948793329556337	1.6440682140125802	0.009092481570989868	0.8222130864512321	-0.5481575525743475	-0.1067942242661434	1.1489533716052807	0.3577094310925444	0.0001602311457228123
V976M	missense	59	49	10	104	173	8	36	42	47	117	70	2	25	39	27	96	177	0.00018841854038437382	0.0001471466787523139	4.245956691241749e-05	0.0003475313688433163	0.000450330371677843	0.00014638906961613534	0.00047798677139313764	0.00013171961488860502	0.00019615535504119262	0.00038858226747632283	0.00030496971779562734	3.824676814809149e-05	0.0003440017993940276	0.00015018961438816505	0.00010031779243532189	0.00042236533295015655	0.0003354579000335458	0.7787547163173087	0.00024686699654647267	2.1281735142860545	0.7121546929432084	0.00025535673880043694	1.4452357331190258	0.7338249680703489	0.00025208265995179736	1.7008610731616745	0.5139072267735919	1.970871372149154	0.9539659711153707	2.3577676283385047	1.758090106855585	2.1643195002438294	0.000251435465099569
V976F	missense	58	16	32	31	36	12	4	56	15	45	22	14	4	40	37	33	66	0.0001852782313779676	5.002987077578672e-05	0.00012737870073725247	0.00010591432193320116	9.575990662115051e-05	0.0002114508783344177	6.45928069450186e-05	0.00017460507089884852	6.53851183470642e-05	0.00015148122291449873	9.879300717323138e-05	0.00019123384074045744	6.615419219115915e-05	0.0001539443547478692	0.00013614557544793687	0.00014804558062170436	0.00012626786124858184	0.6631597795756847	9.477070001684771e-05	1.0192987537647866	0.5889633019867311	0.0001225661048334107	0.4848890263448684	0.6092467553250714	0.00014110084301652309	0.6804753348550224	-0.5150253358248962	-0.3703675173345697	-0.46100737685544735	0.036194681198171826	0.7282210383215592	-0.16708641806819893	0.00011947921595559383
V976Q	missense	41	20	26	77	82	2	5	52	27	52	30	1	4	39	48	73	114	0.00013189297826906167	6.180160507597183e-05	0.00010421893696684294	0.00025816615971217783	0.0002148127635014998	4.8796356538711774e-05	7.751136833402232e-05	0.00016235208346735037	0.00011442395710736236	0.0001745327133580094	0.00013315579227696404	2.549784543206099e-05	6.615419219115915e-05	0.00015018961438816505	0.00017555613676181332	0.00032221685194135655	0.00021672841856099868	0.7449102525414224	0.0001597498663141231	1.803511615397338	0.6191228006260767	0.00014611613655242153	0.7199994100443908	0.675057928067234	0.0002161727554130834	1.2195164770220244	0.20097800780990308	1.2588304826633299	0.41405388653625275	1.471923883514221	1.2476758341545844	1.3653771830887753	0.00017401291942654269
V976T	missense	71	27	20	40	116	6	23	57	14	103	96	5	17	53	38	78	193	0.0002261022484612486	8.240214010129577e-05	8.10591731964334e-05	0.000135702724976914	0.0003028083533695841	0.00011385816525699414	0.0003100454733360893	0.00017766831775672305	6.129854845037269e-05	0.00034247928658930147	0.0004166487693827585	7.649353629618297e-05	0.00023815509188817295	0.00020275597942402283	0.00013972835374919835	0.00034398826085631305	0.00036561141913768474	0.7736492988553095	0.00015049309791105684	2.079198457721168	0.7500034028374051	0.0002495237305447889	1.7402878761326854	0.7073159340861953	0.00026302100329180476	1.4837328962707108	0.43506121384327107	1.791464714741969	0.4932351325838776	1.6018380186522772	1.7677397433748547	1.696651366697123	0.00022101261058255018
V976K	missense	70	53	43	72	86	6	15	39	63	57	41	3	6	58	39	38	127	0.00022296193945484235	0.000158918413052499	0.00016983826764966996	0.00024161704691011516	0.0002251651858389215	0.00011385816525699414	0.00020669698222405952	0.0001225298743149814	0.0002615404733882568	0.00019099806367480274	0.00018040462179459645	5.099569086412198e-05	9.261586906762282e-05	0.00022152968122254345	0.00014331113205045984	0.00016981698953666088	0.00024122815283311158	0.6675056356524011	0.00019888472836280142	1.0609875184474482	0.6420558425316147	0.00018886825829315934	0.898775468170709	0.638790891511722	0.00019397148891069392	0.9224631957427639	0.25896995478758983	1.3907856821354454	0.2591519265505096	1.2177733722854174	0.9607420607869738	1.3042795272104315	0.00019390815852221823
V976H	missense	25	3	5	25	63	5	13	4	4	44	48	2	29	10	9	33	134	8.164803416656198e-05	1.1771734300185111e-05	2.315976377040954e-05	8.605538657072594e-05	0.00016563875739874684	9.759271307742355e-05	0.0001808598594460521	1.5316234289372676e-05	2.0432849483457566e-05	0.00014818815285114005	0.00021047205876036253	3.824676814809149e-05	0.00039692515314695493	4.1302143956745394e-05	3.582778301261496e-05	0.00014804558062170436	0.00025442031744117235	0.8537376874077278	7.165641051001686e-05	2.847467338520846	0.85104144512037	9.860232384608321e-05	2.527936675387124	0.8208869007074477	0.00011989895625805926	2.4139613212279456	0.2679247974405163	1.4111615810333211	1.0161138778642151	2.459734848594934	2.596455111711972	1.9354482148141274	9.67192302047198e-05
V976Y	missense	30	7	7	18	8	0	3	2	3	33	37	0	1	11	10	33	101	9.734957919859315e-05	2.3543468600370222e-05	3.087968502721272e-05	6.288662864783819e-05	2.3292950259198775e-05	1.6265452179570593e-05	5.167424555601488e-05	9.189740573623606e-06	1.634627958676605e-05	0.00011196438215419471	0.00016322322924273012	1.2748922716030496e-05	2.646167687646366e-05	4.505688431644952e-05	3.941056131387646e-05	0.00014804558062170436	0.0001922286842888858	0.6527869676087336	3.515068313365498e-05	0.9197948333509146	0.8568235541078741	7.518090788932863e-05	2.573011491746009	0.7869073443848117	0.00010618542763522903	2.1356441588482036	0.5020080034738842	1.9437958131119601	0.31714387352819634	1.3129218324655807	1.8761501613150422	1.6283588227887704	7.217233955273754e-05
L977S	missense	142	205	88	84	51	15	5	122	99	95	46	14	3	128	80	56	186	0.00044906418791609094	0.0006062443164595332	0.00034353649592774155	0.0002813349176350656	0.00013458149038648182	0.0002602472348731295	7.751136833402232e-05	0.0003767793635185679	0.0004086569896691513	0.0003161347260824321	0.00020188136248442935	0.00019123384074045744	5.292335375292732e-05	0.0004843615064018323	0.0002902050424021812	0.00024819406163050433	0.00035241925452962397	0.4897952457509549	0.00034142430510220555	-0.6437460243769182	0.5658094757701422	0.0003258631104386451	0.30439182939237996	0.5852017754601396	0.00034379496624103545	0.48352954480573374	-0.5260207201263593	-0.3953864760760374	-0.5579173898635037	-0.12280736985046839	0.048058449940398505	-0.2590969229632529	0.000337027460593962
L977A	missense	140	152	106	74	59	24	24	142	101	108	44	39	13	131	153	66	163	0.00044278356990327846	0.00045026883698208046	0.00041301578723897017	0.00024823669203094024	0.00015528633506132515	0.0004066363044892648	0.000322964034725093	0.0004380443006760586	0.0004168301294625343	0.0003589446369060948	0.0001932906662084962	0.0005099569086412198	0.00018523173813524564	0.0004956257274809447	0.0005517478583942704	0.00029173687946041743	0.0003090735708174242	0.5214200879389591	0.00031670191282832905	-0.3403764279548061	0.5546300088366496	0.000351777433313296	0.21724154908697121	0.5628355639490995	0.0004120460090382641	0.30033408275106915	-0.10005198785407812	0.5738651522146996	-0.43981807778550913	0.07096035615606432	0.05906640129441142	0.32241275418538196	0.0003601751183932964
L977L	silent	185	131	138	130	279	12	45	228	254	217	183	9	34	148	257	148	451	0.0005840974751915588	0.00038846723190610866	0.0005365345273478211	0.00043358675541404227	0.0007246695636195174	0.0002114508783344177	0.0005942538238941712	0.0007014835304532687	0.0010420753236563358	0.0007178892738121896	0.0007903440573858511	0.00012748922716030494	0.0004630793453381141	0.0005594563135959148	0.0009243568017254661	0.0006487879856657044	0.0008518369146919253	0.6793415163395724	0.0005208145195718724	1.174526309440354	0.6227856645749584	0.0008129480463269112	0.7485535103216828	0.6501962423104388	0.0007461095039197527	1.0158812745459231	0.44876249152065917	1.8226406783570246	0.5601819222144909	1.7116788548257738	0.9796536981026533	1.7671597665913992	0.0006932906899395121
L977V	missense	229	158	94	199	704	41	148	134	109	282	371	36	123	133	120	211	841	0.000722271071473433	0.00046792643843235815	0.0003666962596981511	0.0006619645120825073	0.0018246144369705706	0.0006831489915419649	0.0019248656469615544	0.0004135383258130623	0.0004495226886360664	0.000931938827930503	0.0015978695073235686	0.00047171014049312833	0.001640623966340747	0.0005031352082003529	0.00043351617445264103	0.0009231077379941565	0.001586828942855312	0.7892979225493896	0.0008303004117958968	2.2293119863962705	0.7736724534566503	0.0008482173374258	1.9248015392886884	0.7606657910151103	0.0008616470158756156	1.9207068418054112	0.44988499016029543	1.8251948180198536	0.5413338389594552	1.6807544559647698	2.02494012249679	1.7529746369923118	0.0008467215883657709
L977R	missense	216	297	219	201	121	38	33	260	294	186	61	83	12	195	248	117	249	0.000681447054390152	0.0008769942053637907	0.0008491913382483499	0.0006685841572033323	0.00031574888129136115	0.0006343526350032531	0.0004392310872261265	0.0007995074299052537	0.0012055381195239963	0.000615804101848071	0.0002663115845539281	0.0010709095081465616	0.0001720008996970138	0.0007359291105020088	0.0008921117970141126	0.0005138052503929739	0.00047114873600217106	0.5390227646118373	0.0006776296455267086	-0.17151813337569294	0.5302130546711755	0.0007217903089578123	0.02689755394081006	0.5689030825867128	0.0006532487234778165	0.3500314523656863	-0.15963767783832225	0.4382835410199619	-0.7942220558908297	-0.5105168067234698	0.06847029097693447	-0.03611663285175393	0.0006842228926541125
L977T	missense	96	56	54	49	24	9	9	73	50	71	28	6	0	101	66	69	149	0.0003046099736214043	0.00016774721377763784	0.00021229783456208748	0.00016549112802062682	6.470263960888549e-05	0.00016265452179570593	0.0001291856138900372	0.00022668026748271563	0.00020841506473126716	0.0002371010445618241	0.0001245650960010309	8.924245901221346e-05	1.323083843823183e-05	0.0003829835166898209	0.00024004614618452024	0.0003047997248093913	0.00028268924160130263	0.5520899318977316	0.0001525597039923094	-0.04616790261926392	0.5814393573074621	0.00019919036819420944	0.4262356136462517	0.6006169338364347	0.00030262965732125874	0.6097908501679433	-0.10005198785407819	0.5738651522146992	-0.8289841621500417	-0.5675516375156809	0.3299528537316437	0.003156757349509154	0.00021812657650259254
L977C	missense	91	30	41	52	105	14	19	58	41	65	49	14	7	35	61	78	150	0.0002889084285893732	9.12309408264346e-05	0.0001621183463928668	0.00017542059570186443	0.00027433919194167443	0.00024398178269355888	0.0002583712277800744	0.0001807315646145976	0.00017163593566104355	0.0002173426241816721	0.00021476740689832912	0.00019123384074045744	0.00010584670750585465	0.00013517065294934856	0.00022213225467821276	0.00034398826085631305	0.0002845738365453113	0.7250248437208111	0.00017577726871571006	1.6127556137472863	0.6485529714784163	0.00019611938283891058	0.9494242703240371	0.6972798702228394	0.0002464662512572964	1.4015302686263251	0.024886748754221824	0.8581514500568059	-0.2568873941995225	0.37109811268988796	1.3212367175658828	0.614624781373347	0.00020612096760397235
L977G	missense	285	261	213	281	267	56	40	324	199	266	121	58	37	315	326	214	282	0.0008981283758321819	0.0007710485966621247	0.0008260315744779403	0.0009333699620363352	0.0006936122966072523	0.0009271307742355238	0.0005296610169491525	0.0009955552288092241	0.0008173139793383026	0.0008792497069167644	0.000524032472831923	0.0007521864402457992	0.0005027718606528096	0.001186497953666504	0.0011715685045125092	0.0009361705833431305	0.0005333403691544576	0.6201547730802389	0.0008060156074459132	0.6067619452932993	0.5724281378107701	0.0008040378469740536	0.3559880508865728	0.553320500175151	0.0009568943526691503	0.22239882296477576	-0.24314298680683402	0.24827509543077866	-0.1749545371611188	0.5055268668816576	0.39504960638154935	0.3769009811562181	0.0008556492690297056
L977D	missense	82	13	11	16	37	5	8	55	23	34	36	1	1	64	34	43	93	0.0002606456475317171	4.120107005064789e-05	4.631952754081908e-05	5.6266983527013114e-05	9.834801220550593e-05	9.759271307742355e-05	0.00011626705250103349	0.00017154182404097398	9.807767752059631e-05	0.00011525745221755339	0.00015892788110476354	2.549784543206099e-05	2.646167687646366e-05	0.0002440581233807682	0.00012539724054415238	0.0001915883984516174	0.00017715192473681632	0.7186398279785658	6.05338983309965e-05	1.5515056749378362	0.6202505814618019	0.0001359512087209718	0.7287911007878968	0.6022202275811093	0.0001845489217783386	0.6229229864807935	0.07603927120160313	0.9745441848212235	0.01611387786421517	0.8190163499252244	0.9677399207355087	0.8967802673732239	0.00012701134294343562
L977_	nonsense	79	151	89	103	23	13	5	135	98	49	17	14	6	121	138	29	50	0.00025122472051249844	0.0004473259034070342	0.00034739645655614313	0.00034422154628290376	6.211453402453006e-05	0.0002277163305139883	7.751136833402232e-05	0.0004166015726709368	0.0004045704197724598	0.0001646535031679334	7.731626648339847e-05	0.00019123384074045744	9.261586906762282e-05	0.0004580783238839034	0.000498006183875348	0.00013062845348973912	9.61143421444429e-05	0.5043971030502417	0.0003002646100676528	-0.503673876994688	0.47711604886434344	0.00026578544052368214	-0.3870236971324443	0.47141992205511746	0.00029570682584835836	-0.4484261955609459	-0.46802877314867253	-0.26343127660392207	-0.3148793411772092	0.2759496525097244	-0.4463745898960261	0.006259187952901174	0.0002872522921465645
L977W	missense	82	135	77	101	65	8	10	128	71	50	47	6	10	58	81	60	81	0.0002606456475317171	0.00040023896620629376	0.00030107692901532404	0.0003376019011620787	0.0001708149685674577	0.00014638906961613534	0.00014210417527904092	0.0003951588446658151	0.00029423303256178896	0.00016794657323129206	0.00020617671062239594	8.924245901221346e-05	0.00014553922282055013	0.00022152968122254345	0.0002937878207034427	0.0002656111887624696	0.0001545367854087121	0.5576558890057767	0.0003024331912377885	0.007225001336820101	0.5435210414917905	0.000265878790270323	0.13064085302805428	0.594379506080422	0.00023386636902429197	0.5587018018849429	-0.012901812135178013	0.7721671479287273	0.2124085230081834	1.1410806054027394	0.2321892187499391	0.9566238766657333	0.00026739278351080114
L977P	missense	80	78	72	109	62	12	16	70	68	99	46	25	1	50	99	55	202	0.0002543650295189047	0.00023249175242865593	0.0002817771258733161	0.000364080481645379	0.00016305065181439142	0.0002114508783344177	0.00021961554361306325	0.00021749052690909202	0.0002819733228717144	0.0003293070063358668	0.00020188136248442935	0.00033147199061679287	2.646167687646366e-05	0.00019149175834491045	0.0003582778301261496	0.00024383977984751304	0.00038257277363376287	0.6098737343182925	0.0002603500029404356	0.508138383427911	0.6250613919735762	0.0002576630546502756	0.766294095080162	0.6737599857223595	0.000294045535488084	1.2088853897021077	0.016453581217359063	0.8389625736264861	-1.0978294744426216	-1.0086511146747519	0.8277726227367269	-0.0848442705241329	0.0002706861976929317
L977E	missense	95	30	22	35	61	6	1	35	44	56	38	4	1	51	48	23	78	0.00030146966461499814	9.12309408264346e-05	8.877909445323657e-05	0.0001191536121748513	0.000160462546230036	0.00011385816525699414	2.583712277800744e-05	0.00011027688688348328	0.00018389564535111809	0.0001877049936114441	0.0001675185773806967	6.374461358015247e-05	2.646167687646366e-05	0.00019524649870461457	0.00017555613676181332	0.0001045027627917913	0.00014888300057668604	0.689745367323377	0.00011490654842113962	1.274327979767417	0.6587880106763354	0.00016234902580668554	1.0292122012103653	0.5829165784028394	0.0001560470997087263	0.46481212676685696	-0.6441200322043538	-0.664110309210446	-0.38182613080782246	0.1661088163362278	0.9227841025815463	-0.24900074643710912	0.00014443422464551715
L977Q	missense	55	23	18	29	60	5	7	33	29	20	34	3	6	59	40	36	63	0.0001758573043587489	7.063040580111066e-05	7.333925193963022e-05	9.929467681237608e-05	0.00015787444064568057	9.759271307742355e-05	0.00010334849111202976	0.0001041503931677342	0.00012259709690074538	6.915447133053203e-05	0.0001503371848288304	5.099569086412198e-05	9.261586906762282e-05	0.0002252844215822476	0.00014689391035172135	0.00016110842597067828	0.00012061407641655579	0.7146471331099451	0.00010028469379969938	1.513204701806354	0.6488430867542085	0.0001115597865569605	0.9516858833111849	0.5676907521479673	0.00016347520858030077	0.3401015885271322	0.024886748754221824	0.8581514500568059	0.2591519265505096	1.2177733722854174	0.9349973912148903	1.0379624111711117	0.00012510656297898688
L977H	missense	55	42	38	37	91	4	24	17	10	11	20	2	14	18	15	20	78	0.0001758573043587489	0.00012654614372698995	0.00015053846450766202	0.00012577325729567639	0.0002381057137606986	8.132726089785297e-05	0.000322964034725093	5.513844344174164e-05	4.4952268863606643e-05	3.9516840760304014e-05	9.020231089729822e-05	3.824676814809149e-05	0.00019846257657347746	7.134006683437841e-05	5.732445282018394e-05	9.14399174428174e-05	0.00014888300057668604	0.685438984542604	0.00016024089482275674	1.2330178730331047	0.6792601678095559	5.7452465990737627e-05	1.1888042679189652	0.7153636000221968	9.224685941851645e-05	1.549649105588487	0.5989180164819407	2.1643053970071806	0.715083882200234	1.9658293660545776	1.3238237488468523	2.065067381530879	0.00010331340674400361
L977K	missense	30	23	17	20	9	6	1	44	26	31	15	1	0	21	41	30	32	9.734957919859315e-05	7.063040580111066e-05	6.947929131122863e-05	6.950627376866327e-05	2.5881055843554195e-05	0.00011385816525699414	2.583712277800744e-05	0.0001378461086043541	0.00011033738721067085	0.00010537824202747737	6.872557020746531e-05	2.549784543206099e-05	1.323083843823183e-05	8.260428791349079e-05	0.00015047668865298284	0.00013498273527273044	6.219163315228658e-05	0.5537564957389975	5.887425668113919e-05	-0.03018095169849968	0.5621515682787415	0.0001055718270124919	0.27587636751004546	0.6027074478687235	0.00010756383624787267	0.6269136733106951	-0.6441200322043538	-0.664110309210446	-0.284916117799766	0.32511086738486816	0.2908696963740803	-0.16949972091278892	9.066997331383458e-05
L977F	missense	91	40	28	23	50	10	9	70	48	40	42	8	7	40	55	48	110	0.0002889084285893732	0.00012066027657689738	0.00011193885822364612	7.943574144990087e-05	0.0001319933848021264	0.0001789199739752765	0.0001291856138900372	0.00021749052690909202	0.00020024192493788413	0.00013501587259770538	0.00018469996993256303	0.00011474030444427445	0.00010584670750585465	0.0001539443547478692	0.00020063558487064378	0.00021335980736657392	0.00020919003878496395	0.6254212028921298	0.0001110070652631427	0.65728155507098	0.5972696281696739	0.00018436207359431115	0.5496415462510629	0.6537051915064578	0.00019428244644251273	1.0446221084137302	-0.14144467301230315	0.4796800056314742	-0.035038644583166134	0.7350894600921885	0.7505150699119243	0.6073847328618314	0.00016321719509998882
L977N	missense	77	29	12	14	8	1	0	15	19	20	2	0	1	34	42	29	35	0.00024494410249968596	8.828800725138832e-05	5.017948816922067e-05	4.964733840618804e-05	2.3292950259198775e-05	3.2530904359141185e-05	1.291856138900372e-05	4.901194972599257e-05	8.173139793383026e-05	6.915447133053203e-05	1.2886044413899746e-05	1.2748922716030496e-05	2.646167687646366e-05	0.00013141591258964444	0.00015405946695424435	0.00013062845348973912	6.784541798431263e-05	0.5093956233772893	5.285194602149896e-05	-0.4557242592445209	0.5539451273439715	5.3195965851063646e-05	0.21190250971971264	0.5696888034153187	0.00012098731275448515	0.35646707469588607	-0.4010819835180594	-0.11110017823393115	0.31714387352819634	1.3129218324655807	0.037548441723692594	0.6009108271158248	7.567840820901592e-05
L977Y	missense	51	16	16	33	67	4	13	13	23	39	43	5	32	16	33	39	67	0.00016329606833312397	5.002987077578672e-05	6.561933068282704e-05	0.00011253396705402623	0.0001759911797361685	8.132726089785297e-05	0.0001808598594460521	4.2885456010243496e-05	9.807767752059631e-05	0.00013172280253434673	0.00018899531807052962	7.649353629618297e-05	0.00043661766846165044	6.383058611497015e-05	0.00012181446224289088	0.00017417127131965217	0.00012815245619259051	0.7563785019673118	0.00010104358706220213	1.9135238070572185	0.7527869490494481	0.00011542031353392905	1.7619871963297729	0.6878427553771717	0.00012199219396752593	1.3242334669859723	0.3471060434881411	1.5913310297446248	0.756476567358459	2.033743110303288	1.6665814901243212	1.8125370700239565	0.0001128186981878857
L977I	missense	62	34	34	29	95	4	2	51	16	15	53	4	0	28	19	24	148	0.0001978394674035925	0.00010300267512661972	0.00013509862199405565	9.929467681237608e-05	0.00024845813609812025	8.132726089785297e-05	3.875568416701116e-05	0.00015928883660947584	6.947168824375573e-05	5.2689121013738686e-05	0.00023194879945019544	6.374461358015247e-05	1.323083843823183e-05	0.00010888747043141967	7.165556602522992e-05	0.00010885704457478262	0.00028080464665729396	0.7104654834015565	0.00014646352750779292	1.473091129796382	0.6739866406704462	0.00012834961132929143	1.1476941352886962	0.7462180863241263	0.00014255118192218154	1.8023696824171214	-0.3219007374704345	0.06906927047737274	-0.6828561264718036	-0.32779666620412845	1.4743849825007331	-0.12936369786337787	0.00013912144025308862
L977M	missense	57	9	11	9	54	0	5	5	15	17	26	0	1	17	23	20	97	0.00018213792237156137	2.9429335750462777e-05	4.631952754081908e-05	3.309822560412536e-05	0.00014234580713954806	1.6265452179570593e-05	7.751136833402232e-05	1.8379481147247212e-05	6.53851183470642e-05	5.9275261140456025e-05	0.00011597439972509772	1.2748922716030496e-05	2.646167687646366e-05	6.758532647467428e-05	8.59866792302759e-05	9.14399174428174e-05	0.00018469030451285105	0.7869911019424602	6.279822400873882e-05	2.2071832044601565	0.7633489938587973	6.47535650899663e-05	1.84432432127581	0.7287835474665171	0.00010742555691515467	1.6595681891846539	0.6780992625295655	2.344474845718484	0.31714387352819634	1.3129218324655807	1.9036919049735401	1.8286983390920324	7.832578200461992e-05
N978A	missense	114	27	26	47	243	12	43	72	65	118	132	20	42	111	90	102	362	0.0003611355357367165	8.240214010129577e-05	0.00010421893696684294	0.00015887148289980173	0.0006314977625827223	0.0002114508783344177	0.0005684167011161637	0.0002236170206248411	0.00026971361318163983	0.0003918753375396815	0.0005712813023495554	0.0002677273770366404	0.0005689260528439688	0.00042053092028686214	0.00032603282541479616	0.0004484910236481044	0.0006841079646751524	0.8427528495028904	0.00024424758063766567	2.7420923987142882	0.7249969747912473	0.00036412181842392945	1.5453485980235775	0.6857444285467929	0.0004697906835062288	1.307046651371571	0.42945733632527255	1.7787136205945469	0.3273630387098825	1.3296886058201347	1.864829216036479	1.5542011132073408	0.00035938669418927464
N978G	missense	245	190	137	190	290	38	32	270	208	219	127	27	25	217	293	250	604	0.0007725160155759327	0.0005621003128338391	0.0005326745667194195	0.0006321761090387944	0.000753138725047427	0.0006343526350032531	0.0004263125258371228	0.0008301398984839991	0.0008540931084085262	0.000724475413938907	0.0005498045616597225	0.00035696983604885385	0.0003440017993940276	0.0008185333984154996	0.00105333682057088	0.0010929247275308174	0.001140179941125254	0.6589008290335739	0.00062002242840987	0.9784436532251237	0.5839902211564255	0.0007396282456227888	0.44612104295881405	0.6555887235179324	0.0010262437219106127	1.0600495989821048	-0.17260265500268984	0.40878295969728623	-0.016070805507186037	0.7662103445439391	0.8282047650553475	0.5874966521206126	0.0007952981319810905
N978C	missense	68	49	34	125	450	20	97	92	86	228	222	78	89	69	70	127	569	0.0002166813214420299	0.0001471466787523139	0.00013509862199405565	0.00041703764261197956	0.001167235618544294	0.00034157449577098246	0.0012660190161223647	0.0002848819577823318	0.00035553158101216164	0.0007541130445091349	0.0009578626347665478	0.001007164894566409	0.0011907754594408647	0.0002628318251792889	0.0002543772593895662	0.000557348068222887	0.00107421911808495	0.8488261855662297	0.00046662964047566077	2.8003524684252437	0.7534610703385682	0.0005880973045175441	1.7672423538123407	0.7842262491823755	0.0005371940677191731	2.113684048429843	0.5689547931044975	2.0961269114819516	0.07272929601309862	0.9119063137920184	2.2270929568891424	1.504016612636985	0.0005306403375707927
N978P	missense	73	128	73	57	85	12	33	80	106	68	31	7	12	99	109	81	184	0.00023238286647406104	0.0003796384311809698	0.00028563708650171767	0.0001919697085039271	0.00022257708025456607	0.0002114508783344177	0.0004392310872261265	0.0002481229954878374	0.00043726297894599187	0.0002272218343717481	0.00013745114041493063	0.00010199138172824396	0.0001720008996970138	0.0003754740359704126	0.0003941056131387646	0.00035705110620528696	0.00034865006464160657	0.5596129187867716	0.00026995557661029516	0.025998322996957004	0.560473061989121	0.000262514737305127	0.26279145974967877	0.6150420296825764	0.0003688202049890177	0.7279428267515655	0.31748357688134027	1.5239279040751164	0.22696724317910838	1.1649673669041318	0.3389108698327337	1.3444476354896242	0.0003004301729681466
N978R	missense	146	120	115	177	418	22	85	147	113	375	333	26	130	130	187	203	754	0.00046162542394171584	0.0003560949625805996	0.0004477554328945845	0.0005891484157534314	0.0010844162398449208	0.0003741054001301236	0.0011109962794543199	0.00045336053496543126	0.0004658689682228325	0.0012381943438228593	0.0014346462780808384	0.0003442209133328234	0.0017332398354083698	0.0004918709871212406	0.0006735623206371613	0.0008882734837302261	0.0014228691827265565	0.7423782332942018	0.000619353762768384	1.779222556416557	0.7543189746974632	0.0008980175312729903	1.7739302044762162	0.7331418100818285	0.000869143993553796	1.695265514731873	0.47271862737189674	1.877150603434164	0.7020214093609921	1.9443975252288628	1.7494727585415486	1.9107740643315134	0.0007955050958650568
N978L	missense	84	36	33	54	79	8	5	82	58	58	37	6	6	78	138	87	204	0.0002669262655445296	0.00010888854227671227	0.00013123866136565408	0.0001820402408226895	0.00020704844674843356	0.00014638906961613534	7.751136833402232e-05	0.00025424948920358645	0.00024110762390479928	0.00019429113373816141	0.00016322322924273012	8.924245901221346e-05	9.261586906762282e-05	0.000296624488416626	0.000498006183875348	0.0003831767969032348	0.00038634196352178027	0.6935935657565598	0.00015730397280337236	1.3112428329289518	0.5781149652940614	0.0002132178690223193	0.4003200939227702	0.6373328240828054	0.0003910373581792473	0.910520568078022	-0.2761432469097594	0.17318611960817545	0.01611387786421517	0.8190163499252244	0.874027831643248	0.49610123476669993	0.000253853066668313
N978E	missense	61	39	52	103	89	9	4	68	76	51	37	32	3	53	62	46	147	0.0001946991583971863	0.00011771734300185111	0.0002045779133052843	0.00034422154628290376	0.00023292950259198774	0.00016265452179570593	6.45928069450186e-05	0.00021136403319334295	0.0003146658820452465	0.00017123964329465073	0.00016322322924273012	0.0004207144496290064	5.292335375292732e-05	0.00020275597942402283	0.00022571503297947427	0.00020465124380059132	0.0002789200517132853	0.6924415066458331	0.00022486157629550673	1.3001914036317601	0.5831854934330118	0.0002151231969439926	0.4398477343044519	0.6534291125927264	0.00022801057697934343	1.042360822270585	-0.4010819835180594	-0.11110017823393115	-0.90034007068571	-0.6846265966395357	0.9274666534022656	-0.39786338743673344	0.00022266511673961424
N978K	missense	52	31	19	35	18	2	3	66	35	50	25	5	1	52	53	45	116	0.0001664363773395302	9.417387440148089e-05	7.719921256803181e-05	0.0001191536121748513	4.917400610275297e-05	4.8796356538711774e-05	5.167424555601488e-05	0.00020523753947759388	0.00014711651628089448	0.00016794657323129206	0.00011167905158713113	7.649353629618297e-05	2.646167687646366e-05	0.0001990012390643187	0.00019347002826812078	0.0002002969620176	0.00022049760844901605	0.5907620650133483	8.492517631177924e-05	0.32480468109585536	0.5736048731654261	0.00015799492014422788	0.36516136984834885	0.635961366903191	0.00020331645944976387	0.8992873410478818	0.024886748754221824	0.8581514500568059	-0.4610073768554473	0.036194681198171916	0.5297511306640287	0.44717306562748893	0.000148745518635257
N978F	missense	42	89	65	41	15	17	10	51	29	40	8	39	8	47	51	18	52	0.0001350332872754679	0.000264864021754165	0.00025475740147450494	0.00013901254753732653	4.140968934968671e-05	0.00029277813923227067	0.00014210417527904092	0.00015928883660947584	0.00012259709690074538	0.00013501587259770538	3.865813324169924e-05	0.0005099569086412198	0.00011907754594408647	0.00018022753726579807	0.0001863044716655978	8.273135387683478e-05	9.988353203246026e-05	0.4846323529626874	0.0001750109150289208	-0.6932724280894226	0.5291088492917937	0.00011388998483740647	0.018289647240038356	0.5465589815934524	0.00013728672371017274	0.16701709145633256	-0.3139318077991592	0.08720181748009694	-0.6317036040244224	-0.24386977637109256	-0.16932189646435056	-0.0783339794454978	0.00014206254119216667
N978N	silent	28	133	46	31	49	8	5	90	57	52	15	9	10	67	67	29	34	9.106896118578068e-05	0.0003943530990562012	0.00018141814953487475	0.00010591432193320116	0.00012940527921777097	0.00014638906961613534	7.751136833402232e-05	0.00027875546406658274	0.00023702105400810777	0.0001745327133580094	6.872557020746531e-05	0.00012748922716030494	0.00014553922282055013	0.0002553223444598806	0.00024362892448578176	0.00013062845348973912	6.596082304030395e-05	0.4908677866675229	0.00020277271243551202	-0.6334573942211966	0.5109442905761882	0.0001897587004100413	-0.12331338205525155	0.5025978913657445	0.00017388513636892638	-0.1930560587379458	-0.2761432469097594	0.17318611960817545	0.05750656302244017	0.8869300941739353	-0.31660894500479797	0.5300581068910554	0.00018880551640482657
N978W	missense	49	14	21	21	38	4	10	25	17	47	18	5	6	23	27	49	111	0.00015701545032031152	4.414400362569416e-05	8.491913382483498e-05	7.28160963290758e-05	0.00010093611778986136	8.132726089785297e-05	0.00014210417527904092	7.964441830473792e-05	7.355825814044724e-05	0.00015806736304121606	8.161161462136506e-05	7.649353629618297e-05	9.261586906762282e-05	9.011376863289904e-05	0.00010031779243532189	0.00021771408914956524	0.00021107463372897262	0.6903340823774394	7.570383789236658e-05	1.2799753833907082	0.6537652442234714	9.822041352694158e-05	0.9900568902389367	0.7219523496834769	0.0001548050709866897	1.6036157345799422	0.24237069296812808	1.3530156292465552	0.08306066749482832	0.9288571860987209	1.291216002736529	1.140936407672638	0.0001095764408019993
N978S	missense	138	44	48	84	180	14	28	112	123	111	105	11	25	131	123	116	360	0.00043650295189046604	0.0001324320108770825	0.00018913807079167793	0.0002813349176350656	0.0004684471107683309	0.00024398178269355888	0.0003746382802811079	0.00034614689493982253	0.0005067346671897476	0.0003688238470961708	0.0004553069026244577	0.00015298707259236595	0.0003440017993940276	0.0004956257274809447	0.0004442645093564255	0.0005094509686099826	0.000680338774787135	0.7533707448015189	0.00026783802751803923	1.884671107268303	0.6391299799665142	0.0004192530779625497	0.8759667113488888	0.6613508606293008	0.000532419995058622	1.1072456728463986	0.18625475098919672	1.225329102007788	0.35190597978740834	1.369956663257792	1.2892944971545302	1.2976428826327902	0.000406503700179737
N978_	nonsense	66	238	230	209	96	15	35	260	147	70	45	41	12	223	162	75	112	0.00021040070342921743	0.0007033611244360603	0.0008916509051607673	0.0006950627376866326	0.0002510462416824757	0.0002602472348731295	0.00046506821000413394	0.0007995074299052537	0.000604812344710344	0.00023380797449846542	0.00019758601434646277	0.0005354547540732808	0.0001720008996970138	0.0008410618405737243	0.0005839928631056238	0.00033092541550733913	0.00021295922867298133	0.5485803406127896	0.000635280252241484	-0.07983457786747346	0.47677641387941666	0.00045892844086513145	-0.3896713443158011	0.4893066833404529	0.0004922348369649171	-0.3019206733042563	0.2521305302572843	1.3752232174277472	-0.4931920602268485	-0.01661132418311348	-0.2571421984958436	0.6793059466223169	0.0005288145100238442
N978V	missense	98	29	34	40	102	8	12	52	75	86	88	7	23	63	98	112	302	0.0003108905916342168	8.828800725138832e-05	0.00013509862199405565	0.000135702724976914	0.0002665748751886082	0.00014638906961613534	0.00016794129805704837	0.00016235208346735037	0.000310579312148555	0.00028649709551220413	0.0003822859842790258	0.00010199138172824396	0.00031754012251756396	0.0002403033830210641	0.0003546950518248881	0.0004920338414780174	0.0005710322680346313	0.7319792473389907	0.00015641605735274155	1.6794675551527638	0.694601408615317	0.00028542861885178384	1.308397934093634	0.7101539109663227	0.00041451613608965026	1.506977981188144	0.05964885501343372	0.9372493404461406	0.49323513258387763	1.6018380186522772	1.4982811568115142	1.269543679549209	0.00028545360409805854
N978Q	missense	69	59	54	48	32	6	3	44	49	21	37	6	6	27	38	51	146	0.0002198216304484361	0.00017657601450277665	0.00021229783456208748	0.0001621813054602143	8.540748428372885e-05	0.00011385816525699414	5.167424555601488e-05	0.0001378461086043541	0.00020432849483457564	7.24475413938907e-05	0.00016322322924273012	8.924245901221346e-05	9.261586906762282e-05	0.00010513273007171553	0.00013972835374919835	0.00022642265271554784	0.00027703545676927656	0.5614412575016379	0.0001591156597022018	0.043537141839262876	0.612940201214134	0.00014446134351888765	0.671802543863533	0.7256259234775687	0.00018707979832643457	1.6337049630694598	-0.34309003654037257	0.0208550212381844	0.01611387786421517	0.8190163499252244	0.7830148829240852	0.4199356855817044	0.000163552267182508
N978T	missense	46	47	13	16	10	3	0	30	32	23	15	2	0	29	36	22	93	0.00014759452330109283	0.00014126081160222131	5.4039448797622264e-05	5.6266983527013114e-05	2.8469161427909612e-05	6.506180871828237e-05	1.291856138900372e-05	9.49606525941106e-05	0.00013485680659081992	7.903368152060803e-05	6.872557020746531e-05	3.824676814809149e-05	1.323083843823183e-05	0.0001126422107911238	0.00013256279714667535	0.0001001484810088	0.00017715192473681632	0.4749536982666176	7.000910133869158e-05	-0.7861174627492139	0.5804632315957565	9.439417772825096e-05	0.41862616053953894	0.6635438173174655	0.00013062635342085387	1.125207575493876	-0.7021119791820406	-0.7960655086825615	-0.4610073768554473	0.036194681198171916	0.25257209109473366	-0.3799354137421948	9.834321082926548e-05
N978H	missense	39	33	21	22	28	5	2	53	49	25	4	9	1	25	41	24	40	0.00012561236025624922	0.00010005974155157344	8.491913382483498e-05	7.612591888948834e-05	7.505506194630717e-05	9.759271307742355e-05	3.875568416701116e-05	0.0001654153303252249	0.00020432849483457564	8.561982164732537e-05	2.1476740689832912e-05	0.00012748922716030494	2.646167687646366e-05	9.762324935230729e-05	0.00015047668865298284	0.00010885704457478262	7.726839270435605e-05	0.5938365326040591	8.403996405305098e-05	0.35429731813929327	0.48068429800397894	0.00011921009687423971	-0.3592071729127501	0.5954404038010235	0.0001085563438211072	0.5673913221473438	-0.40108198351805935	-0.11110017823393102	-0.6828561264718036	-0.32779666620412845	0.1874938224579623	-0.21944842221902974	0.00010393546824946598
N978D	missense	47	6	9	30	20	2	3	22	32	34	13	0	7	31	54	38	54	0.00015073483230749907	2.0600535025323943e-05	3.8599606284015906e-05	0.00010260449937278863	5.435021727146381e-05	4.8796356538711774e-05	5.167424555601488e-05	7.045467773111431e-05	0.00013485680659081992	0.00011525745221755339	6.013487393153215e-05	1.2748922716030496e-05	0.00010584670750585465	0.00012015169151053205	0.0001970528065693823	0.00016981698953666088	0.00010365272192047764	0.7205645534593258	5.403871448839807e-05	1.5699691091219594	0.6083995732438755	9.517595261775495e-05	0.6364057755985745	0.6087616226161658	0.00014766855238426322	0.6765017468058383	0.024886748754221824	0.8581514500568059	0.9192038648561588	2.3007327975462935	0.9609588771754574	1.5794421238015497	9.896107316347208e-05
N978M	missense	12	3	1	10	8	0	0	3	1	6	12	0	0	6	7	15	12	4.082401708328099e-05	1.1771734300185111e-05	7.71992125680318e-06	3.64080481645379e-05	2.3292950259198775e-05	1.6265452179570593e-05	1.291856138900372e-05	1.2252987431498142e-05	8.173139793383025e-06	2.3051490443510677e-05	5.5839525793565566e-05	1.2748922716030496e-05	1.323083843823183e-05	2.6283182517928884e-05	2.866222641009197e-05	6.966850852786088e-05	2.4499734272112893e-05	0.7248384502939041	1.9798163495181243e-05	1.6109675858937291	0.8082991272449798	2.4829285865489353e-05	2.1947360848846023	0.6548899002263745	3.727841293199866e-05	1.0543257303810982	-0.10005198785407819	0.5738651522146992	0.01611387786421517	0.8190163499252244	1.6200098003864767	0.6964407510699618	2.7301954097556418e-05
N978Y	missense	26	2	5	16	7	1	2	13	5	21	9	0	1	17	25	23	38	8.478834317296822e-05	8.828800725138832e-06	2.315976377040954e-05	5.6266983527013114e-05	2.0704844674843356e-05	3.2530904359141185e-05	3.875568416701116e-05	4.2885456010243496e-05	2.4519419380149078e-05	7.24475413938907e-05	4.2953481379665825e-05	1.2748922716030496e-05	2.646167687646366e-05	6.758532647467428e-05	9.31522358327989e-05	0.0001045027627917913	7.349920281633868e-05	0.7038535975138723	2.7240098174351214e-05	1.4096648795905662	0.6579120932403131	4.570147454098728e-05	1.022383928402022	0.6357354447837107	8.468488197890079e-05	0.8974368753556413	0.07603927120160313	0.9745441848212235	0.31714387352819634	1.3129218324655807	1.1098285611160765	1.143733008643402	5.254215156474642e-05
N978I	missense	33	20	11	18	3	3	3	35	17	24	16	6	7	33	37	17	40	0.00010677050621781183	6.180160507597183e-05	4.631952754081908e-05	6.288662864783819e-05	1.0352422337421678e-05	6.506180871828237e-05	5.167424555601488e-05	0.00011027688688348328	7.355825814044724e-05	8.23267515839667e-05	7.30209183454319e-05	8.924245901221346e-05	0.00010584670750585465	0.0001276611722299403	0.00013614557544793687	7.837707209384348e-05	7.726839270435605e-05	0.5300367310700926	4.5340045900512696e-05	-0.2577190178825154	0.5870413359588962	8.479570373833227e-05	0.46990621195311316	0.5627322267841288	0.00010486305311901918	0.29948767656936603	-0.10005198785407819	0.5738651522146992	0.07410582484190192	0.914164810105388	0.17055829021332128	0.7440149811600436	7.833293425262139e-05
D979_	nonsense	70	189	127	129	52	29	14	188	133	96	44	36	10	133	89	61	122	0.00022296193945484235	0.0005591573792587928	0.0004940749604354036	0.00043027693285362974	0.00013716959597083722	0.00048796356538711777	0.0001937784208350558	0.0005789536561382873	0.0005476003661566627	0.0003194277961457908	0.0001932906662084962	0.00047171014049312833	0.00014553922282055013	0.0005031352082003529	0.00032245004711353465	0.0002699654705454609	0.00023180517811306815	0.5224379345535406	0.0004051697171296658	-0.3306124672415942	0.5193768079459473	0.0004098181211623092	-0.0575771303335295	0.5434021911308033	0.0003318389759931042	0.1411606925248777	-0.4010819835180594	-0.11110017823393115	-0.5106951610445548	-0.045328985478805095	-0.08234296835008201	-0.07821458185636812	0.00038227560476169304
D979I	missense	64	51	48	99	35	20	25	47	56	80	32	27	6	63	69	55	91	0.00020412008541640498	0.00015303254590240644	0.00018913807079167793	0.00033098225604125364	9.31718010367951e-05	0.00034157449577098246	0.00033588259611409674	0.0001470358491779777	0.00023293448411141625	0.00026673867513205213	0.00014174648855289722	0.00035696983604885385	9.261586906762282e-05	0.0002403033830210641	0.00025079448108830476	0.00024383977984751304	0.00017338273484879895	0.6188443112562366	0.00019158116844303328	0.5941909964072695	0.6278435512870135	0.00019711387424358584	0.7879826036166432	0.5964147328128448	0.0002270800947014202	0.5753717820220872	-0.007297934617179482	0.7849182420761495	-0.5859461134637473	-0.16879461515548824	0.6525151273486666	0.3080618134603306	0.00020525837912934645
D979R	missense	131	56	73	54	40	18	16	83	42	57	39	10	9	93	105	45	168	0.00041452078884562243	0.00016774721377763784	0.00028563708650171767	0.0001820402408226895	0.00010611232895857219	0.00030904359141184127	0.00021961554361306325	0.00025731273606146096	0.00017572250555773506	0.00019099806367480274	0.0001718139255186633	0.00014023814987633546	0.0001323083843823183	0.00035294559381218786	0.0003797744999337186	0.0002002969620176	0.0003184965455374676	0.5763676406756684	0.0001853842175151543	0.18672238882414924	0.5871125663048096	0.00019896180770316552	0.47046149286673217	0.5967517370120591	0.00031287840032524354	0.5781320903540969	-0.14835666742863324	0.4639524150005213	-0.025278807294009945	0.7511026056765134	0.4117719906816594	0.6075275103385174	0.00023240814184785445
D979F	missense	93	64	43	48	43	6	4	66	45	62	43	12	3	61	51	30	95	0.00029518904660218566	0.00019129068237800804	0.00016983826764966996	0.0001621813054602143	0.00011387664571163845	0.00011385816525699414	6.45928069450186e-05	0.00020523753947759388	0.0001879822152478096	0.0002074634139915961	0.00018899531807052962	0.00016573599530839644	5.292335375292732e-05	0.00023279390230165583	0.0001863044716655978	0.00013498273527273044	0.0001809211146248337	0.5779378523520838	0.00015929672529988267	0.20178505632268104	0.6203706688914024	0.0001974196216968823	0.7297272503568428	0.5898062120249117	0.00018375055596620446	0.5212432131920157	-0.24618002353231616	0.24136460513340458	-0.4957694831146592	-0.020840149594039122	0.48425183995717985	0.11026222776968272	0.00018015563432098982
D979S	missense	144	142	130	164	188	27	38	138	152	126	115	52	80	134	129	85	272	0.0004553448059289034	0.0004208395012316177	0.0005056548423206084	0.0005461207224680685	0.0004891519554431743	0.0004554326610279766	0.0005038238941711451	0.00042579131324456046	0.0006252451941938015	0.00041821989804655086	0.0004982603840041236	0.0006756929039496162	0.0010716979134967784	0.0005068899485600571	0.0004657611791639945	0.00037446823333725217	0.0005144944197143708	0.6406366199513754	0.0004904417553658673	0.8032394354365731	0.62565958243577	0.0004918791973722591	0.770957328735787	0.6204018703375153	0.0004654034451939186	0.7718438014354646	0.043854587830201845	0.901310976840567	0.20032302714207592	1.1212517087696205	0.782013521869275	1.0112813428050937	0.00048257479931068165
D979V	missense	138	80	79	81	78	13	18	129	109	121	75	14	19	92	105	83	226	0.00043650295189046604	0.00023837761957874848	0.00030879685027212725	0.000271405449953828	0.00020446034116407814	0.0002277163305139883	0.0002454526663910707	0.0003982220915236896	0.0004495226886360664	0.0004017545477297575	0.00032644645848546025	0.00019123384074045744	0.0002646167687646366	0.00034919085345248374	0.0003797744999337186	0.0003657596697712696	0.0004278030522899713	0.6079988074674417	0.0002557600652421955	0.49015265566736793	0.6041319725037801	0.00039398644659374346	0.6031374093210523	0.6432116318515853	0.00038063201886186086	0.9586722590785549	0.032573577420512784	0.8756421028600077	0.14105261447251505	1.0240056462788845	0.6839874413556584	0.9498238745694461	0.0003434595102325999
D979G	missense	141	139	52	94	133	20	26	180	131	128	57	36	18	147	153	114	155	0.0004459238789096847	0.00041201070050647887	0.0002045779133052843	0.00031443314323919094	0.0003468061483036262	0.00034157449577098246	0.00034880115750310044	0.000554447681275291	0.0005394272263632797	0.00042480603817326816	0.0002491301920020618	0.00047171014049312833	0.0002513859303264048	0.0005557015732362107	0.0005517478583942704	0.0005007424050440001	0.00029399681126535473	0.6166109178008936	0.0003194569763386451	0.5727665836885809	0.5521292593164024	0.0004419527844534751	0.1977467893672367	0.5700554141824736	0.00047554716198495897	0.3594698822500404	0.009092481570989868	0.8222130864512321	-0.27333424524995087	0.34411345992658476	0.3766610851019527	0.5831632731889085	0.0004123189742590264
D979M	missense	50	8	24	37	29	5	2	43	18	25	18	3	1	13	30	18	60	0.00016015575932671776	2.6486402175416498e-05	9.649901571003975e-05	0.00012577325729567639	7.764316753066258e-05	9.759271307742355e-05	3.875568416701116e-05	0.00013478286174647955	7.764482803713875e-05	8.561982164732537e-05	8.161161462136506e-05	5.099569086412198e-05	2.646167687646366e-05	5.256636503585777e-05	0.00011106612733910638	8.273135387683478e-05	0.00011496029158452974	0.6949844921727103	8.160046067794881e-05	1.3245856595274819	0.5751069718312664	9.491478151307719e-05	0.3768710802087036	0.6799530842081806	9.033103445908217e-05	1.2596113491745025	-0.40108198351805935	-0.11110017823393102	-0.284916117799766	0.32511086738486816	0.9870226963035625	0.10700534457546856	8.894875888336938e-05
D979C	missense	69	25	55	30	22	3	6	92	37	36	22	4	0	77	50	27	37	0.0002198216304484361	7.651627295120322e-05	0.00021615779519048906	0.00010260449937278863	5.952642844017465e-05	6.506180871828237e-05	9.042992972302605e-05	0.0002848819577823318	0.0001552896560742775	0.00012184359234427071	9.879300717323138e-05	6.374461358015247e-05	1.323083843823183e-05	0.00029286974805692187	0.0001827216933643363	0.00012191988992375652	7.161460787233e-05	0.5797820409807048	0.00011370124898866389	0.219475919621383	0.5130702252972915	0.00016520205334352787	-0.10674051610758381	0.48964296526116996	0.00016728148480433616	-0.2991662809559598	0.14298606083221632	1.1268752831912145	-0.6828561264718036	-0.32779666620412845	-0.06214362581405355	0.399539308493543	0.00014872826237884263
D979A	missense	93	125	115	143	88	15	38	158	98	97	76	18	26	134	111	69	159	0.00029518904660218566	0.000370809630455831	0.0004477554328945845	0.0004766144486994052	0.00023034139700763232	0.0002602472348731295	0.0005038238941711451	0.0004870562504020511	0.0004045704197724598	0.00032272086620914947	0.0003307418066234268	0.00024222953160457942	0.0003572326378322594	0.0005068899485600571	0.00040127116974128757	0.0003047997248093913	0.0003015351910413895	0.5928351110914706	0.0003813802272643632	0.344690919526571	0.5804400456361947	0.00038627233575177177	0.4184454128449497	0.5661903612307242	0.0003786240085380313	0.32781230085714425	0.2868926365164963	1.4543211078170821	0.16872404107037348	1.069406667782572	0.36364954440955494	1.261863887799827	0.00038209219051805543
D979W	missense	80	265	222	169	71	58	27	268	155	93	35	85	19	133	120	54	97	0.0002543650295189047	0.0007828203309623099	0.0008607712201335546	0.0005626698352701312	0.0001863436020735902	0.0009596616785946649	0.0003617197188921042	0.00082401340476825	0.0006375049038838761	0.0003095485859557148	0.00015463253296679695	0.0010964073535786225	0.0002646167687646366	0.0005031352082003529	0.00043351617445264103	0.00023948549806452176	0.00018469030451285105	0.5159383505835708	0.0005981512471098965	-0.39296143183593063	0.4733603606642049	0.0004814248568936595	-0.4163014150530729	0.5194240128425954	0.0003402067963075917	-0.05523794425672973	-0.4237459681540031	-0.16266993523173637	-0.6173545777153714	-0.22032706346793424	-0.28816693038191105	-0.19149849934983532	0.00047326096677038253
D979L	missense	135	76	41	70	64	6	11	80	70	48	47	5	4	66	72	64	87	0.00042708202487124733	0.00022660588527856338	0.0001621183463928668	0.00023499740178929007	0.00016822686298310227	0.00011385816525699414	0.00015502273666804465	0.0002481229954878374	0.00029014646266509745	0.00016136043310457473	0.00020617671062239594	7.649353629618297e-05	6.615419219115915e-05	0.00025156760410017647	0.00026154281599208924	0.0002830283158944348	0.00016584435507276422	0.6088597440444137	0.00019798712411095564	0.498411415674717	0.5898621345289933	0.00022645165046997638	0.49189593539265974	0.5943752092201117	0.00024049577276486617	0.5586666074887194	0.13403121817928987	1.1064993842933388	-0.06306736818340972	0.6891022147871685	0.5163246528520321	0.8978007995402537	0.00022164484911526606
D979T	missense	55	13	14	13	28	2	2	40	20	31	17	10	8	56	61	28	66	0.0001758573043587489	4.120107005064789e-05	5.7899409426023855e-05	4.6337515845775506e-05	7.505506194630717e-05	4.8796356538711774e-05	3.875568416701116e-05	0.00012559312117285594	8.581796783052178e-05	0.00010537824202747737	7.731626648339847e-05	0.00014023814987633546	0.00011907754594408647	0.00021402020050313521	0.00022213225467821276	0.00012627417170674784	0.00012626786124858184	0.6760220612054411	5.51232643171886e-05	1.1426835651067644	0.5852675365874224	9.85263993785634e-05	0.45607844061579	0.5598195921919707	0.00017217362203416942	0.2756310909494269	-0.10005198785407812	0.5738651522146996	-0.07103629785468504	0.6760274444609092	0.6247976988906604	0.6249462983378045	0.0001086077619099738
D979P	missense	49	19	33	37	61	4	2	35	23	32	43	2	1	26	29	38	77	0.00015701545032031152	5.8858671500925554e-05	0.00013123866136565408	0.00012577325729567639	0.000160462546230036	8.132726089785297e-05	3.875568416701116e-05	0.00011027688688348328	9.807767752059631e-05	0.00010867131209083605	0.00018899531807052962	3.824676814809149e-05	2.646167687646366e-05	0.00010137798971201142	0.00010748334903784489	0.00016981698953666088	0.00014699840563267737	0.7035548488145759	0.000119083284098073	1.4067990543068094	0.6859532097621125	0.00012650529864136132	1.2409803229787693	0.6723662983844918	0.00013141918347979865	1.1974700815845758	-0.3219007374704345	0.06906927047737274	-0.15997738119146607	0.5301001637385283	1.2817498196233847	0.29958471710795054	0.000125669255406411
D979K	missense	49	127	77	46	28	14	3	78	36	32	16	16	2	22	29	19	42	0.00015701545032031152	0.00037669549760592356	0.00030107692901532404	0.0001555616603393892	7.505506194630717e-05	0.00024398178269355888	5.167424555601488e-05	0.0002419965017720883	0.000151203086177586	0.00010867131209083605	7.30209183454319e-05	0.00021673168617251842	3.9692515314695496e-05	8.63590282731949e-05	0.00010748334903784489	8.708563565982608e-05	8.103758259237342e-05	0.48045339008634624	0.000227097287226736	-0.7333602259580075	0.5055300173888866	0.00014372295459648556	-0.1655207098939126	0.6124428499330503	9.049139889080983e-05	0.7066536631870289	-0.674083255581797	-0.7322887947356753	-0.7372137887943963	-0.41698228832124773	-0.06407575755496371	-0.5746355415284615	0.00015377054690467713
D979Y	missense	79	136	91	100	99	36	9	107	97	87	116	59	14	68	71	61	237	0.00025122472051249844	0.00040318189978134005	0.0003551163778129463	0.00033429207860166617	0.00025881055843554195	0.0006018217306441119	0.0001291856138900372	0.0003308306606504498	0.00040048384987576827	0.0002897901655755628	0.0005025557321420901	0.0007649353629618298	0.00019846257657347746	0.0002590770848195847	0.00025796003769082773	0.0002699654705454609	0.00044853359667406685	0.5830122450771339	0.0003378502286578736	0.25046249995810455	0.6581833727504369	0.00038091510206096776	1.0244987059212949	0.6837169130740857	0.000308884047432485	1.2904398320332924	-0.6682537119210732	-0.7190242185889527	-0.5859461134637473	-0.16879461515548824	0.8551336793042307	-0.44390941687222046	0.00034254979271710874
D979E	missense	56	56	56	69	100	8	6	80	42	42	89	4	0	53	47	42	181	0.00017899761336515513	0.00016774721377763784	0.00022001775581889066	0.00023168757922887754	0.00026139866401989737	0.00014638906961613534	9.042992972302605e-05	0.0002481229954878374	0.00017572250555773506	0.00014160201272442273	0.0003865813324169924	6.374461358015247e-05	1.323083843823183e-05	0.00020275597942402283	0.0001719733584605518	0.00018723411666862608	0.00034299627980958054	0.6665257664787022	0.00022021280321132586	1.051587866300433	0.6750581625600331	0.0002380072115467469	1.15604725566433	0.6852211406223144	0.00022623993359069535	1.302760544488198	-0.20919645727914618	0.3255172179781666	-0.6828561264718036	-0.32779666620412845	1.1701318888176537	-0.0011397241129809388	0.00022815331611625604
D979D	silent	81	72	56	75	21	4	4	86	61	35	28	5	4	51	66	59	94	0.0002575053385253109	0.00021483415097837827	0.00022001775581889066	0.00025154651459135277	5.6938322855819224e-05	8.132726089785297e-05	6.45928069450186e-05	0.0002665024766350846	0.0002533673335948738	0.00011855052228091205	0.0001245650960010309	7.649353629618297e-05	6.615419219115915e-05	0.00019524649870461457	0.00024004614618452024	0.00026125690697947825	0.000179036519680825	0.5506462954006391	0.00018583418606111021	-0.060016364499313746	0.5331520871392078	0.00019074635712797532	0.049808977619549895	0.62108559666957	0.00021889651788735952	0.7774440150102078	-0.10005198785407819	0.5738651522146992	-0.06306736818340972	0.6891022147871685	0.255745542710148	0.6314836835009339	0.00019849235369214836
D979N	missense	34	31	18	21	21	8	2	23	34	14	12	0	1	26	21	15	19	0.00010991081522421806	9.417387440148089e-05	7.333925193963022e-05	7.28160963290758e-05	5.6938322855819224e-05	0.00014638906961613534	3.875568416701116e-05	7.351792458898885e-05	0.00014302994638420297	4.939605095038002e-05	5.5839525793565566e-05	1.2748922716030496e-05	2.646167687646366e-05	0.00010137798971201142	7.882112262775292e-05	6.966850852786088e-05	3.7691898880173686e-05	0.5778077434214387	7.431688638150153e-05	0.20053695226745513	0.5680249237256364	8.044586192928435e-05	0.321662501730515	0.5379698058809711	7.188987993694972e-05	0.09666552509740652	-0.5771732425737406	-0.511779210840455	0.31714387352819634	1.3129218324655807	0.2062883263651256	0.40057131081256286	7.555087608257853e-05
D979Q	missense	40	3	16	9	47	0	5	8	4	26	21	0	2	24	8	25	49	0.00012875266926265546	1.1771734300185111e-05	6.561933068282704e-05	3.309822560412536e-05	0.00012422906804906013	1.6265452179570593e-05	7.751136833402232e-05	2.756922172087082e-05	2.0432849483457566e-05	8.891289171068403e-05	9.449765903526481e-05	1.2748922716030496e-05	3.9692515314695496e-05	9.386850899260315e-05	3.2245004711353466e-05	0.00011321132635777392	9.422974720043421e-05	0.7873493034051652	5.867958965904941e-05	2.2106193459761396	0.7704465577013041	5.78531554875693e-05	1.8996538537159369	0.6557483540188224	8.338864681554119e-05	1.0613570883329106	0.6780992625295655	2.344474845718484	0.49323513258387763	1.6018380186522772	1.7238767626749958	1.9731564321853807	6.664046398738664e-05
D979H	missense	49	12	8	8	16	0	9	13	1	16	17	1	1	16	9	31	26	0.00015701545032031152	3.825813647560161e-05	3.4739645655614314e-05	2.9788403043712825e-05	4.399779493404213e-05	1.6265452179570593e-05	0.0001291856138900372	4.2885456010243496e-05	8.173139793383025e-06	5.5982191077097355e-05	7.731626648339847e-05	2.549784543206099e-05	2.646167687646366e-05	6.383058611497015e-05	3.582778301261496e-05	0.00013933701705572175	5.0884063488234475e-05	0.6354470977983366	3.6695995027242716e-05	0.7534575825554806	0.7274516555956906	4.608926334103059e-05	1.5644842259958416	0.6528864482443375	7.246986241788533e-05	1.037916008449763	0.8999480121459218	2.849270727455811	0.01611387786421517	0.8190163499252244	1.118619272333695	1.8341435386905176	5.1751706928719535e-05
I980C	missense	97	106	79	69	54	10	10	72	49	42	49	15	14	63	81	44	90	0.00030775028262781056	0.0003148938925299517	0.00030879685027212725	0.00023168757922887754	0.00014234580713954806	0.0001789199739752765	0.00014210417527904092	0.0002236170206248411	0.00020432849483457564	0.00014160201272442273	0.00021476740689832912	0.00020398276345648793	0.00019846257657347746	0.0002403033830210641	0.0002937878207034427	0.00019594268023460871	0.00017149813990479027	0.5504862253721212	0.00024943103229262614	-0.061551878247084406	0.6107717672939099	0.00019607873377054213	0.6548983725738343	0.5828133580167216	0.00022538300596597644	0.4639666770884896	-0.10005198785407812	0.5738651522146996	-0.011914845736028364	0.7730291046202047	0.3524377238050798	0.6734471284174521	0.0002236309240097149
I980M	missense	67	33	16	32	58	4	2	29	19	72	61	2	3	40	38	73	133	0.00021354101243562366	0.00010005974155157344	6.561933068282704e-05	0.0001092241444936137	0.00015269822947696976	8.132726089785297e-05	3.875568416701116e-05	9.189740573623606e-05	8.173139793383026e-05	0.00024039411462518277	0.0002663115845539281	3.824676814809149e-05	5.292335375292732e-05	0.0001539443547478692	0.00013972835374919835	0.00032221685194135655	0.0002525357224971637	0.6839100783496798	0.00010690036155124598	1.2183514392227053	0.750288598896696	0.00017008362571229428	1.742511141039417	0.6938404936552721	0.00021710632073389694	1.373359284945675	-0.3219007374704345	0.06906927047737274	0.14105261447251513	1.0240056462788847	1.4447406217359324	0.5465374583781287	0.00016469676933247908
I980I	silent	60	35	30	56	170	3	36	33	22	83	100	8	35	49	34	77	165	0.00019155884939078005	0.00010594560870166599	0.0001196587794804493	0.00018865988594351458	0.0004425660549247767	6.506180871828237e-05	0.00047798677139313764	0.0001041503931677342	9.39911076239048e-05	0.0002766178853221281	0.0004338301619346248	0.00011474030444427445	0.0004763101837763459	0.0001877370179852063	0.00012539724054415238	0.00033963397907332176	0.0003128427607054416	0.7823914940557807	0.00021420758226260164	2.1630602589609618	0.7861929840206147	0.00022714738701209796	2.0224061705929683	0.701318772223345	0.0002414027495770305	1.4346117995691454	0.8660897448849545	2.7722294373622023	0.6181738691921775	1.806827315005937	1.8733594097076918	2.2895283761840695	0.00022758590628391002
I980L	missense	154	189	128	121	88	25	13	110	81	80	55	36	14	104	77	57	154	0.0004867478959929657	0.0005591573792587928	0.0004979349210638052	0.00040379835237032945	0.00023034139700763232	0.0004229017566688354	0.0001808598594460521	0.00034002040122407346	0.0003350987315287041	0.00026673867513205213	0.0002405394957261286	0.00047171014049312833	0.00019846257657347746	0.00039424773776893326	0.0002794567074983967	0.0002525483434134957	0.00029211221632134606	0.5451333344795678	0.0004228080124251399	-0.11290088862669989	0.5862225548288319	0.0002955993259027396	0.4635233490296492	0.5908030509064206	0.00030459125125054294	0.5294080451932663	-0.368897300146658	-0.03786697025327451	-0.37599658714709855	0.17567345645918025	0.2933435018654052	0.06890324310295287	0.0003409995298594741
I980G	missense	183	152	99	180	113	19	28	156	91	147	80	17	13	131	130	106	161	0.0005778168571787464	0.00045026883698208046	0.000385996062840159	0.0005990778834346691	0.0002950440366165178	0.00032530904359141186	0.0003746382802811079	0.00048092975668630205	0.0003759644304956192	0.00048737436937708285	0.00034792319917529316	0.0002294806088885489	0.00018523173813524564	0.0004956257274809447	0.000469343957465256	0.0004659081507800696	0.00030530438092940684	0.6067531709094492	0.00043259670496835663	0.47820356015440607	0.6037546437425794	0.0004230479389335743	0.6001959177900542	0.5836449048356342	0.00043404555416391927	0.47077764745043893	0.06131601438089673	0.9410428041656814	-0.09303059156085286	0.6399409999120249	0.516392375131633	0.7904919020388532	0.00042989673268861673
I980R	missense	103	157	115	144	134	24	40	148	107	129	88	10	52	101	101	65	156	0.00032659213666624793	0.00046498350485731186	0.0004477554328945845	0.0004799242712598178	0.0003493942538879816	0.0004066363044892648	0.0005296610169491525	0.0004564237818233058	0.0004413495488426834	0.00042809910823662684	0.0003822859842790258	0.00014023814987633546	0.000701234437226287	0.0003829835166898209	0.0003654433867286726	0.0002873825976774261	0.0002958814062093634	0.6024261956592479	0.00043551436572492394	0.43669591475404557	0.6077545391837876	0.0004270396057954105	0.631377369550449	0.5931450929574813	0.00033292272682632074	0.5485910648782826	0.11479186019361973	1.0627220418686854	0.698997062306779	1.9394354230706181	0.538888116394259	1.5010787324696517	0.00039849223278221843
I980N	missense	69	79	70	73	43	20	13	96	66	51	22	32	3	48	71	32	62	0.0002198216304484361	0.00023543468600370222	0.00027405720461651294	0.00024492686947052766	0.00011387664571163845	0.00034157449577098246	0.0001808598594460521	0.00029713494521382995	0.00027380018307833135	0.00017123964329465073	9.879300717323138e-05	0.0004207144496290064	5.292335375292732e-05	0.0001839822776255022	0.00025796003769082773	0.00014369129883871304	0.0001187294814725471	0.5683078228056692	0.00021707385145059528	0.10940647116923514	0.5213119676633114	0.00021024194469001085	-0.042491463654847204	0.5699809463976203	0.0001760907739068975	0.3588599371885955	-0.2761432469097594	0.17318611960817545	-0.90034007068571	-0.6846265966395357	0.14192498156766115	-0.25572023851568015	0.0002011355233491679
I980Y	missense	79	68	38	127	564	13	154	29	37	122	202	18	209	52	26	75	275	0.00025122472051249844	0.00020306241667819314	0.00015053846450766202	0.0004236572877328046	0.001462279655160812	0.0002277163305139883	0.0020023770152955765	9.189740573623606e-05	0.0001552896560742775	0.00040504761779311616	0.0008719556720072161	0.00024222953160457942	0.0027784760720286844	0.0001990012390643187	9.673501413406039e-05	0.00033092541550733913	0.0005201482045463969	0.8510941127628647	0.000559884456019868	2.822108155118247	0.8374023385427711	0.00038104758790271146	2.421612110144035	0.7555394344076494	0.00028670246831302877	1.8787182704777532	0.9441516746379752	2.9498519875363054	1.0595795716453054	2.5310498164390816	2.3741461785800118	2.7404509019876935	0.00040921150407853606
I980W	missense	75	101	30	96	64	10	22	55	45	107	33	9	15	69	75	59	129	0.00023866348448687351	0.0003001792246547203	0.0001196587794804493	0.000321052788360016	0.00016822686298310227	0.0001789199739752765	0.0002971269119470856	0.00017154182404097398	0.0001879822152478096	0.0003556515668427361	0.0001460418366908638	0.00012748922716030494	0.0002116934150117093	0.0002628318251792889	0.00027229115089587373	0.00026125690697947825	0.00024499734272112893	0.5982621136874494	0.00022727941386957196	0.39675086586674135	0.6382326322324904	0.00021530436070559588	0.8689713772227768	0.6172533245286311	0.00026034430644394246	0.746054932186236	0.22028316300528977	1.3027575404258076	0.22023386052013996	1.1539197814169404	0.6705923917585848	1.228338660921374	0.00023430936033970342
I980V	missense	169	162	99	146	119	41	38	137	125	132	116	54	25	120	173	88	170	0.0005338525310890591	0.00047969817273254325	0.000385996062840159	0.00048654391638064284	0.0003105726701226503	0.0006831489915419649	0.0005038238941711451	0.0004227280663866859	0.0005149078069831306	0.00043797831842670287	0.0005025557321420901	0.0007011907493816772	0.0003440017993940276	0.0004543235835241993	0.0006234034244195003	0.0003875310786862261	0.000322265735425485	0.594417097176058	0.00041570270551899885	0.35986653612486386	0.6358186103556129	0.0004695424809846524	0.8501527086328665	0.5808015757446906	0.0004468809555138527	0.4474887240522238	-0.1322366712254794	0.5006319442340431	-0.30927546365921066	0.28514403801778393	0.5525026562699847	0.39288799112591355	0.000444042047339168
I980H	missense	61	3	7	27	45	6	15	13	7	26	36	5	30	20	24	34	61	0.0001946991583971863	1.1771734300185111e-05	3.087968502721272e-05	9.267503169155101e-05	0.0001190528568803493	0.00011385816525699414	0.00020669698222405952	4.2885456010243496e-05	3.26925591735321e-05	8.891289171068403e-05	0.00015892788110476354	7.649353629618297e-05	0.00041015599158518673	7.884954755378666e-05	8.95694575315374e-05	0.00015239986240469565	0.00011684488652853843	0.8135170601988896	6.359482697482453e-05	2.461640418922247	0.7812786481585307	8.08546969998058e-05	1.9840961375257888	0.6755000757356285	0.00010941593850463953	1.2231379864747072	0.25896995478758983	1.3907856821354454	0.7293243213148441	1.9891939179390978	1.8896248476409145	1.6899898000372717	8.462182082642329e-05
I980Q	missense	20	6	12	11	0	4	1	18	3	12	2	8	0	13	14	5	11	6.594648913453083e-05	2.0600535025323943e-05	5.017948816922067e-05	3.9717870724950433e-05	2.5881055843554194e-06	8.132726089785297e-05	2.583712277800744e-05	5.8201690299616175e-05	1.634627958676605e-05	4.2809910823662684e-05	1.2886044413899746e-05	0.00011474030444427445	1.323083843823183e-05	5.256636503585777e-05	5.3741674518922446e-05	2.6125690697947826e-05	2.2615139328104212e-05	0.5537059118169402	2.8271499875962618e-05	-0.030666191243056588	0.5199247476263629	3.256098128098616e-05	-0.053305629999680124	0.5302962613805172	3.876221739520806e-05	0.03381364114451687	-0.4979919965261158	-0.33160976212915133	-0.9381286315751097	-0.7466269875288806	-0.01671939336607328	-0.5391183748290159	3.319823285071895e-05
I980S	missense	175	314	220	190	63	43	17	268	212	182	87	47	16	175	158	97	216	0.0005526943851274966	0.0009270240761395774	0.0008530512988767514	0.0006321761090387944	0.00016563875739874684	0.000715679895901106	0.00023253410500206697	0.00082401340476825	0.0008704393879952922	0.0006026318215946362	0.00037799063614105924	0.0006119482903694638	0.00022492425344994112	0.0006608343033079263	0.0005696617499005779	0.00042671961473314784	0.0004089571028498845	0.5035328838977418	0.0006444725603634674	-0.5119641259690719	0.549961182307744	0.0006687688126248094	0.1808454004054589	0.5706377904812554	0.0005165431926978842	0.36423996569007	-0.48823215923695945	-0.3094021739479589	-0.43467843813309814	0.07939305801027138	0.01104041337548567	-0.11500455796884375	0.0006099281885620536
I980_	nonsense	29	77	90	100	21	13	24	59	27	25	25	34	5	51	28	19	43	9.420927019218691e-05	0.00022954881885360967	0.0003512564171845447	0.00033429207860166617	5.6938322855819224e-05	0.0002277163305139883	0.000322964034725093	0.00018379481147247213	0.00011442395710736236	8.561982164732537e-05	0.00011167905158713113	0.00044621229506106735	7.938503062939099e-05	0.00019524649870461457	0.00010390057073658339	8.708563565982608e-05	8.292217753638211e-05	0.5562273380281995	0.00024300890937390996	-0.006478748739137605	0.5631577479717823	0.00012387941045357274	0.28372010843327433	0.5307379791635662	0.00011728872065935154	0.03743162952504724	0.15175998513972142	1.1468395194772552	-0.7498029161024168	-0.437637502377625	0.10489099640639465	0.3546010085498151	0.00016139234682894474
I980F	missense	70	114	89	64	38	27	14	142	81	68	27	36	5	84	71	17	39	0.00022296193945484235	0.0003384373611303219	0.00034739645655614313	0.00021513846642681487	0.00010093611778986136	0.0004554326610279766	0.0001937784208350558	0.0004380443006760586	0.0003350987315287041	0.0002272218343717481	0.0001202697478630643	0.00047171014049312833	7.938503062939099e-05	0.00031915293057485075	0.00025796003769082773	7.837707209384348e-05	7.538379776034737e-05	0.519605919245453	0.00025047710047578533	-0.3577793171492809	0.5066295090832705	0.00028015865360989377	-0.15694954903900998	0.4692121067050869	0.00018271845952996734	-0.46650980140454545	-0.3711187601406161	-0.0429216927087019	-0.7739365958191361	-0.4772340771298163	-0.3270795558642788	-0.2600778849192591	0.00023778473787188216
I980T	missense	91	54	38	81	80	8	13	55	46	78	23	8	14	54	36	48	86	0.0002889084285893732	0.00016186134662754526	0.00015053846450766202	0.000271405449953828	0.00020963655233278896	0.00014638906961613534	0.0001808598594460521	0.00017154182404097398	0.0001920687851445011	0.0002601525350053348	0.00010308835531119797	0.00011474030444427445	0.00019846257657347746	0.00020651071978372695	0.00013256279714667535	0.00021335980736657392	0.00016395976012875552	0.666621294418322	0.00019836045335545606	1.0525042431258793	0.6013919011616287	0.00018171287487550196	0.5817770003725805	0.6168243437570005	0.00017909827110643292	0.742541269148906	0.09183353838483502	1.010482548426797	0.23796262748057154	1.183007697327525	0.7922741708824552	1.096745122877161	0.00018639053311246363
I980K	missense	13	44	42	25	3	5	0	27	63	9	2	0	0	13	35	14	17	4.396432608968722e-05	0.0001324320108770825	0.00016597830702126838	8.605538657072594e-05	1.0352422337421678e-05	9.759271307742355e-05	1.291856138900372e-05	8.577091202048699e-05	0.0002615404733882568	3.293070063358668e-05	1.2886044413899746e-05	1.2748922716030496e-05	1.323083843823183e-05	5.256636503585777e-05	0.00012898001884541387	6.531422674486956e-05	3.392270899215632e-05	0.4837445535751103	9.870453170162463e-05	-0.7017888766557723	0.48278670459953604	9.828203261405756e-05	-0.34281772203743005	0.5717575386982429	7.019582990457438e-05	0.37341151411679613	-0.8782032382377217	-1.1967445412890854	0.01611387786421517	0.8190163499252244	-0.22373169485880204	-0.18886409568193047	8.906079807341885e-05
I980D	missense	57	5	3	9	29	4	4	14	7	35	29	5	4	20	25	35	52	0.00018213792237156137	1.7657601450277664e-05	1.543984251360636e-05	3.309822560412536e-05	7.764316753066258e-05	8.132726089785297e-05	6.45928069450186e-05	4.594870286811803e-05	3.26925591735321e-05	0.00011855052228091205	0.00012886044413899745	7.649353629618297e-05	6.615419219115915e-05	7.884954755378666e-05	9.31522358327989e-05	0.00015675414418768696	9.988353203246026e-05	0.7967330705997988	3.5959709274667996e-05	2.3006355949057506	0.7532743827954949	8.151305711538991e-05	1.7657870186156661	0.6619494277041004	0.00010715986490168319	1.1121483704617048	-0.10005198785407819	0.5738651522146992	-0.06306736818340972	0.6891022147871685	1.7261903279943738	0.6314836835009339	7.48775437639137e-05
I980E	missense	15	0	2	6	2	1	3	5	6	4	5	1	0	7	2	15	34	5.0244944102499685e-05	2.942933575046278e-06	1.157988188520477e-05	2.3168757922887753e-05	7.764316753066258e-06	3.2530904359141185e-05	5.167424555601488e-05	1.8379481147247212e-05	2.860598927684059e-05	1.646535031679334e-05	2.5772088827799493e-05	2.549784543206099e-05	1.323083843823183e-05	3.003792287763301e-05	1.0748334903784488e-05	6.966850852786088e-05	6.596082304030395e-05	0.6966437008869397	1.1363972534051265e-05	1.3405020544623083	0.6390619490696549	2.230572739217016e-05	0.8754363719538181	0.7431080954400385	4.4103897337395586e-05	1.7768966059099518	0.200978007809903	1.2588304826633299	-0.284916117799766	0.32511086738486816	1.3309450107753593	0.791970675024099	2.592453242120567e-05
I980A	missense	67	104	79	98	47	12	10	96	70	80	62	13	5	81	104	44	124	0.00021354101243562366	0.0003090080253798592	0.00030879685027212725	0.0003276724334808411	0.00012422906804906013	0.0002114508783344177	0.00014210417527904092	0.00029713494521382995	0.00029014646266509745	0.00026673867513205213	0.0002706069326918947	0.00017848491802442692	7.938503062939099e-05	0.0003078887094957384	0.0003761917216324571	0.00019594268023460871	0.00023557436800108553	0.5624289407582176	0.0002674265942954719	0.053011752626573684	0.6135526686113704	0.0002811567539257186	0.6765770743187522	0.5804955894454552	0.00027889936984097245	0.4449824747733437	-0.17260265500268984	0.40878295969728623	-0.3518629074303792	0.21527003121137167	0.39152376723955656	0.3120264954543289	0.00027582757268738767
I980P	missense	82	27	14	19	35	6	2	18	19	23	26	5	11	33	32	31	70	0.0002606456475317171	8.240214010129577e-05	5.7899409426023855e-05	6.619645120825072e-05	9.31718010367951e-05	0.00011385816525699414	3.875568416701116e-05	5.8201690299616175e-05	8.173139793383026e-05	7.903368152060803e-05	0.00011597439972509772	7.649353629618297e-05	0.00015877006125878198	0.0001276611722299403	0.00011823168394162938	0.00013933701705572175	0.0001338062410246166	0.6419378197054578	7.491745044309136e-05	0.815721535486712	0.6886755150645353	8.373529236978804e-05	1.262202235579295	0.6345225887015375	0.000129759028562977	0.8875027061169285	-0.46802877314867253	-0.26343127660392207	0.31714387352819634	1.3129218324655807	0.9884754923943118	0.5247452779308293	9.613725712528548e-05
L981P	missense	71	48	23	81	77	3	35	46	33	74	30	6	26	38	54	68	116	0.0002261022484612486	0.0001442037451772676	9.263905508163816e-05	0.000271405449953828	0.00020187223557972272	6.506180871828237e-05	0.00046506821000413394	0.00014397260232010316	0.00013894337648751146	0.00024698025475190013	0.00013315579227696404	8.924245901221346e-05	0.0003572326378322594	0.00014643487402846094	0.0001970528065693823	0.0003004454430264	0.00022049760844901605	0.6869211586479927	0.00017753012144811411	1.2472360170322438	0.6392497204573832	0.0001657630064591197	0.8769001563338077	0.6720802384214474	0.0002161076830183148	1.1951270434227754	0.8541905215852468	2.7451538783250085	0.6023796020089456	1.7809133686654768	1.1064210722629422	2.2630336234952426	0.00018646693697518284
L981G	missense	171	115	91	135	65	20	19	149	121	109	62	53	13	148	164	98	190	0.0005401331491018716	0.0003413802947053682	0.0003551163778129463	0.0004501358682161049	0.0001708149685674577	0.00034157449577098246	0.0002583712277800744	0.00045948702868118033	0.0004985615273963645	0.0003622377069694535	0.0002706069326918947	0.0006884418266656468	0.00018523173813524564	0.0005594563135959148	0.0005911584197081469	0.00043107389651613913	0.00035995763430565867	0.5854655512773169	0.00032936187732546924	0.27399648338242966	0.5697665539178233	0.0003977232989347233	0.33523949608457676	0.576163828404379	0.00048541156603146485	0.4095022163022722	-0.12124128692401627	0.525650902975511	-0.5701518462805153	-0.14288066881502764	0.3395793985897595	0.19138511708024167	0.00040416558076388577
L981T	missense	77	69	67	97	386	17	97	100	39	174	194	11	130	55	61	83	326	0.00024494410249968596	0.00020600535025323943	0.00026247732273130815	0.0003243626109204286	0.0010015968611455472	0.00029277813923227067	0.0012660190161223647	0.0003093879326453281	0.00016346279586766053	0.000576287261087767	0.0008375928869034836	0.00015298707259236595	0.0017332398354083698	0.00021026546014343107	0.00022213225467821276	0.0003657596697712696	0.0006162625466908397	0.7955724971142145	0.0004486105362626309	2.2895024892337337	0.7573346742816506	0.00047168271912605977	1.7974392917737019	0.7453336651141728	0.0003536049828209383	1.7951256325194256	0.6359015827351107	2.2484580098519427	1.0542039274723545	2.522229897602255	1.9606891378422873	2.385343953727099	0.0004246327460698763
L981I	missense	100	57	60	96	136	10	20	106	95	92	94	17	20	104	78	79	185	0.00031717120964702927	0.0001706901473526841	0.000235457598332497	0.000321052788360016	0.00035457046505669244	0.0001789199739752765	0.00027128978916907815	0.0003277674137925753	0.00039231071008238524	0.00030625551589235614	0.0004080580731068253	0.0002294806088885489	0.00027784760720286846	0.00039424773776893326	0.0002830394857996582	0.00034834254263930433	0.00035053465958561524	0.6986334380923264	0.00027044274977547236	1.359589130672705	0.6384915015162167	0.0003585979282185355	0.8709894099942339	0.6190199571653341	0.0003440411064483778	0.7605249322576337	0.18077462172161615	1.2128595853192932	0.0830606674948284	0.9288571860987211	0.9970344909748577	1.0708583857090073	0.00032436059481412855
L981W	missense	62	39	24	40	84	11	19	77	42	70	46	5	21	49	77	64	128	0.0001978394674035925	0.00011771734300185111	9.649901571003975e-05	0.000135702724976914	0.00021998897467021065	0.0001951854261548471	0.0002583712277800744	0.00023893325491421377	0.00017572250555773506	0.00023380797449846542	0.00020188136248442935	7.649353629618297e-05	0.00029107844564110026	0.0001877370179852063	0.0002794567074983967	0.0002830283158944348	0.00024311274777712025	0.7008935145759022	0.0001424770145897539	1.3812695073408163	0.617198724890126	0.0002125862743637109	0.7050001492822715	0.6463546831874415	0.00024833369728878953	0.9844161246165115	0.1217967617622782	1.0786610339520262	0.5803853083027777	1.744826924116592	1.0235619270798664	1.4117439790343091	0.0002011323287474181
L981R	missense	210	137	122	132	193	19	29	137	94	159	97	10	20	97	138	141	307	0.0006626052003517146	0.0004061248333563863	0.00047477515729339563	0.0004402064005348673	0.0005020924833649514	0.00032530904359141186	0.0003875568416701116	0.0004227280663866859	0.00038822414018569373	0.0005268912101373869	0.00042094411752072506	0.00014023814987633546	0.00027784760720286846	0.0003679645552510044	0.000498006183875348	0.0006183080131847653	0.0005804552427546748	0.6423687986540793	0.00045579971863740013	0.819855814131723	0.634474938043905	0.0004396968835576229	0.8396780214853836	0.6708759998643483	0.0005161834987664481	1.1852634579522139	0.07603927120160305	0.9745441848212232	0.29694048743990936	1.279773763174762	0.9482657645231068	1.1271589739979926	0.0004705600336538237
L981S	missense	150	102	57	51	115	13	31	58	75	149	106	5	29	105	99	102	258	0.0004741866599673408	0.0003031221582297666	0.00022387771644729224	0.00017211077314145188	0.00030022024778522866	0.0002277163305139883	0.00041339396444811904	0.0001807315646145976	0.000310579312148555	0.0004939605095038003	0.0004596022507624243	7.649353629618297e-05	0.00039692515314695493	0.0003980024781286374	0.0003582778301261496	0.0004484910236481044	0.00048811009049824924	0.6174358544670383	0.0002498327239009348	0.5806800051056542	0.7132424273703103	0.0003612184092573442	1.4537152394124582	0.6516214769873999	0.00042322035560028514	1.027554978206167	0.25896995478758983	1.3907856821354454	0.715083882200234	1.9658293660545776	1.0206500742414264	1.6783075240950116	0.0003447571629195214
L981A	missense	114	110	99	159	105	18	30	104	130	94	46	34	13	118	130	82	148	0.0003611355357367165	0.0003266656268301368	0.000385996062840159	0.0005295716096660058	0.00027433919194167443	0.00030904359141184127	0.00040047540305911534	0.00032164092007682624	0.0005353406564665882	0.00031284165601907344	0.00020188136248442935	0.00044621229506106735	0.00018523173813524564	0.00044681410280479107	0.000469343957465256	0.00036140538798827825	0.00028080464665729396	0.6238952260840952	0.000379143122819494	0.6426432221537474	0.5719840595302513	0.0003429261487617293	0.3525262090246138	0.5763941106166993	0.0003895920237289048	0.41138839431092483	0.11255610502736557	1.0576347920985165	-0.38182613080782246	0.1661088163362278	0.4688526084964287	0.6118718042173722	0.0003705537651033761
L981_	nonsense	63	73	60	74	45	8	1	132	77	52	26	10	5	108	91	39	48	0.00020097977640999874	0.00021777708455342454	0.000235457598332497	0.00024823669203094024	0.0001190528568803493	0.00014638906961613534	2.583712277800744e-05	0.00040741183209731325	0.00031875245194193803	0.0001745327133580094	0.00011597439972509772	0.00014023814987633546	7.938503062939099e-05	0.0004092666992077498	0.0003296156037160577	0.00017417127131965217	9.234515225642552e-05	0.5818273583005495	0.00020513105794930277	0.23909616266284242	0.49977123402612156	0.0002541678492805896	-0.2104136897890017	0.48746638471715514	0.0002513496816249713	-0.31699405112898027	-0.7532645016294218	-0.9124582434469789	-0.24712755691036625	0.38711125827421305	-0.09610385941837984	-0.26267349258638295	0.0002368828629516212
L981V	missense	190	385	268	306	642	58	134	251	190	328	310	106	130	194	173	249	537	0.00059979902022359	0.001135972359967863	0.0010383294090400277	0.0010161155260466487	0.0016641518907405347	0.0009596616785946649	0.0017440057875155023	0.0007719382081843829	0.000780534850268079	0.0010834200508450017	0.001335853270907607	0.001364134730615263	0.0017332398354083698	0.0007321743701423047	0.0006234034244195003	0.001088570445747826	0.0010139120798766722	0.6652282017603165	0.0012136422964487685	1.039140636283976	0.6877756091969929	0.0009929365950512676	1.255186959352676	0.672366877280962	0.0008645150800465758	1.1974748231657009	0.2594297689987838	1.3918319459551711	0.10400139583476971	0.9632150264616799	1.1639341396007843	1.1775234862084254	0.0010236979905155373
L981F	missense	102	72	41	91	83	6	9	77	68	64	47	8	7	76	77	40	102	0.00032345182765984175	0.00021483415097837827	0.0001621183463928668	0.00030450367555795335	0.00021740086908585523	0.00011385816525699414	0.0001291856138900372	0.00023893325491421377	0.0002819733228717144	0.00021404955411831342	0.00020617671062239594	0.00011474030444427445	0.00010584670750585465	0.00028911500769721775	0.0002794567074983967	0.00017852555310264348	0.00019411327923289447	0.6458717121399884	0.0002247142605037634	0.8534584308405875	0.602926415629238	0.0002352832106316594	0.593739410278209	0.5737446856602575	0.0002353026368827881	0.38968768613176175	0.05484997213166504	0.926329935582035	-0.035038644583166134	0.7350894600921885	0.6122951757501861	0.8307096978371118	0.00023176670267273698
L981H	missense	72	71	36	46	38	15	12	58	49	37	25	13	3	71	74	31	94	0.00022924255746765483	0.00021189121740333198	0.00014281854325085884	0.0001555616603393892	0.00010093611778986136	0.0002602472348731295	0.00016794129805704837	0.0001807315646145976	0.00020432849483457564	0.00012513666240762937	0.00011167905158713113	0.00017848491802442692	5.292335375292732e-05	0.0002703413058986971	0.0002687083725946122	0.00013933701705572175	0.000179036519680825	0.5595307932578314	0.00015280188469586034	0.02521051231248255	0.5674424089710978	0.00015546894336098343	0.31712146909970257	0.5662067303769593	0.000214355803807464	0.3279463760136144	-0.19022861820316614	0.3686767447619278	-0.5279541664860604	-0.07364615497532452	0.2234261191419332	0.14751529489330165	0.00017420887728810262
L981C	missense	100	76	34	30	26	9	7	92	41	49	48	14	10	53	65	57	76	0.00031717120964702927	0.00022660588527856338	0.00013509862199405565	0.00010260449937278863	6.987885077759632e-05	0.00016265452179570593	0.00010334849111202976	0.0002848819577823318	0.00017163593566104355	0.0001646535031679334	0.00021047205876036253	0.00019123384074045744	0.00014553922282055013	0.00020275597942402283	0.00023646336788325876	0.0002525483434134957	0.0001451138106886687	0.5073739581640009	0.00013354696435575097	-0.4751176132479936	0.5903980128034355	0.00020791086384291783	0.4960734102315812	0.6015735157230029	0.00020922037535236148	0.6176259482406091	-0.19696200086213458	0.3533555683194792	-0.1185846960332411	0.5980139079872392	0.21286058174139888	0.4756847381533592	0.00018355940118367677
L981L	silent	176	138	79	139	136	18	18	115	88	185	98	22	32	107	110	148	299	0.0005558346941339028	0.0004090677669314326	0.00030879685027212725	0.0004633751584577551	0.00035457046505669244	0.00030904359141184127	0.0002454526663910707	0.0003553366355134461	0.00036370472080554466	0.0006125110317847123	0.0004252394656586916	0.0002932252224687014	0.00043661766846165044	0.00040551195884804567	0.0003976883914400261	0.0006487879856657044	0.0005653784832026053	0.6242745199567733	0.0003839525601795018	0.6462816981466293	0.6576244398584368	0.0004391979634405987	1.0201415072731383	0.6702755517954662	0.0005043417047890953	1.1803453536338138	-0.10005198785407812	0.5738651522146996	0.17289998172450982	1.0762582108631602	0.9489228530178604	0.8250616815389299	0.00044249740946973197
L981N	missense	72	53	51	84	79	19	19	103	53	93	39	25	18	101	96	58	80	0.00022924255746765483	0.000158918413052499	0.0002007179526768827	0.0002813349176350656	0.00020704844674843356	0.00032530904359141186	0.0002583712277800744	0.0003185776732189517	0.0002206747744213417	0.0003095485859557148	0.0001718139255186633	0.00033147199061679287	0.0002513859303264048	0.0003829835166898209	0.00034752949522236514	0.00025690262519648696	0.00015265219046470342	0.6581665434859687	0.0002120049325282202	0.9713998264477022	0.5819600870989426	0.0002551537397786679	0.43029499747563155	0.539301058476834	0.00028501695689334405	0.10756944748453894	-0.10005198785407819	0.5738651522146992	-0.12010586915377379	0.595518091108702	0.5030880904692909	0.5846916216617006	0.00025072520973341074
L981D	missense	84	76	52	64	25	19	10	91	88	50	28	45	34	47	56	32	67	0.0002669262655445296	0.00022660588527856338	0.0002045779133052843	0.00021513846642681487	6.729074519324091e-05	0.00032530904359141186	0.00014210417527904092	0.00028181871092445725	0.00036370472080554466	0.00016794657323129206	0.0001245650960010309	0.0005864504449374028	0.0004630793453381141	0.00018022753726579807	0.0002042183631719053	0.00014369129883871304	0.00012815245619259051	0.5431305447680793	0.00017840325255097587	-0.13211317442659826	0.5360482390717939	0.0002345087752405812	0.07238612322349285	0.5837163408438313	0.00016407241386725175	0.4713627600665177	-0.3596892983598343	-0.016915031650705785	-0.10257590946708323	0.6242798202475895	0.13721190295447078	0.3036823942984419	0.00019232814721960293
L981E	missense	55	13	12	16	25	4	4	28	36	28	11	0	4	14	31	35	61	0.0001758573043587489	4.120107005064789e-05	5.017948816922067e-05	5.6266983527013114e-05	6.729074519324091e-05	8.132726089785297e-05	6.45928069450186e-05	8.883415887836153e-05	0.000151203086177586	9.549903183740137e-05	5.1544177655598985e-05	1.2748922716030496e-05	6.615419219115915e-05	5.63211053955619e-05	0.00011464890564036788	0.00015675414418768696	0.00011684488652853843	0.6740585704776457	5.373457173503064e-05	1.1238482651192194	0.5708852817162583	9.677011363723696e-05	0.34396061327192423	0.6878914074472787	0.00011114226043803878	1.3246319626569438	-0.10005198785407819	0.5738651522146992	0.715083882200234	1.9658293660545776	0.9308136136826958	1.2698472591346384	8.721564860343547e-05
L981Q	missense	44	33	32	87	163	7	21	34	48	29	42	2	11	33	42	39	63	0.00014131390528828035	0.00010005974155157344	0.00012737870073725247	0.0002912643853163032	0.00042444931583428876	0.00013012361743656474	0.00028420835055808184	0.00010721364002560874	0.00020024192493788413	9.879210190076005e-05	0.00018469996993256303	3.824676814809149e-05	0.00015877006125878198	0.0001276611722299403	0.00015405946695424435	0.00017417127131965217	0.00012061407641655579	0.7756986989501861	0.00023578803585985446	2.09885786585336	0.6527116698938553	0.000147736909199204	0.9818436812644068	0.6247767839584275	0.00014412649673009814	0.8076775107713822	0.3392807059761845	1.5735252131417752	0.6181738691921775	1.806827315005937	1.2961263526297162	1.6901762640738562	0.00017588381392971884
L981Y	missense	115	45	26	55	57	6	21	54	42	48	41	10	0	75	65	72	99	0.00036427584474312273	0.00013537494445212876	0.00010421893696684294	0.00018535006338310202	0.00015011012389261433	0.00011385816525699414	0.00028420835055808184	0.00016847857718309945	0.00017572250555773506	0.00016136043310457473	0.00018040462179459645	0.00014023814987633546	1.323083843823183e-05	0.00028536026733751364	0.00023646336788325876	0.0003178625701583652	0.00018845949440086842	0.6522445391574693	0.000143763517173672	0.9145914461096547	0.6289025361833113	0.0001714915344100014	0.7962379910246999	0.5995533249106116	0.0002570364249450015	0.6010791231722723	0.39727265295387126	1.7054804126138907	-1.02527880729401	-0.889615892993196	0.7706361867688756	0.40793225981034736	0.0001907638255095583
L981M	missense	75	20	32	26	51	4	5	34	31	68	22	4	2	59	61	65	161	0.00023866348448687351	6.180160507597183e-05	0.00012737870073725247	8.936520913113848e-05	0.00013458149038648182	8.132726089785297e-05	7.751136833402232e-05	0.00010721364002560874	0.0001307702366941284	0.0002272218343717481	9.879300717323138e-05	6.374461358015247e-05	3.9692515314695496e-05	0.0002252844215822476	0.00022213225467821276	0.0002873825976774261	0.00030530438092940684	0.679561358250172	0.00010328175133271115	1.1766352006499543	0.6407778947041581	0.00014099967956617918	0.8888131406249414	0.6616922829772727	0.00026002591371682333	1.1100421690148095	-0.020870741806453322	0.7540346009260032	-0.2057348717521411	0.45502500252292416	1.0584968367632352	0.6045298017244637	0.00016810244820523787
L981K	missense	75	9	13	34	35	3	1	23	25	42	30	1	5	18	45	39	45	0.00023866348448687351	2.9429335750462777e-05	5.4039448797622264e-05	0.00011584378961443877	9.31718010367951e-05	6.506180871828237e-05	2.583712277800744e-05	7.351792458898885e-05	0.00010625081731397933	0.00014160201272442273	0.00013315579227696404	2.549784543206099e-05	7.938503062939099e-05	7.134006683437841e-05	0.00016480780185802884	0.00017417127131965217	8.669136742439947e-05	0.7331389973837835	7.312109379982973e-05	1.6905927617529342	0.6839252706837651	0.00011363163672608873	1.2251713886018727	0.6389376759652237	0.00012425262685911474	0.92366546666685	-0.4010819835180594	-0.11110017823393115	0.49323513258387763	1.6018380186522772	1.2798098723405522	0.745368920209173	0.00010366845246167773
S982V	missense	205	144	51	131	280	23	58	97	73	164	231	27	90	104	120	138	402	0.0006469036553196835	0.00042672536838171026	0.0002007179526768827	0.0004368965779744548	0.0007272576692038728	0.0003903708523096942	0.0007621951219512195	0.00030019819207170446	0.000302406172355172	0.0005433565604541802	0.0009965207680082471	0.00035696983604885385	0.0012040062978790967	0.00039424773776893326	0.00043351617445264103	0.0006052451678357913	0.0007594917624354998	0.7043827495035427	0.0004478993920592301	1.4147409088905056	0.7609357073879217	0.000535620423222326	1.825511385592449	0.6972611505328858	0.0005481252106232164	1.4013769408153602	0.29058878207646005	1.4627313380311264	0.5279972388430896	1.6588728494444884	1.547209745099438	1.5608020937378075	0.0005105483419682575
S982I	missense	67	50	37	55	26	16	10	67	66	47	24	5	1	53	75	46	67	0.00021354101243562366	0.00015008961232736015	0.00014667850387926044	0.00018535006338310202	6.987885077759632e-05	0.0002765126870527001	0.00014210417527904092	0.0002083007863354684	0.00027380018307833135	0.00015806736304121606	0.00010738370344916456	7.649353629618297e-05	2.646167687646366e-05	0.00020275597942402283	0.00027229115089587373	0.00020465124380059132	0.00012815245619259051	0.5792658941002232	0.00013799925759182973	0.21452464524362064	0.5550242577445025	0.00018688800897604508	0.220314942750004	0.5799034199982456	0.0002019627075782696	0.44013217835892066	-0.28910822407412706	0.14368553828549957	-0.4610073768554473	0.036194681198171916	0.2916572554508485	0.08994010974183575	0.0001756166580487148
S982R	missense	199	96	79	86	148	18	27	121	89	139	122	6	24	96	70	119	212	0.0006280618012812461	0.0002854645567794889	0.00030879685027212725	0.00028795456275589065	0.00038562773206895747	0.00030904359141184127	0.0003617197188921042	0.0003737161166606933	0.00036779129070223617	0.00046102980887021355	0.0005283278209698896	8.924245901221346e-05	0.00033077096095579576	0.00036420981489130027	0.0002543772593895662	0.0005225138139589565	0.0004014187230738497	0.65257114677644	0.0003169609254691161	0.917724515390017	0.6652308686062953	0.00043271625930075815	1.0794379300312755	0.6557745908327235	0.00038562990282841816	1.061571986830275	0.06835244253531211	0.9570535320180218	0.5689558465219959	1.7260743947430248	1.0195781440838558	1.3415639633805232	0.0003784356958660975
S982G	missense	63	111	67	111	71	22	24	91	96	87	63	13	7	68	95	64	101	0.00020097977640999874	0.0003296085604051831	0.00026247732273130815	0.00037070012676620405	0.0001863436020735902	0.0003741054001301236	0.000322964034725093	0.00028181871092445725	0.00039639727997907675	0.0002897901655755628	0.00027490228082986126	0.00017848491802442692	0.00010584670750585465	0.0002590770848195847	0.0003439467169211036	0.0002830283158944348	0.0001922286842888858	0.590020039122606	0.00028728240299407136	0.3176866030459792	0.6121916948119038	0.00031072710932723954	0.6659675122691984	0.5946897595978445	0.00026957020048100225	0.5612430027696009	-0.06383981519963339	0.6562625317642168	-0.22692417082207927	0.42025932756503176	0.5149657060282595	0.5382609296646242	0.000289193237600771
S982K	missense	46	9	10	30	22	7	11	14	13	15	27	20	5	14	6	20	39	0.00014759452330109283	2.9429335750462777e-05	4.245956691241749e-05	0.00010260449937278863	5.952642844017465e-05	0.00013012361743656474	0.00015502273666804465	4.594870286811803e-05	5.721197855368118e-05	5.2689121013738686e-05	0.0001202697478630643	0.0002677273770366404	7.938503062939099e-05	5.63211053955619e-05	2.5079448108830473e-05	9.14399174428174e-05	7.538379776034737e-05	0.7053544138885675	5.850495761896089e-05	1.4240618544493897	0.7238884512200738	6.902988757465054e-05	1.5367070285706113	0.6872161901572067	6.205606717688929e-05	1.3191014442953077	0.07603927120160313	0.9745441848212235	-0.5279541664860604	-0.07364615497532452	1.4266234424384363	0.4504490149229495	6.31969707901669e-05
S982Y	missense	80	58	46	73	73	18	32	50	49	83	46	12	14	58	77	50	91	0.0002543650295189047	0.0001736330809277304	0.00018141814953487475	0.00024492686947052766	0.00019151981324230102	0.00030904359141184127	0.0004263125258371228	0.0001562255897516013	0.00020432849483457564	0.0002766178853221281	0.00020188136248442935	0.00016573599530839644	0.00019846257657347746	0.00022152968122254345	0.0002794567074983967	0.00022206837093255652	0.00017338273484879895	0.6435042997159163	0.00019787447829385847	0.8307484060004356	0.6561745244025933	0.0002097633330981836	1.0088385946076568	0.596856769584486	0.0002241093736255739	0.5789923831500867	0.13970835107098037	1.119417164126476	0.07826178461305969	0.9209835701816537	0.8061931279193931	1.020200367154065	0.00021058239500587202
S982P	missense	96	123	88	159	97	11	29	68	73	145	74	7	38	50	59	90	150	0.0003046099736214043	0.0003649237633057384	0.00034353649592774155	0.0005295716096660058	0.0002536343472668311	0.0001951854261548471	0.0003875568416701116	0.00021136403319334295	0.000302406172355172	0.00048078822925036555	0.0003221511103474937	0.00010199138172824396	0.0005160026990910413	0.00019149175834491045	0.00021496669807568978	0.0003962396422522087	0.0002845738365453113	0.6126117447743773	0.0003729165540415792	0.5344034671277449	0.6734867078544711	0.00032917738628659353	1.143796875669315	0.67794434214902	0.00027181798380453007	1.2431582976823035	0.29788802081795945	1.47934006655855	0.7040884978987707	1.947789035631184	0.9737862134931211	1.713564551094867	0.0003246373080442343
S982T	missense	117	211	106	117	157	23	28	193	69	112	66	17	42	100	99	79	170	0.0003705564627559352	0.0006239019179098108	0.00041301578723897017	0.0003905590621286793	0.0004089206823281563	0.0003903708523096942	0.0003746382802811079	0.0005942698904276599	0.00028605989276840593	0.0003721169171595295	0.000287788325243761	0.0002294806088885489	0.0005689260528439688	0.0003792287763301168	0.0003582778301261496	0.00034834254263930433	0.000322265735425485	0.5795713516429555	0.00045909936240140416	0.21745482686830317	0.5573652188376028	0.00038505875639983906	0.23856406112581313	0.6089480062858788	0.00035202872113026395	0.6780283639745818	-0.01786523166672806	0.7608733554543777	0.3943098283404957	1.439529441993631	0.3780157506562327	1.1002013987240045	0.0003987289466438357
S982D	missense	74	38	33	34	55	6	13	49	50	35	40	8	3	46	47	38	110	0.00023552317548046728	0.00011477440942680483	0.00013123866136565408	0.00011584378961443877	0.00014493391272390349	0.00011385816525699414	0.0001808598594460521	0.00015316234289372677	0.00020841506473126716	0.00011855052228091205	0.00017610927365662986	0.00011474030444427445	5.292335375292732e-05	0.00017647279690609393	0.0001719733584605518	0.00016981698953666088	0.00020919003878496395	0.6435193876153853	0.0001266976932827003	0.830893140634859	0.6209953980726189	0.00016405930089063395	0.7345973683671104	0.641495109043652	0.00018186329592206766	0.9446126947767742	0.20097800780990308	1.2588304826633299	-0.33606864024714733	0.24118397755183207	0.8367010679262479	0.750007230107581	0.0001575400966984673
S982L	missense	169	75	82	73	108	10	15	105	63	99	85	22	18	85	80	92	194	0.0005338525310890591	0.0002236629517035171	0.000320376732157332	0.00024492686947052766	0.0002821035086947407	0.0001789199739752765	0.00020669698222405952	0.00032470416693470075	0.0002615404733882568	0.0003293070063358668	0.00036939993986512607	0.0002932252224687014	0.0002513859303264048	0.00032290767093455487	0.0002902050424021812	0.0004049482058181913	0.0003674960140816934	0.6366556110365392	0.00026776751550652936	0.7650505628829324	0.6446363285060549	0.0003212378966309876	0.9188918187386317	0.6474195219712947	0.0003463892333091552	0.9931379250396823	0.06267530964362161	0.9441357521848844	-0.06686035720054868	0.6828789875414976	0.8923601022204156	0.8135073698631909	0.0003117982151488907
S982S	silent	185	113	132	175	296	32	90	153	128	218	200	54	58	119	122	166	461	0.0005840974751915588	0.00033549442755527567	0.0005133747635774115	0.0005825287706326064	0.0007686673585535596	0.0005367599219258296	0.0011755890863993385	0.00047174001611267847	0.0005271675166732051	0.0007211823438755483	0.000863364975731283	0.0007011907493816772	0.000780619467855678	0.0004505688431644952	0.00044068173105516405	0.0007271650577595479	0.0008706828641320122	0.7027631911317346	0.0005500163300797133	1.3992048702688216	0.6912334830813055	0.0006458637130981788	1.2821430459059417	0.7026800010135988	0.0006222746240278048	1.4457612486866038	0.3404754645891279	1.5762437735507342	0.04660320001211553	0.8690407447851846	1.375703054953789	1.2226422591679593	0.0006060515557352323
S982H	missense	55	18	18	16	15	2	5	24	23	38	23	0	0	20	22	21	73	0.0001758573043587489	5.591573792587927e-05	7.333925193963022e-05	5.6266983527013114e-05	4.140968934968671e-05	4.8796356538711774e-05	7.751136833402232e-05	7.658117144686338e-05	9.807767752059631e-05	0.00012842973247098805	0.00010308835531119797	1.2748922716030496e-05	1.323083843823183e-05	7.884954755378666e-05	8.240390092901442e-05	9.57941992258087e-05	0.00013946002585664264	0.5916251871769298	5.673291568555233e-05	0.33308440691621155	0.6588133448142816	0.00010154423418741144	1.0294096951728624	0.686544122037412	9.912691839131311e-05	1.3135967199177694	0.20097800780990308	1.2588304826633299	0.01611387786421517	0.8190163499252244	0.8920302740022811	1.038923416294277	8.580135608809228e-05
S982W	missense	84	76	24	26	65	3	5	36	16	26	21	5	2	51	24	39	60	0.0002669262655445296	0.00022660588527856338	9.649901571003975e-05	8.936520913113848e-05	0.0001708149685674577	6.506180871828237e-05	7.751136833402232e-05	0.00011334013374135781	6.947168824375573e-05	8.891289171068403e-05	9.449765903526481e-05	7.649353629618297e-05	3.9692515314695496e-05	0.00019524649870461457	8.95694575315374e-05	0.00017417127131965217	0.00011496029158452974	0.5876026442539511	0.00014582126967179984	0.2944971084917615	0.6123416319520621	9.15555931827656e-05	0.6671363572481877	0.5909688380990427	0.00014348687978508348	0.5307659623058785	0.07603927120160313	0.9745441848212235	-0.284916117799766	0.32511086738486816	0.4974664760152758	0.6498275261030458	0.000126954580879883
S982N	missense	59	28	28	81	51	8	19	66	27	73	25	13	8	48	40	47	62	0.00018841854038437382	8.534507367634205e-05	0.00011193885822364612	0.000271405449953828	0.00013458149038648182	0.00014638906961613534	0.0002583712277800744	0.00020523753947759388	0.00011442395710736236	0.00024368718468854142	0.00011167905158713113	0.00017848491802442692	0.00011907754594408647	0.0001839822776255022	0.00014689391035172135	0.0002090055255835826	0.0001187294814725471	0.68864799296539	0.00015081771806007448	1.2638011283090798	0.5969618489879379	0.0001687569332151572	0.5472422331067035	0.5996347362763406	0.0001646527987583383	0.6017459411871985	0.24673549837057815	1.3629473317941325	-0.17577164837469797	0.5041862173980678	0.8042631008676606	0.9335667745961002	0.00016140915001118997
S982_	nonsense	65	116	76	77	10	10	7	141	52	35	13	8	2	73	80	20	21	0.00020726039442281122	0.0003443232282804145	0.00029721696838692246	0.00025816615971217783	2.8469161427909612e-05	0.0001789199739752765	0.00010334849111202976	0.00043498105381818404	0.00021658820452465018	0.00011855052228091205	6.013487393153215e-05	0.00011474030444427445	3.9692515314695496e-05	0.00027785078661810535	0.0002902050424021812	9.14399174428174e-05	4.1461088768191055e-05	0.49213005914510677	0.0002320438794518561	-0.6213487142846178	0.44093354894249887	0.0002075636636388196	-0.6690867891473382	0.4630902052603719	0.00017523920880782373	-0.5166526055743127	-0.23835468602035959	0.259170421736254	-0.4610073768554472	0.036194681198172096	-0.6023627030020896	0.14768255146721304	0.00020494891729949983
S982E	missense	63	17	8	17	12	7	11	11	5	35	35	2	1	21	20	19	73	0.00020097977640999874	5.2972804350832996e-05	3.4739645655614314e-05	5.957680608742565e-05	3.3645372596620455e-05	0.00013012361743656474	0.00015502273666804465	3.6758962294494424e-05	2.4519419380149078e-05	0.00011855052228091205	0.00015463253296679695	3.824676814809149e-05	2.646167687646366e-05	8.260428791349079e-05	7.523834432649142e-05	8.708563565982608e-05	0.00013946002585664264	0.6021014433011576	4.523365717262335e-05	0.43358064255046197	0.7923032244901211	8.361535923058813e-05	2.07003895781072	0.6843197387009814	9.609707343911274e-05	1.2953774102728188	0.07603927120160313	0.9745441848212235	-0.15997738119146607	0.5301001637385283	1.2663323368780002	0.7523221742798759	7.49820299474414e-05
S982A	missense	98	20	15	25	106	5	6	52	55	97	123	7	12	61	58	67	263	0.0003108905916342168	6.180160507597183e-05	6.175937005442545e-05	8.605538657072594e-05	0.00027692729752602985	9.759271307742355e-05	9.042992972302605e-05	0.00016235208346735037	0.00022884791421472472	0.00032272086620914947	0.0005326231691078562	0.00010199138172824396	0.0001720008996970138	0.00023279390230165583	0.00021138391977442827	0.0002960911612434087	0.0004975330652182927	0.7970485616157789	0.00012163591480678826	2.303662025255148	0.7458026127662702	0.0003116360082497702	1.7075403368822424	0.7137586116109159	0.00030945051213444636	1.5365030887294473	-0.0331051982234649	0.7261962505846906	0.22696724317910838	1.1649673669041318	1.849235150288946	0.9455818087444112	0.00024757414506366824
S982C	missense	75	56	49	69	41	13	13	50	52	54	59	2	1	55	57	47	102	0.00023866348448687351	0.00016774721377763784	0.0001929980314200795	0.00023168757922887754	0.00010870043454292761	0.0002277163305139883	0.0001808598594460521	0.0001562255897516013	0.00021658820452465018	0.00018111885348472674	0.0002577208882779949	3.824676814809149e-05	2.646167687646366e-05	0.00021026546014343107	0.00020780114147316678	0.0002090055255835826	0.00019411327923289447	0.600316605630216	0.00017528331474238063	0.4164591188858192	0.6664303228832265	0.0002029133840097433	1.0887883558673142	0.6178073248971813	0.00020529635160826873	0.7505925962177551	-0.10005198785407812	0.5738651522146996	-0.15997738119146607	0.5301001637385283	0.7519466903236296	0.5519826579766139	0.00019449768345346422
S982F	missense	83	71	23	127	95	13	33	46	37	47	75	7	6	41	48	52	150	0.00026378595653812334	0.00021189121740333198	9.263905508163816e-05	0.0004236572877328046	0.00024845813609812025	0.0002277163305139883	0.0004392310872261265	0.00014397260232010316	0.0001552896560742775	0.00015806736304121606	0.00032644645848546025	0.00010199138172824396	9.261586906762282e-05	0.00015769909510757332	0.00017555613676181332	0.00023077693449853913	0.0002845738365453113	0.6814072250558739	0.00024416142407897377	1.194342162302625	0.7127481607244296	0.00019594401998026422	1.4498621508000604	0.6892001442002675	0.00021215150072830926	1.3353514639928479	0.2852988935099389	1.45069469609446	-0.04187806911347157	0.7238678897450609	1.3265185923651777	1.0872812929197604	0.0002174189815958491
S982Q	missense	39	4	2	23	142	3	32	10	7	61	151	1	19	10	8	32	162	0.00012561236025624922	1.4714667875231389e-05	1.157988188520477e-05	7.943574144990087e-05	0.000370099098562825	6.506180871828237e-05	0.0004263125258371228	3.369571543661989e-05	3.26925591735321e-05	0.00020417034392823742	0.0006528929169709205	2.549784543206099e-05	0.0002646167687646366	4.1302143956745394e-05	3.2245004711353466e-05	0.00014369129883871304	0.0003071889758734155	0.9229032968539636	0.0001189573474432905	3.510956594823065	0.8996583485074987	0.00023086288387732748	2.9069329891626645	0.8416903248541212	0.00013110685584505685	2.58435642354502	0.8164019606958469	2.65916957619693	1.0161138778642151	2.459734848594934	3.0007486691769167	2.5594522123959322	0.00016030902905522494
S982M	missense	56	109	54	47	64	15	15	69	47	66	67	5	24	44	48	52	127	0.00017899761336515513	0.0003237226932550905	0.00021229783456208748	0.00015887148289980173	0.00016822686298310227	0.0002602472348731295	0.00020669698222405952	0.00021442728005121748	0.00019615535504119262	0.00022063569424503074	0.0002920836733817276	7.649353629618297e-05	0.00033077096095579576	0.0001689633161866857	0.00017555613676181332	0.00023077693449853913	0.00024122815283311158	0.5497041951114096	0.0002157797184250205	-0.06905370871224849	0.6598544569432817	0.00023082550067979213	1.0375257542310896	0.6666422431686309	0.00020413113507003743	1.1505859260100633	-0.10005198785407819	0.5738651522146992	0.6359026361526091	1.8359152309165216	0.7063526571763014	1.2048901915656105	0.00021691211805828338
R983K	missense	53	9	6	12	89	9	5	15	17	39	38	1	2	38	13	27	105	0.00016957668634593644	2.9429335750462777e-05	2.7019724398811132e-05	4.302769328536297e-05	0.00023292950259198774	0.00016265452179570593	7.751136833402232e-05	4.901194972599257e-05	7.355825814044724e-05	0.00013172280253434673	0.0001675185773806967	2.549784543206099e-05	3.9692515314695496e-05	0.00014643487402846094	5.0158896217660946e-05	0.00012191988992375652	0.00019976706406492052	0.8605959229302776	8.310156400665616e-05	2.9132567622363874	0.7475915904580124	0.0001054528969453708	1.7214864318278216	0.6808957609695129	0.00012957018105869974	1.2673325542062632	-0.3219007374704345	0.06906927047737274	0.19220513691989644	1.1079325361119206	1.9673585827568238	0.5885009032946467	0.0001060415473369089
R983R	silent	165	61	65	137	269	22	40	98	102	174	196	26	44	78	66	110	327	0.0005212912950634342	0.0001824618816528692	0.00025475740147450494	0.00045675551333693	0.0006987885077759632	0.0003741054001301236	0.0005296610169491525	0.000303261438929579	0.0004209166993592258	0.000576287261087767	0.0008461835831794167	0.0003442209133328234	0.0005953877297204324	0.000296624488416626	0.00024004614618452024	0.0004833252779120348	0.0006181471416348484	0.7624166821876671	0.00039819082606006685	1.9714466351201516	0.7288908205868911	0.0005366622456389971	1.575703332696994	0.7171658740611608	0.0004095357635370073	1.5644110345434274	0.15100403284806452	1.1451194214182028	0.23796262748057148	1.183007697327525	1.7038536674535243	1.1640635593728639	0.00044812961174535713
R983V	missense	170	133	99	245	1070	52	71	125	104	289	514	114	54	114	123	149	946	0.0005369928400954654	0.0003943530990562012	0.000385996062840159	0.000814216349861484	0.0027718610808446544	0.0008620689655172414	0.0009301364200082679	0.00038596910409219147	0.00042908983915260885	0.0009549903183740137	0.00221210429105279	0.001466126112343507	0.0007276961141027507	0.00043179514136597454	0.0004442645093564255	0.0006531422674486957	0.001784711411976224	0.8414454180105745	0.0010916066481506245	2.7295505190800586	0.8134754681319027	0.0009955383881679008	2.23508859560228	0.7859738300599016	0.0008284783325368299	2.1279980008029695	0.03300463897640125	0.8766229427275484	-0.30422127299515267	0.29343654213610765	2.3642123718284362	0.585029742431828	0.0009718744562851184
R983S	missense	176	311	260	231	409	63	68	272	187	197	215	83	34	196	191	164	318	0.0005558346941339028	0.0009181952754144387	0.001007449724012815	0.0007678788340157084	0.001061123289585722	0.001040988939492518	0.0008913807358412567	0.0008362663921997482	0.0007682751405780044	0.0006520278725450163	0.0009277951978007818	0.0010709095081465616	0.0004630793453381141	0.0007396838508617129	0.0006878934338422072	0.0007184564941935652	0.0006011857871387702	0.6312992987861704	0.0009386617807571711	0.713668732230776	0.6312154922764968	0.0007960911507808876	0.8142687945553514	0.6074854220073836	0.0006868048915090639	0.6660487400422701	-0.06738287110070998	0.6482006426135162	-0.36409736384739083	0.1951967322468123	0.7313287556094658	0.42169868743016425	0.0008071859410157075
R983N	missense	58	104	33	44	63	7	16	49	50	45	33	6	8	84	44	43	105	0.0001852782313779676	0.0003090080253798592	0.00013123866136565408	0.00014894201521856415	0.00016563875739874684	0.00013012361743656474	0.00021961554361306325	0.00015316234289372677	0.00020841506473126716	0.00015148122291449873	0.0001460418366908638	8.924245901221346e-05	0.00011907754594408647	0.00031915293057485075	0.00016122502355676732	0.0001915883984516174	0.00019976706406492052	0.5567055101508642	0.00018870686484070607	-0.0018917571895595527	0.6101510952582149	0.0001647751168075891	0.6500598823121476	0.5779967794088757	0.000217933354162039	0.424515411810443	0.2273069465322522	1.3187394966223445	0.1252583472892832	0.9980916999384241	0.357561178977677	1.1584155982803843	0.00019047177860344474
R983F	missense	74	32	14	51	72	10	13	62	35	48	51	5	19	44	41	33	108	0.00023552317548046728	9.711680797652717e-05	5.7899409426023855e-05	0.00017211077314145188	0.00018893170765794563	0.0001789199739752765	0.0001808598594460521	0.00019298455204609573	0.00014711651628089448	0.00016136043310457473	0.00022335810317426226	7.649353629618297e-05	0.0002646167687646366	0.0001689633161866857	0.00015047668865298284	0.00014804558062170436	0.00020542084889694657	0.7193826894395257	0.00012901467455048713	1.5586317684142614	0.6431708264957664	0.0001812049011514568	0.9074674000481349	0.6448655943529288	0.00016822660858957985	0.9722194091850964	0.004683362665934899	0.8121805527127691	0.5389926231445527	1.6769131798678811	1.1461061925491642	1.2445468662903252	0.0001594820614305079
R983L	missense	226	68	49	133	284	25	47	102	67	123	175	13	41	105	85	106	402	0.0007128501444542143	0.00020306241667819314	0.0001929980314200795	0.00044351622309527985	0.0007376100915412945	0.0004229017566688354	0.0006200909466721786	0.00031551442636107717	0.0002778867529750229	0.00040834068785647483	0.0007559812722821185	0.00017848491802442692	0.0005556952144057369	0.0003980024781286374	0.0003081189339084887	0.0004659081507800696	0.0007594917624354998	0.7719516213990871	0.00039429669068371176	2.0629130412853365	0.7282482334702659	0.00043943078486867335	1.5706940019598765	0.7053936936620185	0.0004828803313131738	1.467988355783226	0.16621590155069113	1.179732592273995	0.49323513258387763	1.6018380186522772	1.7005317996761464	1.390785305463136	0.00043886926895518624
R983E	missense	47	105	91	101	19	7	3	125	61	61	13	4	3	82	90	28	48	0.00015073483230749907	0.0003119509589549054	0.0003551163778129463	0.0003376019011620787	5.176211168710839e-05	0.00013012361743656474	5.167424555601488e-05	0.00038596910409219147	0.0002533673335948738	0.00020417034392823742	6.013487393153215e-05	6.374461358015247e-05	5.292335375292732e-05	0.0003116434498554425	0.00032603282541479616	0.00012627417170674784	9.234515225642552e-05	0.5305687552788491	0.00026410783740425973	-0.2526154360673799	0.4829774856207642	0.00022591041388670872	-0.341330475858708	0.4998017700790325	0.000214073899808353	-0.21595831604814109	-0.4010819835180594	-0.11110017823393115	-0.08079613514384125	0.6600142988765841	-0.26996807599140965	0.2744570603213265	0.00023469738369977382
R983I	missense	60	11	21	8	27	6	5	61	59	51	51	1	0	45	52	43	83	0.00019155884939078005	3.531520290055533e-05	8.491913382483498e-05	2.9788403043712825e-05	7.246695636195174e-05	0.00011385816525699414	7.751136833402232e-05	0.0001899213051882212	0.00024519419380149076	0.00017123964329465073	0.00022335810317426226	2.549784543206099e-05	1.323083843823183e-05	0.0001727180565463898	0.0001898872499668593	0.0001915883984516174	0.00015830597529672947	0.6566444595988672	5.562242403276372e-05	0.9567988373959455	0.6289706253328394	0.00020742831136465623	0.7967687845323366	0.6177131379116946	0.00017812492006539902	0.7498211366293821	-0.16699877748469133	0.4215340538447083	-0.284916117799766	0.32511086738486816	0.8344629195192214	0.37332246061478824	0.00014705855182093965
R983Y	missense	100	31	46	74	167	12	23	32	27	74	77	6	6	32	27	41	114	0.00031717120964702927	9.417387440148089e-05	0.00018141814953487475	0.00024823669203094024	0.00043480173817171046	0.0002114508783344177	0.0003100454733360893	0.00010108714630985967	0.00011442395710736236	0.00024698025475190013	0.0003350371547613934	8.924245901221346e-05	9.261586906762282e-05	0.00012390643187023618	0.00010031779243532189	0.0001828798348856348	0.00021672841856099868	0.7669606128078535	0.0002396576135347516	2.0150354818318963	0.7557800143616678	0.0001993821282326289	1.7853198366501148	0.6973407355736482	0.0001559581194380479	1.4020287999068248	0.16621590155069113	1.179732592273995	0.01611387786421517	0.8190163499252244	1.7341280394629452	0.9993744710996098	0.00019833262040180945
R983G	missense	174	589	451	231	163	74	34	387	179	167	120	139	26	199	188	100	249	0.0005495540761210903	0.0017363308092773037	0.0017447022040375188	0.0007678788340157084	0.00042444931583428876	0.0012199089134677945	0.00045214964861513024	0.0011885397808553198	0.0007355825814044723	0.0005532357706442562	0.0005197371246939565	0.0017848491802442694	0.0003572326378322594	0.0007509480719408252	0.0006771450989384228	0.00043978246008212176	0.00047114873600217106	0.49360453111695446	0.0011683402907912048	-0.607204455022359	0.5337134962721178	0.0007492738143995011	0.054185479968919086	0.5674567427620428	0.0005847560917408851	0.33818488226874793	-0.4310452068955026	-0.17927866375916016	-0.6986503936550356	-0.3537106125445891	-0.07161136426156399	-0.26649463815187463	0.0008341233989771971
R983_	nonsense	83	557	759	671	81	81	57	433	389	235	90	171	26	255	364	106	153	0.00026378595653812334	0.0016421569348758229	0.0029335700775852086	0.0022242007605972245	0.00021222465791714438	0.0013337670787247886	0.0007492765605622158	0.0013294491363175485	0.00159376225970969	0.0007771645349526457	0.000390876680554959	0.002192814707157245	0.0003572326378322594	0.0009612135320842564	0.0013077140799604462	0.0004659081507800696	0.0002902276213773374	0.5358838869898784	0.00175303810774385	-0.2016286405437969	0.5140219134292792	0.0010228131528837107	-0.09932156778388739	0.5070370311821538	0.0007562658460505274	-0.15669629037078417	-0.2504378466748576	0.23167633061647522	-0.7880508048843464	-0.5003915210371986	-0.15254883289948948	-0.13435759521036172	0.001177372368892696
R983Q	missense	47	67	90	120	95	21	32	81	73	55	84	34	24	47	71	50	170	0.00015073483230749907	0.00020011948310314688	0.0003512564171845447	0.00040048852980991686	0.00024845813609812025	0.000357839947950553	0.0004263125258371228	0.0002511862423457119	0.000302406172355172	0.0001844119235480854	0.0003651045917271595	0.00044621229506106735	0.00033077096095579576	0.00018022753726579807	0.00025796003769082773	0.00022206837093255652	0.000322265735425485	0.6452287365372477	0.0003000806415489322	0.847290518667204	0.6503557007445877	0.0002757772324940322	0.9634775665855003	0.6746455873623382	0.00024563042032866683	1.2161391081761628	0.07603927120160313	0.9745441848212235	-0.13001415781402287	0.579261378613672	1.008969064476289	0.7769027817174478	0.0002738294314572104
R983P	missense	98	102	82	61	112	26	6	86	49	40	34	32	8	60	53	23	98	0.0003108905916342168	0.0003031221582297666	0.000320376732157332	0.00020520899874557725	0.0002924559310321624	0.000439167208848406	9.042992972302605e-05	0.0002665024766350846	0.00020432849483457564	0.00013501587259770538	0.0001503371848288304	0.0004207144496290064	0.00011907754594408647	0.0002290391619419517	0.00019347002826812078	0.0001045027627917913	0.00018657489945685975	0.608592226626733	0.00028029095504120957	0.4958451846543304	0.5559347193127199	0.000189046007224049	0.22741250664544627	0.5870999090394324	0.0001783967131146809	0.4990766327838823	-0.6863177119988086	-0.7601271450769879	-0.5481575525743475	-0.1067942242661434	0.40744477469455304	-0.4334606846715656	0.00021591122512664646
R983T	missense	128	62	85	45	160	10	15	95	79	106	110	13	7	74	89	79	207	0.0004050998618264037	0.0001854048152279155	0.00033195661404253677	0.00015225183777897667	0.0004166849990812225	0.0001789199739752765	0.00020669698222405952	0.0002940716983559554	0.00032692559173532105	0.0003523584967793775	0.0004767836433142906	0.00017848491802442692	0.00010584670750585465	0.00028160552697780946	0.00032245004711353465	0.00034834254263930433	0.0003919957483538063	0.6841614420420289	0.00027157456653266286	1.2207627113944302	0.6744408268594827	0.00036253485754623614	1.1512347740258428	0.6581992700323102	0.0003360984662711137	1.081431864578608	0.06267530964362161	0.9441357521848844	-0.22692417082207927	0.42025932756503176	1.1511431166662938	0.6821975398749581	0.0003234026301166709
R983D	missense	63	29	40	54	106	4	15	37	37	50	44	1	6	29	33	48	73	0.00020097977640999874	8.828800725138832e-05	0.0001582583857644652	0.0001820402408226895	0.00027692729752602985	8.132726089785297e-05	0.00020669698222405952	0.00011640338059923235	0.0001552896560742775	0.00016794657323129206	0.0001932906662084962	2.549784543206099e-05	9.261586906762282e-05	0.0001126422107911238	0.00012181446224289088	0.00021335980736657392	0.00013946002585664264	0.7294805247044481	0.00017637848284114322	1.6554979026654701	0.6730540241096894	0.00015823256902832453	1.1404238606708679	0.6616094140680862	0.0001468191265643078	1.109363412663923	0.4050979904658278	1.7232862292167401	0.5601819222144908	1.7116788548257738	1.3017617253334202	1.717482542021257	0.00016047672614459186
R983M	missense	64	66	50	43	87	9	3	74	39	49	45	24	7	56	40	35	87	0.00020412008541640498	0.0001971765495281006	0.0001968579920484811	0.0001456321926581516	0.0002277532914232769	0.00016265452179570593	5.167424555601488e-05	0.00022974351434059016	0.00016346279586766053	0.0001646535031679334	0.00019758601434646277	0.0003187230679007624	0.00010584670750585465	0.00021402020050313521	0.00014689391035172135	0.00015675414418768696	0.00016584435507276422	0.631597499566888	0.00019185500641450255	0.7165293014618023	0.6092341784834949	0.0001888614569306617	0.642911996423763	0.6003721986137847	0.00017087815252882693	0.6077862915428811	-0.4979919965261158	-0.33160976212915133	-0.4787361438158789	0.007106765287587384	0.6557425298094821	-0.162251498420782	0.00018386487195799707
R983A	missense	133	42	36	68	180	9	22	93	32	80	107	10	12	69	59	82	206	0.00042080140685843485	0.00012654614372698995	0.00014281854325085884	0.000228377756668465	0.0004684471107683309	0.00016265452179570593	0.0002971269119470856	0.0002879452046402063	0.00013485680659081992	0.00026673867513205213	0.0004638975989003909	0.00014023814987633546	0.0001720008996970138	0.0002628318251792889	0.00021496669807568978	0.00036140538798827825	0.0003901111534097976	0.7687686463106709	0.00024154738860366116	2.032379517599936	0.696497003757237	0.0002883595713158673	1.3231751724849357	0.6787165664232311	0.00030732876616326363	1.249483373462531	0.26167584816351475	1.396942687009033	0.08866454501282686	0.9380515716067804	1.5350126878491341	1.1674971293079066	0.0002790785753609307
R983C	missense	68	34	9	37	41	1	2	38	21	41	40	3	3	41	31	23	52	0.0002166813214420299	0.00010300267512661972	3.8599606284015906e-05	0.00012577325729567639	0.00010870043454292761	3.2530904359141185e-05	3.875568416701116e-05	0.00011946662745710689	8.990453772721329e-05	0.00013830894266106405	0.00017610927365662986	5.099569086412198e-05	5.292335375292732e-05	0.00015769909510757332	0.00011464890564036788	0.0001045027627917913	9.988353203246026e-05	0.6596562053538457	9.401899331230991e-05	0.9856897987731509	0.6771040401072879	0.00013094734537550352	1.171996030572338	0.576861856337197	0.00011918357389304818	0.4152195703394788	0.07603927120160313	0.9745441848212235	0.01611387786421517	0.8190163499252244	0.8576351332283226	0.8967802673732239	0.00011471663752695387
R983W	missense	61	16	20	30	168	7	7	26	24	35	93	0	11	19	32	21	153	0.0001946991583971863	5.002987077578672e-05	8.10591731964334e-05	0.00010260449937278863	0.0004373898437560659	0.00013012361743656474	0.00010334849111202976	8.270766516261246e-05	0.00010216424741728782	0.00011855052228091205	0.0004037627249688587	1.2748922716030496e-05	0.00015877006125878198	7.509480719408253e-05	0.00011823168394162938	9.57941992258087e-05	0.0002902276213773374	0.8454691078388522	0.00016777084677526867	2.7681488194945154	0.798142677109891	0.00017679628995741776	2.1155608002805475	0.7594098500874601	0.0001448370779347145	1.9104197764952813	-0.10005198785407819	0.5738651522146992	1.09529512391184	2.5896489837329897	2.2647097987567815	1.5817570679738444	0.000163134738222467
R983H	missense	71	52	44	74	199	10	19	45	23	60	136	13	23	23	34	56	178	0.0002261022484612486	0.0001559754794774527	0.00017369822827807157	0.00024823669203094024	0.0005176211168710839	0.0001789199739752765	0.0002583712277800744	0.00014090935546222862	9.807767752059631e-05	0.00020087727386487874	0.0005884626949014218	0.00017848491802442692	0.00031754012251756396	9.011376863289904e-05	0.00012539724054415238	0.00024819406163050433	0.00033734249497755446	0.7572959858187497	0.0002738828791643871	1.9223250116317692	0.8007052489387152	0.00025708175043728137	2.1355374999311993	0.7598988245275164	0.00020026189144627755	1.9144248311034266	0.15958532265167805	1.1646453360801046	0.2501970838975832	1.2030809962920843	1.9907624475554648	1.1838631661860943	0.00024374217368264867
L984N	missense	46	40	47	79	226	19	78	50	41	118	101	21	46	46	49	45	119	0.00014759452330109283	0.00012066027657689738	0.00018527811016327633	0.0002647858048330029	0.0005874999676486802	0.00032530904359141186	0.001020566349731294	0.0001562255897516013	0.00017163593566104355	0.0003918753375396815	0.0004381255100725914	0.0002804762997526709	0.0006218494065968961	0.00017647279690609393	0.0001791389150630748	0.0002002969620176	0.0002261513932810421	0.784730173570138	0.0002895560398054642	2.1854946558257264	0.740076194251917	0.00028946559325622944	1.6628996593221308	0.6522028075595835	0.00019551501681695272	1.0323164963884082	0.49654510777238203	1.9313655097758013	0.34578905497772633	1.3599205115675752	1.6269036038454219	1.6456430106716882	0.0002581788832928821
L984Y	missense	73	61	34	58	103	9	23	77	50	67	46	9	18	52	62	52	85	0.00023238286647406104	0.0001824618816528692	0.00013509862199405565	0.00019527953106433964	0.00026916298077296364	0.00016265452179570593	0.0003100454733360893	0.00023893325491421377	0.00020841506473126716	0.00022392876430838942	0.00020188136248442935	0.00012748922716030494	0.0002513859303264048	0.0001990012390643187	0.00022571503297947427	0.00023077693449853913	0.00016207516518474684	0.6761961271390114	0.00019550075387105703	1.1443533382459998	0.6113080437888502	0.00021828961160957493	0.6590789517672149	0.6088367768715891	0.00020439209293176975	0.6771173145581527	0.2801592538575279	1.4389999313746338	0.2948674788170442	1.2763725395793255	0.8268498681904558	1.3576862354769796	0.00020606081947080056
L984M	missense	59	57	39	36	45	8	15	49	41	75	58	9	13	38	42	47	133	0.00018841854038437382	0.0001706901473526841	0.00015439842513606362	0.00012246343473526383	0.0001190528568803493	0.00014638906961613534	0.00020669698222405952	0.00015316234289372677	0.00017163593566104355	0.00025027332481525875	0.00025342554014002835	0.00012748922716030494	0.00018523173813524564	0.00014643487402846094	0.00015405946695424435	0.0002090055255835826	0.0002525357224971637	0.5837792848122749	0.0001416512160260902	0.2578205298735146	0.6822462717381285	0.00020712428587751436	1.2120826403086657	0.6862255860146527	0.00019050889726586289	1.3109876793191126	0.14982548536252172	1.1424377478989123	0.16224191354245326	1.0587713212367769	0.9269636165004309	1.1006045345678446	0.00017976146638982248
L984I	missense	80	55	43	50	27	14	8	95	72	74	28	14	17	65	80	44	86	0.0002543650295189047	0.00016480428020259155	0.00016983826764966996	0.00016880095058103935	7.246695636195174e-05	0.00024398178269355888	0.00011626705250103349	0.0002940716983559554	0.00029831960245848047	0.00024698025475190013	0.0001245650960010309	0.00019123384074045744	0.00023815509188817295	0.00024781286374047235	0.0002902050424021812	0.00019594268023460871	0.00016395976012875552	0.5646500605529462	0.00014397761369881314	0.07431842703545258	0.5523993843551571	0.00024098416289184172	0.1998525671279322	0.5768579690352849	0.00022448008662650444	0.4151877305229954	-0.3219007374704345	0.06906927047737274	0.09529512391183992	0.9489304850632803	0.2297862415621267	0.5089998777703265	0.00020314728773905308
L984Q	missense	49	18	26	25	46	4	3	43	33	52	63	2	5	16	36	41	118	0.00015701545032031152	5.591573792587927e-05	0.00010421893696684294	8.605538657072594e-05	0.0001216409624647047	8.132726089785297e-05	5.167424555601488e-05	0.00013478286174647955	0.00013894337648751146	0.0001745327133580094	0.00027490228082986126	3.824676814809149e-05	7.938503062939099e-05	6.383058611497015e-05	0.00013256279714667535	0.0001828798348856348	0.00022426679833703343	0.6858336816279956	9.195775598203821e-05	1.23680410838544	0.7038115384368846	0.0001807903081054654	1.380196115560955	0.7351057220492866	0.00015088500412107844	1.7113513753227723	-0.19696200086213458	0.3533555683194792	0.31714387352819634	1.3129218324655807	1.4427838664230557	0.8331387003925299	0.000141211022736194
L984W	missense	60	107	30	62	314	13	13	51	42	56	80	19	86	48	36	35	142	0.00019155884939078005	0.000317836826104998	0.0001196587794804493	0.00020851882130598978	0.0008152532590719571	0.0002277163305139883	0.0001808598594460521	0.00015928883660947584	0.00017572250555773506	0.0001877049936114441	0.00034792319917529316	0.0002549784543206099	0.0011510829441261693	0.0001839822776255022	0.00013256279714667535	0.00015675414418768696	0.00026949707699324186	0.7602515144824419	0.00036531692149084855	1.9506766958105566	0.7079685467622556	0.00021765988373848705	1.4126023512914472	0.6722430575303303	0.0001856990739882766	1.1964606497811172	-0.10005198785407812	0.5738651522146996	0.6546031348188526	1.8665974850125757	1.5199132322943736	1.2202313186136378	0.00025622529307253744
L984R	missense	165	155	55	71	131	13	8	125	68	86	78	20	7	118	89	97	215	0.0005212912950634342	0.00045909763770721933	0.00021615779519048906	0.0002383072243497026	0.0003416299371349154	0.0002277163305139883	0.00011626705250103349	0.00038596910409219147	0.0002819733228717144	0.00028649709551220413	0.00033933250289936	0.0002677273770366404	0.00010584670750585465	0.00044681410280479107	0.00032245004711353465	0.00042671961473314784	0.0004070725079058758	0.592111255073946	0.0003137981485955816	0.3377471407529511	0.6119194467531178	0.00032344300634386746	0.6638451843642138	0.623833851208692	0.00040076406813933734	0.7999542090093016	-0.29193751409299135	0.13724775600260172	-0.4030154298777605	0.13134314137833555	0.6005155113754888	0.13429544869046864	0.00034600174102626213
L984D	missense	67	64	47	70	36	19	8	48	28	65	52	10	7	49	55	58	121	0.00021354101243562366	0.00019129068237800804	0.00018527811016327633	0.00023499740178929007	9.575990662115051e-05	0.00032530904359141186	0.00011626705250103349	0.00015009909603585223	0.00011851052700405388	0.0002173426241816721	0.00022765345131222885	0.00014023814987633546	0.00010584670750585465	0.0001877370179852063	0.00020063558487064378	0.00025690262519648696	0.00022992058316905948	0.5831393512614195	0.00017683152523793123	0.25168179938101504	0.683066934528383	0.00017840142463345176	1.2184801718396754	0.6511109761857561	0.00021879895280534913	1.023373607114766	-0.4468394740787345	-0.21521702736473375	-0.1221888203020663	0.5921005546278733	0.8311785261118189	0.18844176363156975	0.0001913439675589107
L984V	missense	125	222	149	147	109	31	22	240	186	138	90	38	17	176	180	100	211	0.000395678934807185	0.0006562741872353199	0.0005789940942602385	0.0004898537389410553	0.0002846916142790961	0.000520494469746259	0.0002971269119470856	0.000738242492747763	0.0007641885706813129	0.00045773673880685487	0.000390876680554959	0.0004972079859251893	0.00023815509188817295	0.0006645890436676304	0.0006484828725283309	0.00043978246008212176	0.00039953412812984105	0.5501243962752954	0.0005024534086789274	-0.06502281879519119	0.5533005235373074	0.0005877611206977224	0.20687745774085603	0.5667005133480932	0.000538097126101981	0.3319908159719394	-0.24347413015639124	0.24752161000699213	-0.319678224058978	0.26807603659265694	0.15794848497253475	0.2577988232998245	0.0005427705518262103
L984F	missense	55	83	45	100	168	21	37	76	68	83	95	24	7	36	44	62	183	0.0001758573043587489	0.0002472064203038873	0.00017755818890647314	0.00033429207860166617	0.0004373898437560659	0.000357839947950553	0.0004909053327821414	0.00023587000805633924	0.0002819733228717144	0.0002766178853221281	0.0004123534212447919	0.0003187230679007624	0.00010584670750585465	0.00013892539330905267	0.00016122502355676732	0.00027431975232845217	0.0003467654696975979	0.70098377161687	0.00029911163289202315	1.3821353216879637	0.6792849317671159	0.00030170365937374344	1.1889973170022234	0.7249493135685913	0.0002303089097229675	1.6281630381509413	0.1373089279405258	1.1139575033580773	-0.4787361438158789	0.007106765287587384	1.3997652256137094	0.5605321343228323	0.00027704140066291133
L984K	missense	57	155	153	130	82	13	6	83	78	81	63	9	12	69	68	51	134	0.00018213792237156137	0.00045909763770721933	0.0005944339367738449	0.00043358675541404227	0.0002148127635014998	0.0002277163305139883	9.042992972302605e-05	0.00025731273606146096	0.00032283902183862954	0.00027003174519541075	0.00027490228082986126	0.00012748922716030494	0.0001720008996970138	0.0002628318251792889	0.00024721170278704324	0.00022642265271554784	0.00025442031744117235	0.5593611936284852	0.00042548277334915157	0.023583583368388155	0.6249957067342585	0.00028127144598134065	0.7657820414149451	0.6191941416381919	0.00024772162453076305	0.7619516291737466	-0.40108198351805935	-0.11110017823393102	0.13005723017105197	1.0059653158554915	0.5171057513190266	0.44743256881078025	0.00031815861462041844
L984P	missense	79	26	31	82	78	7	18	53	35	108	53	20	13	46	37	88	139	0.00025122472051249844	7.94592065262495e-05	0.0001235187401088509	0.00027471527251424053	0.00020446034116407814	0.00013012361743656474	0.0002454526663910707	0.0001654153303252249	0.00014711651628089448	0.0003589446369060948	0.00023194879945019544	0.0002677273770366404	0.00018523173813524564	0.00017647279690609393	0.00013614557544793687	0.0003875310786862261	0.0002638432921612158	0.7214225591810131	0.00017053839007835476	1.5781997541309916	0.6819261974065804	0.00022585632074060243	1.2095874795036896	0.6915846543743555	0.00024099818580036817	1.3548823283460023	0.27561162610680723	1.4286522338365226	-0.15997738119146607	0.5301001637385283	1.3808898539935612	0.9793761987875255	0.00021246429887310844
L984L	silent	161	75	77	69	274	9	66	75	62	164	147	9	57	88	113	107	280	0.0005087300590378094	0.0002236629517035171	0.00030107692901532404	0.00023168757922887754	0.0007117290356977404	0.00016265452179570593	0.0008655436130632492	0.0002328067611984647	0.0002574539034915653	0.0005433565604541802	0.0006357115244190541	0.00012748922716030494	0.0007673886294174461	0.00033417189201366727	0.0004084367263438106	0.0004702624325630609	0.0005295711792664403	0.7437551281431182	0.0003670391239113648	1.792430781524788	0.7369175107820591	0.0004173321873908161	1.6382759316048945	0.6714881673514672	0.0004356105575467448	1.1902775527890723	0.7260228148467482	2.4535203638463607	0.7795418714271525	2.0715867813662356	1.540328088639585	2.262553572606298	0.0004066606229496419
L984G	missense	180	91	39	107	149	33	22	146	100	159	111	55	22	135	90	109	406	0.0005683959301595277	0.0002707498889042575	0.00015439842513606362	0.00035746083652455393	0.0003882158376533129	0.0005530253741054002	0.0002971269119470856	0.00045029728810755675	0.0004127435595658428	0.0005268912101373869	0.0004810789914522572	0.0007139396720977077	0.0003043092840793321	0.0005106446889197612	0.00032603282541479616	0.0004789709961290435	0.0007670301422115345	0.6843022295416862	0.000292706247054547	1.2221132524247507	0.6387955332149814	0.00046775276231576096	0.8733595093850817	0.6803430632112379	0.0005206696631687839	1.2628055594957923	-0.2698030688787404	0.18761259604797728	-0.3703463131243923	0.18494396557078727	1.1194261071018747	0.18627828080938227	0.00042704289084636394
L984E	missense	69	28	38	65	73	9	11	49	36	67	36	13	14	24	61	45	131	0.0002198216304484361	8.534507367634205e-05	0.00015053846450766202	0.0002184482889872274	0.00019151981324230102	0.00016265452179570593	0.00015502273666804465	0.00015316234289372677	0.000151203086177586	0.00022392876430838942	0.00015892788110476354	0.00017848491802442692	0.00019846257657347746	9.386850899260315e-05	0.00022213225467821276	0.0002002969620176	0.00024876653260914633	0.699791565701144	0.0001614629101033831	1.3706987736300877	0.641374308994557	0.00017180551862111646	0.8934625280148443	0.6973564676734599	0.00019126606457439056	1.4021576571919616	-0.020870741806453322	0.7540346009260032	0.04607710124165843	0.8681775648003683	1.2221063196122979	0.8111060828631858	0.00017484483109963004
L984A	missense	95	127	51	78	58	19	12	65	60	91	64	16	12	68	78	91	180	0.00030146966461499814	0.00037669549760592356	0.0002007179526768827	0.00026147598227259036	0.00015269822947696976	0.00032530904359141186	0.00016794129805704837	0.00020217429261971934	0.0002492807636981823	0.00030296244582899746	0.0002791976289678278	0.00021673168617251842	0.0001720008996970138	0.0002590770848195847	0.0002830394857996582	0.0004005939240352	0.00034111168486557187	0.5479475872135243	0.0002478969155080916	-0.08590443087191432	0.659436378034158	0.00025840378277868176	1.034266592203359	0.6604077694885152	0.0003209555448800037	1.0995210737469667	-0.2871386312112226	0.14816716086670753	-0.10039169120722195	0.627863507551676	0.6826277450261372	0.38801533420919176	0.00027575208105559234
L984C	missense	65	78	85	105	74	23	34	51	64	77	67	29	8	64	66	38	194	0.00020726039442281122	0.00023249175242865593	0.00033195661404253677	0.00035084119140372887	0.00019410791882665645	0.0003903708523096942	0.00045214964861513024	0.00015928883660947584	0.0002656270432849483	0.0002568594649419761	0.0002920836733817276	0.0003824676814809149	0.00011907754594408647	0.0002440581233807682	0.00024004614618452024	0.00016981698953666088	0.0003674960140816934	0.6141532424732224	0.0002773493691753945	0.5491906882624531	0.675009411614664	0.00024346475455453196	1.1556672144173412	0.6617240357263083	0.0002553543182959107	1.1103022470136348	0.06380481478459148	0.9467058344799107	-0.5067648674161225	-0.038880480017432474	0.9383867165644763	0.4539126772312391	0.0002587228140086124
L984H	missense	52	27	21	24	37	2	6	24	23	33	15	2	6	14	16	31	73	0.0001664363773395302	8.240214010129577e-05	8.491913382483498e-05	8.274556401031341e-05	9.834801220550593e-05	4.8796356538711774e-05	9.042992972302605e-05	7.658117144686338e-05	9.807767752059631e-05	0.00011196438215419471	6.872557020746531e-05	3.824676814809149e-05	9.261586906762282e-05	5.63211053955619e-05	6.090723112144544e-05	0.00013933701705572175	0.00013946002585664264	0.6413827856646699	8.710371253548752e-05	0.8103972258204889	0.6215948600894428	8.883720033227993e-05	0.7392705145116842	0.728480283192301	9.900634485734294e-05	1.6570842352610191	0.2679247974405163	1.4111615810333211	0.3840906631588095	1.4227626686390773	1.0689173251977309	1.4169621248361992	9.164908590837013e-05
L984T	missense	81	67	41	103	181	19	31	52	24	87	101	20	18	47	55	38	184	0.0002575053385253109	0.00020011948310314688	0.0001621183463928668	0.00034422154628290376	0.00047103521635268633	0.00032530904359141186	0.00041339396444811904	0.00016235208346735037	0.00010216424741728782	0.0002897901655755628	0.0004381255100725914	0.0002677273770366404	0.0002513859303264048	0.00018022753726579807	0.00020063558487064378	0.00016981698953666088	0.00034865006464160657	0.7306109308576196	0.00029437364803290095	1.6663416202860055	0.7528357347522304	0.00024810800163319806	1.762367508530495	0.6909447719103633	0.00022483254407867733	1.3496412277870695	0.1040679948018466	1.0383208987681096	-0.027351815916875136	0.7477013820810767	1.59278345220119	0.8930111404245932	0.0002557713979149254
L984_	nonsense	47	18	13	27	43	6	19	65	53	52	32	2	10	51	74	33	107	0.00015073483230749907	5.591573792587927e-05	5.4039448797622264e-05	9.267503169155101e-05	0.00011387664571163845	0.00011385816525699414	0.0002583712277800744	0.00020217429261971934	0.0002206747744213417	0.0001745327133580094	0.00014174648855289722	3.824676814809149e-05	0.00014553922282055013	0.00019524649870461457	0.0002687083725946122	0.00014804558062170436	0.0002035362539529379	0.7089311600862074	7.912671603167274e-05	1.4583727308177763	0.5865382263781034	0.00018478206723799193	0.46598418765166183	0.6103174103725207	0.00020388417646846727	0.6892447746871467	0.35587996779564623	1.6112952660306654	0.5803853083027777	1.744826924116592	0.8712005643855284	1.6780610950736286	0.0001559309865793773
L984S	missense	182	52	47	68	206	15	26	65	44	135	118	9	5	38	57	96	242	0.0005746765481723402	0.0001559754794774527	0.00018527811016327633	0.000228377756668465	0.0005357378559615718	0.0002602472348731295	0.00034880115750310044	0.00020217429261971934	0.00018389564535111809	0.00044785752861677884	0.0005111464284180233	0.00012748922716030494	7.938503062939099e-05	0.00014643487402846094	0.00020780114147316678	0.00042236533295015655	0.0004579565713941103	0.7587094852028357	0.00027634230056769145	1.9358843753479213	0.7356703407785247	0.0003362684737514099	1.6285535346388191	0.7413502806451335	0.00030863947996147365	1.762498830345673	0.12719179364898436	1.0909369195856409	-0.2057348717521411	0.45502500252292416	1.7756455801108046	0.7729809610542825	0.000307083418093525
D985C	missense	51	10	5	29	66	1	7	33	17	44	40	0	1	36	41	36	153	0.00016329606833312397	3.237226932550905e-05	2.315976377040954e-05	9.929467681237608e-05	0.0001734030741518131	3.2530904359141185e-05	0.00010334849111202976	0.0001041503931677342	7.355825814044724e-05	0.00014818815285114005	0.00017610927365662986	1.2748922716030496e-05	2.646167687646366e-05	0.00013892539330905267	0.00015047668865298284	0.00016110842597067828	0.0002902276213773374	0.8151211254146334	8.205744601502694e-05	2.4770278353792863	0.6973364091131302	0.00012550151945398783	1.3297188129367707	0.7033911349945013	0.0001851845323275128	1.4515859507444333	0.5020080034738842	1.9437958131119601	0.31714387352819634	1.3129218324655807	1.7527775330201634	1.6283588227887704	0.0001309144992655092
D985Y	missense	57	151	89	106	78	33	22	76	40	58	54	43	57	35	52	40	96	0.00018213792237156137	0.0004473259034070342	0.00034739645655614313	0.0003541510139641414	0.00020446034116407814	0.0005530253741054002	0.0002971269119470856	0.00023587000805633924	0.00016754936576435204	0.00019429113373816141	0.00023624414758816203	0.0005609525995053418	0.0007673886294174461	0.00013517065294934856	0.0001898872499668593	0.00017852555310264348	0.00018280570956884237	0.5583274083406581	0.0003383334287728492	0.013666726750074241	0.629176514034262	0.00020848866378675367	0.7983738036399058	0.6489557017340223	0.0001715972913969234	1.0057203492599394	-0.2698030688787404	0.18761259604797728	0.13608919494096494	1.0158620720368117	0.6059202932166398	0.6017373340423945	0.00023947312798550875
D985L	missense	130	189	141	125	65	34	26	191	116	166	60	64	13	179	124	78	140	0.0004113804798392162	0.0005591573792587928	0.0005481144092330259	0.00041703764261197956	0.0001708149685674577	0.0005692908262849707	0.00034880115750310044	0.0005881433967119108	0.00047812867791290704	0.0005499427005808975	0.0002620162364159615	0.0008286799765419822	0.00018523173813524564	0.0006758532647467428	0.00044784728765768703	0.00034398826085631305	0.00026572788710522446	0.5294241237585269	0.00042378109991781396	-0.26359561425476336	0.5646661371384555	0.0004695577529054193	0.2954788568125354	0.5287857458448797	0.0004333541750914918	0.021441425521174725	-0.2127562680453665	0.31741720471390555	-0.6506714431004024	-0.27499066082284307	0.01777488935964892	0.021213271945531242	0.00044223100930490837
D985_	nonsense	42	340	297	297	28	59	15	347	201	120	31	147	2	208	163	48	40	0.0001350332872754679	0.0010035403490907806	0.001150268267263674	0.000986327123002936	7.505506194630717e-05	0.0009759271307742355	0.00020669698222405952	0.0010660099065403384	0.0008254871191316856	0.0003984614776663988	0.00013745114041493063	0.0018868405619725133	3.9692515314695496e-05	0.0007847407351781624	0.0005875756414068854	0.00021335980736657392	7.726839270435605e-05	0.5103335156463252	0.0008037977003259244	-0.44672728156939495	0.4595611983895562	0.0006068524109383384	-0.5238737051604463	0.4373334282671779	0.0004157361441639945	-0.7276192531881938	-0.674083255581797	-0.7322887947356753	-1.6770265828110797	-1.9589505247508852	-0.5660734133060117	-1.3456196597432801	0.0006087954184760858
D985G	missense	96	23	14	60	72	7	10	61	57	59	76	3	11	50	58	72	176	0.0003046099736214043	7.063040580111066e-05	5.7899409426023855e-05	0.00020189917618516472	0.00018893170765794563	0.00013012361743656474	0.00014210417527904092	0.0001899213051882212	0.00023702105400810777	0.0001975842038015201	0.0003307418066234268	5.099569086412198e-05	0.00015877006125878198	0.00019149175834491045	0.00021138391977442827	0.0003178625701583652	0.0003335733050895371	0.7450763922893038	0.0001298401747675612	1.805105354520677	0.6751200325321776	0.00023881709240531897	1.1565295671597664	0.6881600887940115	0.00026357788834181024	1.3268326573716422	0.038250710312203264	0.8885598826931448	0.49323513258387763	1.6018380186522772	1.4294891930173617	1.245198950672711	0.00021074505183823014
D985R	missense	102	97	69	80	127	16	14	104	57	63	53	28	9	63	56	89	101	0.00032345182765984175	0.0002884074903545352	0.0002701972439881113	0.0002680956273934154	0.0003312775147974937	0.0002765126870527001	0.0001937784208350558	0.00032164092007682624	0.00023702105400810777	0.00021075648405495474	0.00023194879945019544	0.00036971875876488436	0.0001323083843823183	0.0002403033830210641	0.0002042183631719053	0.00039188536046921743	0.0001922286842888858	0.6386561823953933	0.0002894944691333889	0.7842415685531336	0.5881327904928931	0.00025034181439752105	0.478414718588029	0.6302791888882033	0.00025715894773776815	0.8527461900613272	-0.15440965017667085	0.45017942430879826	-0.44628412003474094	0.060351401024569803	0.7051341590674967	0.255265412666684	0.00026566507708955934
D985V	missense	112	46	29	40	101	9	25	74	38	66	47	4	8	36	75	54	125	0.000354854917723904	0.00013831787802717505	0.00011579881885204771	0.000135702724976914	0.0002639867696042528	0.00016265452179570593	0.00033588259611409674	0.00022974351434059016	0.00015937622597096901	0.00022063569424503074	0.00020617671062239594	6.374461358015247e-05	0.00011907754594408647	0.00013892539330905267	0.00027229115089587373	0.00023948549806452176	0.0002374589629450942	0.7008846019738532	0.00016345154786509737	1.3811840108671702	0.623553656861005	0.00020398303629474648	0.7545404454232866	0.6619858413246387	0.00022204025130363557	1.112446624371908	0.3149213601167398	1.5180978217639682	0.27138638296752127	1.2378466712499765	1.0827236935541216	1.3779722465069724	0.00019649161182115982
D985N	missense	32	2	3	33	33	0	10	16	14	43	17	4	12	15	24	44	48	0.00010363019721140561	8.828800725138832e-06	1.543984251360636e-05	0.00011253396705402623	8.799558986808426e-05	1.6265452179570593e-05	0.00014210417527904092	5.20751965838671e-05	6.129854845037269e-05	0.0001448950827877814	7.731626648339847e-05	6.374461358015247e-05	0.0001720008996970138	6.007584575526602e-05	8.95694575315374e-05	0.00019594268023460871	9.234515225642552e-05	0.8110526973357856	5.619955004021392e-05	2.4380003715578025	0.6843440183799568	8.389627357635491e-05	1.22843576420381	0.6829943390917622	0.00010948328394445942	1.2845214280829818	0.9413406973041468	2.9434558740390364	0.43108722583503317	1.499870798395848	1.6503191879481982	2.2216633362174423	8.31930358536761e-05
D985S	missense	74	87	64	54	34	21	6	115	46	84	37	15	18	92	77	38	139	0.00023552317548046728	0.0002589781546040724	0.00025089744084610336	0.0001820402408226895	9.058369545243968e-05	0.000357839947950553	9.042992972302605e-05	0.0003553366355134461	0.0001920687851445011	0.0002799109553854868	0.00016322322924273012	0.00020398276345648793	0.0002513859303264048	0.00034919085345248374	0.0002794567074983967	0.00016981698953666088	0.0002638432921612158	0.533300172363581	0.00019562488293132626	-0.22641360101221902	0.5633545536740506	0.00024763490132154105	0.2852543204149746	0.5819707589511263	0.0002655769606621893	0.4570651808260413	-0.5973766286620275	-0.5577501081844917	0.09074749616111938	0.9414691080876092	0.17196863340959898	0.19185949995155877	0.0002362789149716855
D985D	silent	37	21	9	10	18	0	1	9	4	4	11	0	3	2	14	11	30	0.00011933174224343676	6.47445386510181e-05	3.8599606284015906e-05	3.64080481645379e-05	4.917400610275297e-05	1.6265452179570593e-05	2.583712277800744e-05	3.063246857874535e-05	2.0432849483457566e-05	1.646535031679334e-05	5.1544177655598985e-05	1.2748922716030496e-05	5.292335375292732e-05	1.126422107911238e-05	5.3741674518922446e-05	5.225138139589565e-05	5.8422443264269213e-05	0.5926440086322398	4.723154980058122e-05	0.34285771904489026	0.6866919001167789	2.976871150864881e-05	1.2467388329194549	0.7246019725745138	4.391993006454992e-05	1.6253180639867137	0.200978007809903	1.2588304826633299	0.6181738691921775	1.806827315005937	1.0716382053170197	1.5328288988346335	4.030673045792665e-05
D985P	missense	15	8	6	34	307	13	19	22	22	49	87	28	13	21	26	26	122	5.0244944102499685e-05	2.6486402175416498e-05	2.7019724398811132e-05	0.00011584378961443877	0.0007971365199814692	0.0002277163305139883	0.0002583712277800744	7.045467773111431e-05	9.39911076239048e-05	0.0001646535031679334	0.00037799063614105924	0.00036971875876488436	0.00018523173813524564	8.260428791349079e-05	9.673501413406039e-05	0.00011756560814076522	0.00023180517811306815	0.9355028597384223	0.00024162160904253388	3.6318212076685685	0.800591221874261	0.00017677248116600294	2.1346485943430613	0.7357490841791948	0.00013217752207534615	1.7166209768643135	0.05484997213166504	0.926329935582035	-0.3001560843565029	0.3001063723361223	2.494363592958648	0.6132181539590786	0.00018352387076129434
D985W	missense	44	56	39	52	40	4	12	48	35	37	13	3	8	36	66	18	48	0.00014131390528828035	0.00016774721377763784	0.00015439842513606362	0.00017542059570186443	0.00010611232895857219	8.132726089785297e-05	0.00016794129805704837	0.00015009909603585223	0.00014711651628089448	0.00012513666240762937	6.013487393153215e-05	5.099569086412198e-05	0.00011907754594408647	0.00013892539330905267	0.00024004614618452024	8.273135387683478e-05	9.234515225642552e-05	0.5910658639837411	0.00015091964089353454	0.32771895243019494	0.5493833434218633	0.00012062178716397706	0.17634081882071465	0.5579806508184937	0.00013851201140670832	0.2605688299831796	0.3149213601167398	1.5180978217639682	0.3682963959755776	1.3968487222986168	0.2548762004113631	1.4574732720312924	0.00013668447982140665
D985K	missense	21	2	4	17	45	3	26	5	6	35	25	3	17	7	7	16	35	6.908679814093707e-05	8.828800725138832e-06	1.9299803142007953e-05	5.957680608742565e-05	0.0001190528568803493	6.506180871828237e-05	0.00034880115750310044	1.8379481147247212e-05	2.860598927684059e-05	0.00011855052228091205	0.00011167905158713113	5.099569086412198e-05	0.00023815509188817295	3.003792287763301e-05	2.866222641009197e-05	7.402279031085218e-05	6.784541798431263e-05	0.8492650179661374	5.168956670873043e-05	2.804562083362309	0.791767303912076	6.930376107303274e-05	2.0658611531912396	0.7239581875814945	5.014208939572245e-05	1.6200449988902044	0.7292517849769468	2.460867580482902	0.6693263916395589	1.8907542048389732	2.1634894118145844	2.1758108926609374	5.704513905916187e-05
D985H	missense	40	14	13	13	52	3	6	27	22	25	12	1	7	26	24	17	71	0.00012875266926265546	4.414400362569416e-05	5.4039448797622264e-05	4.6337515845775506e-05	0.00013716959597083722	6.506180871828237e-05	9.042992972302605e-05	8.577091202048699e-05	9.39911076239048e-05	8.561982164732537e-05	5.5839525793565566e-05	2.549784543206099e-05	0.00010584670750585465	0.00010137798971201142	8.95694575315374e-05	7.837707209384348e-05	0.00013569083596862527	0.7454224060609816	7.042264105998229e-05	1.8084245824126735	0.586799924165972	8.030534177132067e-05	0.468024270215861	0.6533156404227028	0.00010125383882650439	1.0414314030612768	0.14298606083221632	1.1268752831912145	0.6181738691921775	1.806827315005937	1.1059600852299372	1.4668512990985758	8.399394055260246e-05
D985F	missense	60	9	7	35	31	2	8	16	23	47	29	4	4	28	31	41	66	0.00019155884939078005	2.9429335750462777e-05	3.087968502721272e-05	0.0001191536121748513	8.281937869937342e-05	4.8796356538711774e-05	0.00011626705250103349	5.20751965838671e-05	9.807767752059631e-05	0.00015806736304121606	0.00012886044413899745	6.374461358015247e-05	6.615419219115915e-05	0.00010888747043141967	0.00011464890564036788	0.0001828798348856348	0.00012626786124858184	0.7434050206253302	6.557050291297506e-05	1.7890722832991122	0.7080354213244512	0.00010927017032116924	1.4131236764025026	0.6532465977437284	0.00013317101805150107	1.0408658935439419	0.37706926686558434	1.659509515269854	0.01611387786421517	0.8190163499252244	1.4143539510818524	1.2392629325975393	0.00010267056376188177
D985A	missense	63	14	10	24	43	6	2	20	14	34	32	1	0	17	33	22	60	0.00020097977640999874	4.414400362569416e-05	4.245956691241749e-05	8.274556401031341e-05	0.00011387664571163845	0.00011385816525699414	3.875568416701116e-05	6.432818401536524e-05	6.129854845037269e-05	0.00011525745221755339	0.00014174648855289722	2.549784543206099e-05	1.323083843823183e-05	6.758532647467428e-05	0.00012181446224289088	0.0001001484810088	0.00011496029158452974	0.7351082337590561	7.080644506501587e-05	1.709483178371449	0.7185019842238001	9.565766830904712e-05	1.4947164657491658	0.6622238456786623	0.00010112714032772372	1.1143960523107819	-0.46802877314867253	-0.26343127660392207	-0.284916117799766	0.32511086738486816	1.4395318988104655	0.030839795390473046	8.919708456726223e-05
D985T	missense	26	7	6	7	8	6	4	20	12	13	11	2	0	15	20	18	42	8.478834317296822e-05	2.3543468600370222e-05	2.7019724398811132e-05	2.647858048330029e-05	2.3292950259198775e-05	0.00011385816525699414	6.45928069450186e-05	6.432818401536524e-05	5.312540865698967e-05	4.610298088702135e-05	5.1544177655598985e-05	3.824676814809149e-05	1.323083843823183e-05	6.007584575526602e-05	7.523834432649142e-05	8.273135387683478e-05	8.103758259237342e-05	0.6233895169951913	2.5083680935420107e-05	0.6377920750303645	0.5986318640259425	5.3775187803743815e-05	0.5602609467486139	0.654414155218847	7.477078163774142e-05	1.0504290344014877	-0.24618002353231616	0.24136460513340458	-0.4610073768554473	0.036194681198171916	0.7494940187268221	0.13877964316578825	5.120988345896845e-05
D985M	missense	14	17	10	26	11	4	4	27	17	16	5	6	0	23	26	7	22	4.7104635096093454e-05	5.2972804350832996e-05	4.245956691241749e-05	8.936520913113848e-05	3.105726701226503e-05	8.132726089785297e-05	6.45928069450186e-05	8.577091202048699e-05	7.355825814044724e-05	5.5982191077097355e-05	2.5772088827799493e-05	8.924245901221346e-05	1.323083843823183e-05	9.011376863289904e-05	9.673501413406039e-05	3.483425426393044e-05	4.3345683712199736e-05	0.6140893289962306	5.3963711851663497e-05	0.5485775814647752	0.5225600893656001	6.027086251645777e-05	-0.032761647657642605	0.5296306122666234	6.62571801857724e-05	0.028361493071703752	-0.10005198785407819	0.5738651522146992	-0.8289841621500417	-0.5675516375156809	0.1813924756262788	0.003156757349509154	6.0163918184631225e-05
D985E	missense	40	25	27	18	10	0	0	33	14	13	9	0	0	18	34	9	28	0.00012875266926265546	7.651627295120322e-05	0.00010807889759524453	6.288662864783819e-05	2.8469161427909612e-05	1.6265452179570593e-05	1.291856138900372e-05	0.0001041503931677342	6.129854845037269e-05	4.610298088702135e-05	4.2953481379665825e-05	1.2748922716030496e-05	1.323083843823183e-05	7.134006683437841e-05	0.00012539724054415238	4.354281782991304e-05	5.4653253376251844e-05	0.5392358468827257	6.898774015554889e-05	-0.16947408578361806	0.5273663643810387	6.362635097119852e-05	0.004705989870357081	0.5690912454019099	7.373334464617391e-05	0.3515726420237792	-0.10005198785407819	0.5738651522146992	0.01611387786421517	0.8190163499252244	0.062268182036839405	0.6964407510699618	6.878247859097377e-05
D985I	missense	12	4	1	7	6	0	2	4	2	10	6	0	0	9	13	15	29	4.082401708328099e-05	1.4714667875231389e-05	7.71992125680318e-06	2.647858048330029e-05	1.8116739090487936e-05	1.6265452179570593e-05	3.875568416701116e-05	1.5316234289372676e-05	1.2259709690074539e-05	3.622377069694535e-05	3.0067436965766077e-05	1.2748922716030496e-05	1.323083843823183e-05	3.754740359704126e-05	5.0158896217660946e-05	6.966850852786088e-05	5.6537848320260525e-05	0.6790148297817811	1.67574771764557e-05	1.1713924829186433	0.7158433725784488	2.3466787910539664e-05	1.4739910813015904	0.6696916908009385	5.34781641657059e-05	1.1755631094609285	0.37706926686558434	1.659509515269854	0.01611387786421517	0.8190163499252244	1.2736488912270543	1.2392629325975393	3.123414308423375e-05
D985Q	missense	24	37	5	9	8	1	0	10	24	7	6	1	0	9	16	12	9	7.850772516015576e-05	0.00011183147585175854	2.315976377040954e-05	3.309822560412536e-05	2.3292950259198775e-05	3.2530904359141185e-05	1.291856138900372e-05	3.369571543661989e-05	0.00010216424741728782	2.6344560506869343e-05	3.0067436965766077e-05	2.549784543206099e-05	1.323083843823183e-05	3.754740359704126e-05	6.090723112144544e-05	5.660566317888696e-05	1.8845949440086843e-05	0.45800639566638696	4.784560387137305e-05	-0.9486889095792491	0.5686315868836735	4.806799008163579e-05	0.32639178485183323	0.5815815408170719	4.3476561834365125e-05	0.45387720257264136	-0.4010819835180594	-0.11110017823393115	-0.284916117799766	0.32511086738486816	-0.05613997405159149	0.10700534457546851	4.646338526245799e-05
K986G	missense	67	82	57	41	179	15	10	57	48	75	113	24	12	64	44	58	269	0.00021354101243562366	0.00024426348672884103	0.00022387771644729224	0.00013901254753732653	0.0004658590051839755	0.0002602472348731295	0.00014210417527904092	0.00017766831775672305	0.00020024192493788413	0.00025027332481525875	0.0004896696877281903	0.0003187230679007624	0.0001720008996970138	0.0002440581233807682	0.00016122502355676732	0.00025690262519648696	0.0005088406348823447	0.6925576062898722	0.0002682531889743588	1.301305119929457	0.7352599452534796	0.00027946331380951405	1.6253542689442617	0.7200048106101344	0.0002927566017540918	1.587663979843367	-0.2627792853517779	0.2035945522445144	-0.26788277850098563	0.35305778226649487	1.5047744562390288	0.27832616725550463	0.0002801577015126549
K986T	missense	63	109	64	93	184	15	45	86	63	106	147	13	29	69	90	66	293	0.00020097977640999874	0.0003237226932550905	0.00025089744084610336	0.0003111233206787784	0.0004787995331057526	0.0002602472348731295	0.0005942538238941712	0.0002665024766350846	0.0002615404733882568	0.0003523584967793775	0.0006357115244190541	0.00017848491802442692	0.00039692515314695493	0.0002628318251792889	0.00032603282541479616	0.00029173687946041743	0.0005540709135385531	0.6731348337913875	0.0003411357469714312	1.114987078586034	0.7238090259013854	0.0003790282428054433	1.5360878632000061	0.6981370183898155	0.0003586681108982639	1.4085509325604462	0.35858586117157115	1.617452270904253	0.3471070969056396	1.3620830473407248	1.3532086247821622	1.4897676591224889	0.00035961070022504614
K986_	nonsense	29	106	64	83	27	14	4	102	71	43	18	19	2	70	64	27	98	9.420927019218691e-05	0.0003148938925299517	0.00025089744084610336	0.00027802509507465306	7.246695636195174e-05	0.00024398178269355888	6.45928069450186e-05	0.00031551442636107717	0.00029423303256178896	0.0001448950827877814	8.161161462136506e-05	0.0002549784543206099	3.9692515314695496e-05	0.000266586565538993	0.00023288058958199724	0.00012191988992375652	0.00018657489945685975	0.5294846324455341	0.00022907084620316497	-0.26301516879836256	0.49778891552449595	0.00020906353908300317	-0.2258669859165388	0.5706973654060599	0.00020199048612540163	0.36472792744752	-0.5771732425737406	-0.511779210840455	-0.8077948630801035	-0.5327859625577885	-0.041384742422460465	-0.5222825866991218	0.00021337495713718993
K986L	missense	86	148	131	126	54	19	10	195	88	98	56	22	4	121	107	77	230	0.00027320688355734205	0.00043849710268189536	0.0005095148029490099	0.0004203474651723921	0.00014234580713954806	0.00032530904359141186	0.00014210417527904092	0.0006003963841434089	0.00036370472080554466	0.00032601393627250814	0.00024483484386409517	0.0002932252224687014	6.615419219115915e-05	0.0004580783238839034	0.00038694005653624157	0.00033963397907332176	0.0004353414320660061	0.5441088672795423	0.00037767629448571134	-0.12272835904289398	0.5350642131624529	0.0003837374712713892	0.06471508359906057	0.6160866361403297	0.0004049984478898682	0.7364989097788113	-0.3596892983598343	-0.016915031650705785	-0.646643953817359	-0.2683826846529597	0.2261618781116593	-0.14264885815183276	0.00038880407121565623
K986F	missense	39	27	14	11	32	2	11	27	28	35	19	2	4	14	36	26	50	0.00012561236025624922	8.240214010129577e-05	5.7899409426023855e-05	3.9717870724950433e-05	8.540748428372885e-05	4.8796356538711774e-05	0.00015502273666804465	8.577091202048699e-05	0.00011851052700405388	0.00011855052228091205	8.590696275933165e-05	3.824676814809149e-05	6.615419219115915e-05	5.63211053955619e-05	0.00013256279714667535	0.00011756560814076522	9.61143421444429e-05	0.6206836015880735	6.635672613399973e-05	0.6118348715088529	0.6251370518768238	0.00010218473101619614	0.7668839069034922	0.6574117902376208	0.00010064096320686134	1.0749818350429565	0.5020080034738843	1.9437958131119604	0.23796262748057148	1.183007697327525	0.8179002044851004	1.5634017552197426	8.97274734523524e-05
K986V	missense	88	39	63	69	66	1	9	64	43	56	50	8	7	27	54	53	144	0.0002794875015701545	0.00011771734300185111	0.0002470374802177018	0.00023168757922887754	0.0001734030741518131	3.2530904359141185e-05	0.0001291856138900372	0.0001991110457618448	0.00017980907545442657	0.0001877049936114441	0.0002190627550362957	0.00011474030444427445	0.00010584670750585465	0.00010513273007171553	0.0001970528065693823	0.00023513121628153044	0.0002732662668812592	0.6496327505116716	0.0001924613691500609	0.8895371782431087	0.6357789378866345	0.00019642196746600277	0.8498434392542419	0.708655684687305	0.00020264575495097185	1.4947064234720946	0.5989180164819407	2.1643053970071806	-0.035038644583166134	0.7350894600921885	1.0780290136564818	1.4496974285496846	0.00019717636385567852
K986S	missense	94	66	49	45	142	18	15	77	69	67	121	24	11	59	60	63	254	0.0002983293556085919	0.0001971765495281006	0.0001929980314200795	0.00015225183777897667	0.000370099098562825	0.00030904359141184127	0.00020669698222405952	0.00023893325491421377	0.00028605989276840593	0.00022392876430838942	0.000524032472831923	0.0003187230679007624	0.00015877006125878198	0.0002252844215822476	0.00021854947637695127	0.0002786740341114435	0.0004805717107222145	0.6904805597769333	0.00022813137932249547	1.2813805062781287	0.7028863852811428	0.00031823859620573304	1.3729840224148335	0.7108200068156886	0.0003007699106982142	1.5124337883478427	-0.1746856061509824	0.4040434010415065	-0.30264488476019763	0.29602295147428365	1.3889327723469351	0.3500331762578951	0.0002823799620754809
K986D	missense	28	4	3	16	38	1	5	3	7	22	28	1	0	15	22	33	93	9.106896118578068e-05	1.4714667875231389e-05	1.543984251360636e-05	5.6266983527013114e-05	0.00010093611778986136	3.2530904359141185e-05	7.751136833402232e-05	1.2252987431498142e-05	3.26925591735321e-05	7.574061145724937e-05	0.0001245650960010309	2.549784543206099e-05	1.323083843823183e-05	6.007584575526602e-05	8.240390092901442e-05	0.00014804558062170436	0.00017715192473681632	0.8248127324736854	4.683940292642805e-05	2.5699971189794275	0.8186709658445949	6.131281351582762e-05	2.2755904446332673	0.7364202996875688	0.00011691931301070028	1.7221187177371535	0.37706926686558434	1.659509515269854	-0.284916117799766	0.32511086738486816	2.189235427116616	0.9923101913273611	7.502384315098531e-05
K986K	silent	57	43	35	24	47	13	7	77	73	76	35	20	1	79	52	48	94	0.00018213792237156137	0.0001294890773020362	0.00013895858262245726	8.274556401031341e-05	0.00012422906804906013	0.0002277163305139883	0.00010334849111202976	0.00023893325491421377	0.000302406172355172	0.0002535663948786174	0.00015463253296679695	0.0002677273770366404	2.646167687646366e-05	0.0003003792287763301	0.0001898872499668593	0.00021335980736657392	0.000179036519680825	0.6060712897814868	0.00011885557299596674	0.4716624365222926	0.5852778100413959	0.00023738458877870002	0.45615852801162243	0.5767715644563483	0.0002206657014476471	0.41448001447756155	-0.34309003654037257	0.0208550212381844	-1.005075421205723	-0.8564678237023772	0.4474336596704922	-0.4178064012320964	0.00019230195440743796
K986E	missense	42	65	45	55	187	10	9	57	20	53	101	14	28	39	38	39	246	0.0001350332872754679	0.00019423361595305433	0.00017755818890647314	0.00018535006338310202	0.0004865638498588188	0.0001789199739752765	0.0001291856138900372	0.00017766831775672305	8.581796783052178e-05	0.00017782578342136806	0.0004381255100725914	0.00019123384074045744	0.0003836943147087231	0.00015018961438816505	0.00013972835374919835	0.00017417127131965217	0.000465494951170145	0.7309664808825835	0.0002609264295253621	1.6697523271897725	0.7491389118047067	0.00021985939477030107	1.7335486786137535	0.7568276141366734	0.00023239604765679014	1.8892693949071868	-0.14144467301230315	0.4796800056314742	0.30242061670749	1.2887651126391828	1.7641901335702377	0.8842225591353285	0.00023772729065081775
K986A	missense	65	692	589	178	67	76	15	337	273	103	51	183	17	158	176	66	132	0.00020726039442281122	0.0020394529675070703	0.002277376770756938	0.0005924582383138439	0.0001759911797361685	0.0012524398178269357	0.00020669698222405952	0.001035377437961593	0.0011197201516934747	0.00034247928658930147	0.00022335810317426226	0.002345801779749611	0.00023815509188817295	0.0005970037171929561	0.0006341517593232848	0.00029173687946041743	0.000250651127553155	0.44616753888715766	0.0012713197890785051	-1.0622562495160885	0.4773807581873596	0.0006802337448546579	-0.38496013794509176	0.5276332972935642	0.0004433858708824533	0.012002037686169515	-0.7824227303706353	-0.9788050396888915	-0.9934314400420152	-0.8373633284089202	-0.4784047832583369	-0.9080841840489059	0.0007983131349385388
K986M	missense	39	26	12	19	37	5	11	17	5	33	32	5	10	23	18	19	66	0.00012561236025624922	7.94592065262495e-05	5.017948816922067e-05	6.619645120825072e-05	9.834801220550593e-05	9.759271307742355e-05	0.00015502273666804465	5.513844344174164e-05	2.4519419380149078e-05	0.00011196438215419471	0.00014174648855289722	7.649353629618297e-05	0.00014553922282055013	9.011376863289904e-05	6.807278772396843e-05	8.708563565982608e-05	0.00012626786124858184	0.6558835576040237	7.354578952730671e-05	0.9494996853647615	0.7552120831906545	8.334218338224567e-05	1.7808924913176014	0.6678874103419646	9.288501331631885e-05	1.1607847464737608	0.20097800780990308	1.2588304826633299	0.2793553126387965	1.2509214415762357	1.2970589743853747	1.2548759621197827	8.325766207529042e-05
K986W	missense	38	24	41	38	113	5	8	43	26	60	56	2	3	46	35	40	132	0.00012247205124984298	7.357333937615695e-05	0.0001621183463928668	0.00012908307985608892	0.0002950440366165178	9.759271307742355e-05	0.00011626705250103349	0.00013478286174647955	0.00011033738721067085	0.00020087727386487874	0.00024483484386409517	3.824676814809149e-05	5.292335375292732e-05	0.00017647279690609393	0.00012898001884541387	0.00017852555310264348	0.000250651127553155	0.7446117826286742	0.00016495470056040762	1.8006484644466938	0.7011211860673784	0.00017270809167153108	1.3592232941806839	0.6712955352883696	0.00018365737410182655	1.1886997567556095	0.07603927120160313	0.9745441848212235	0.14105261447251513	1.0240056462788847	1.4495238384609959	0.9992749155500541	0.00017377338877792175
K986Y	missense	42	7	8	12	28	1	3	10	5	26	28	2	1	17	26	18	58	0.0001350332872754679	2.3543468600370222e-05	3.4739645655614314e-05	4.302769328536297e-05	7.505506194630717e-05	3.2530904359141185e-05	5.167424555601488e-05	3.369571543661989e-05	2.4519419380149078e-05	8.891289171068403e-05	0.0001245650960010309	3.824676814809149e-05	2.646167687646366e-05	6.758532647467428e-05	9.673501413406039e-05	8.273135387683478e-05	0.00011119110169651236	0.7404013161252246	4.409146737191367e-05	1.7602584597691422	0.780046993317082	6.792328063212097e-05	1.9744946900408302	0.6657592513559284	8.956069904552045e-05	1.143353583910523	0.200978007809903	1.2588304826633299	-0.15997738119146607	0.5301001637385283	1.6260355779068318	0.8944653232009291	6.719181568318503e-05
K986P	missense	50	8	10	16	217	8	10	14	14	63	147	10	14	15	17	37	305	0.00016015575932671776	2.6486402175416498e-05	4.245956691241749e-05	5.6266983527013114e-05	0.0005642070173894814	0.00014638906961613534	0.00014210417527904092	4.594870286811803e-05	6.129854845037269e-05	0.00021075648405495474	0.0006357115244190541	0.00014023814987633546	0.00019846257657347746	6.007584575526602e-05	6.449000942270693e-05	0.00016546270775366956	0.0005766860528666574	0.9199887827891349	0.00017235499250108213	3.4829983539452964	0.8764831314373187	0.0002384288149481249	2.7262690383839403	0.863083460457258	0.00021667865394957498	2.7595816895530896	-0.012901812135178013	0.7721671479287273	0.15081245176167135	1.0400187918632098	2.989616360627442	0.9060929698959685	0.00020915415379959404
K986C	missense	49	68	79	161	62	29	5	133	107	94	47	36	10	49	70	67	137	0.00015701545032031152	0.00020306241667819314	0.00030879685027212725	0.0005361912547868308	0.00016305065181439142	0.00048796356538711777	7.751136833402232e-05	0.00041047507895518775	0.0004413495488426834	0.00031284165601907344	0.00020617671062239594	0.00047171014049312833	0.00014553922282055013	0.0001877370179852063	0.0002543772593895662	0.0002960911612434087	0.00026007410227319843	0.6360807330002485	0.0003027752933878857	0.7595358944831763	0.5573953398721264	0.0003427107486098351	0.23879887165993227	0.6573963809884852	0.00024956988522284495	1.0748556221385532	-0.799021992190097	-1.0165750925777817	-0.5106951610445548	-0.045328985478805095	0.691063462760554	-0.5309520390282934	0.0002983519757401886
K986R	missense	77	112	75	86	89	27	19	66	60	70	55	50	7	85	101	55	137	0.00024494410249968596	0.0003325514939802294	0.0002933570077585209	0.00028795456275589065	0.00023292950259198774	0.0004554326610279766	0.0002583712277800744	0.00020523753947759388	0.0002492807636981823	0.00023380797449846542	0.0002405394957261286	0.0006501950585175553	0.00010584670750585465	0.00032290767093455487	0.0003654433867286726	0.00024383977984751304	0.00026007410227319843	0.5918348457362765	0.0002866981417716572	0.33509561165700824	0.6371698261115316	0.00023221644335009257	0.8606862012029464	0.5924878981888219	0.00029806623494598475	0.5432081640126153	-0.24618002353231616	0.24136460513340458	-0.7883663112417776	-0.5009091781542838	0.57966332562419	-0.12977228651043962	0.0002723269400225782
K986N	missense	31	36	11	8	20	6	3	47	67	26	17	12	2	63	75	18	35	0.00010048988820499937	0.00010888854227671227	4.631952754081908e-05	2.9788403043712825e-05	5.435021727146381e-05	0.00011385816525699414	5.167424555601488e-05	0.0001470358491779777	0.0002778867529750229	8.891289171068403e-05	7.731626648339847e-05	0.00016573599530839644	3.9692515314695496e-05	0.0002403033830210641	0.00027229115089587373	8.273135387683478e-05	6.784541798431263e-05	0.5309178030553879	5.9836672533177e-05	-0.2492671036876913	0.5408142130215595	0.0001477879400867708	0.10953959110539921	0.49175130430668623	0.0001657928264445213	-0.2818974580522421	-0.34309003654037257	0.0208550212381844	-0.6207082197229591	-0.2258294459476992	-0.14054165687817807	-0.1024872123547574	0.00012447247968815637
K986I	missense	37	11	18	26	97	5	36	28	22	44	44	3	29	37	32	22	79	0.00011933174224343676	3.531520290055533e-05	7.333925193963022e-05	8.936520913113848e-05	0.0002536343472668311	9.759271307742355e-05	0.00047798677139313764	8.883415887836153e-05	9.39911076239048e-05	0.00014818815285114005	0.0001932906662084962	5.099569086412198e-05	0.00039692515314695493	0.00014268013366875682	0.00011823168394162938	0.0001001484810088	0.00015076759552069474	0.8107017134783424	0.00011291350280953879	2.4346334668140504	0.7126320100633285	0.00013107602139047564	1.4489566905725886	0.6265090967817826	0.00012795697353497023	0.8218664067290683	0.6899984858292733	2.371550404755678	0.8911751412559152	2.254745552241274	1.5684855213719022	2.313147978498476	0.00012398216591166157
K986H	missense	14	20	24	27	104	6	21	31	15	32	56	13	35	26	16	28	98	4.7104635096093454e-05	6.180160507597183e-05	9.649901571003975e-05	9.267503169155101e-05	0.000271751086357319	0.00011385816525699414	0.00028420835055808184	9.802389945198513e-05	6.53851183470642e-05	0.00010867131209083605	0.00024483484386409517	0.00017848491802442692	0.0004763101837763459	0.00010137798971201142	6.090723112144544e-05	0.00012627417170674784	0.00018657489945685975	0.7747016541618175	0.0001306816847087204	2.0892934521160833	0.74197253522933	0.00012922879343849514	1.677682711923777	0.7094386721885542	0.00011878357299926611	1.5011196578727246	0.39727265295387126	1.7054804126138907	0.4262883429532644	1.4919971824787803	1.7560319406375282	1.5987387975463356	0.00012623135038216055
K986Q	missense	25	12	7	10	49	3	0	33	13	41	20	2	4	11	25	24	53	8.164803416656198e-05	3.825813647560161e-05	3.087968502721272e-05	3.64080481645379e-05	0.00012940527921777097	6.506180871828237e-05	1.291856138900372e-05	0.0001041503931677342	5.721197855368118e-05	0.00013830894266106405	9.020231089729822e-05	3.824676814809149e-05	6.615419219115915e-05	4.505688431644952e-05	9.31522358327989e-05	0.00010885704457478262	0.00010176812697646895	0.7734190398129487	5.87377872212808e-05	2.076989637441899	0.6375850771733746	9.74684063199444e-05	0.863923318558544	0.6915926992928773	8.720857292512501e-05	1.354948222052009	-0.7021119791820406	-0.7960655086825615	0.23796262748057148	1.183007697327525	1.4319537260174842	0.19347109432248172	8.11382554887834e-05
V987H	missense	43	47	39	47	94	8	10	82	62	76	69	5	20	68	84	46	184	0.00013817359628187414	0.00014126081160222131	0.00015439842513606362	0.00015887148289980173	0.00024587003051376483	0.00014638906961613534	0.00014210417527904092	0.00025424948920358645	0.0002574539034915653	0.0002535663948786174	0.0003006743696576608	7.649353629618297e-05	0.00027784760720286846	0.0002590770848195847	0.0003045361556072272	0.00020465124380059132	0.00034865006464160657	0.6818068913456614	0.0001751001875379629	1.1981760660519485	0.6408764335625371	0.0002664860393078575	0.889581306869342	0.6438951370351464	0.00027922863721725245	0.9642706612870579	-0.012901812135178013	0.7721671479287273	0.5601819222144908	1.7116788548257738	1.0173426780694494	1.2419230013772506	0.0002402716213543576
V987A	missense	101	229	165	117	216	29	30	216	160	114	162	54	30	154	119	81	448	0.0003203115186534355	0.0006768747222606438	0.000640753464314664	0.0003905590621286793	0.000561618911805126	0.00048796356538711777	0.00040047540305911534	0.0006647245681587743	0.0006579377533673336	0.0003787030572862468	0.0007001417464885529	0.0007011907493816772	0.00041015599158518673	0.0005819847557541396	0.00042993339615137957	0.00035705110620528696	0.0008461831298598992	0.5921799158491322	0.0005674515401272783	0.3384057872541553	0.6159961145196438	0.0006003767813252269	0.6956251199084004	0.6656130542236935	0.0005537880969926763	1.1421561235727449	-0.08581154873946788	0.6062679267699652	-0.23288711779575602	0.4104758101587338	0.7253956769117669	0.5083718684643495	0.0005738721394817271
V987R	missense	107	136	93	132	648	48	45	166	132	291	274	77	49	115	131	185	662	0.0003391533726918729	0.00040318189978134005	0.0003628362990697495	0.0004402064005348673	0.0016796805242466671	0.000797007156798959	0.0005942538238941712	0.0005115622252650474	0.0005435137962599712	0.0009615764585007311	0.0011812207379408102	0.0009944159718503786	0.0006615419219115915	0.00043554988172567866	0.0004729267357665175	0.0008098964116363826	0.0012494864478777576	0.7942218648695277	0.000721476280908156	2.2765461950473633	0.7198692316283937	0.00079946830449164	1.505374934106024	0.7420363436954672	0.000741964869251584	1.7681181833345543	-0.12749023620101765	0.5114320089512231	-0.1770107204902464	0.5021532488569017	1.850013104162647	0.5067926289040624	0.0007543031515504601
V987L	missense	127	182	143	154	201	36	43	184	157	203	162	61	855	163	198	112	230	0.0004019595528199975	0.0005385568442334688	0.000555834330489829	0.0005130224968639431	0.0005227973280397947	0.0006018217306441119	0.0005684167011161637	0.0005667006687067891	0.0006456780436772591	0.0006717862929251682	0.0007001417464885529	0.0007904332083938907	0.011325597703126447	0.0006157774189914768	0.0007129728819510378	0.0004920338414780174	0.0004353414320660061	0.6197135294213413	0.0005325527499067589	0.6025291997217066	0.6456260093880377	0.0006460766879494423	0.9266069420795583	0.5827679202639847	0.0005640313936216344	0.463594509003463	-0.024801035434885745	0.7450915888915334	1.1561959530431145	2.6895701006729946	0.6642435502682426	1.717330844782264	0.0005808869438259452
V987G	missense	213	162	149	271	1084	42	66	183	175	354	630	52	32	150	227	181	1366	0.0006720261273709333	0.00047969817273254325	0.0005789940942602385	0.0009002717364322098	0.00280809455902563	0.0006994144437215354	0.0008655436130632492	0.0005636374218489145	0.0007192363018177063	0.001169039872492327	0.0027103646750569134	0.0006756929039496162	0.00043661766846165044	0.000566965794315323	0.0008168734526876212	0.0007924792845044174	0.0025762412884598714	0.8165873988470358	0.0011917646406126555	2.491093448000781	0.7918348975082428	0.0012905695678039654	2.0663880835795876	0.7828999671142444	0.0011881399549918082	2.1028208382627493	0.09255435926716181	1.0121227082811937	-0.18964805185868633	0.4814189455068833	2.220100789947706	0.7467708268940385	0.0012234913878028098
V987N	missense	39	31	11	43	170	7	14	23	17	58	99	10	5	43	25	67	249	0.00012561236025624922	9.417387440148089e-05	4.631952754081908e-05	0.0001456321926581516	0.0004425660549247767	0.00013012361743656474	0.0001937784208350558	7.351792458898885e-05	7.355825814044724e-05	0.00019429113373816141	0.00042953481379665823	0.00014023814987633546	7.938503062939099e-05	0.00016520857582698158	9.31522358327989e-05	0.0002960911612434087	0.00047114873600217106	0.8213260467292476	0.0001821729123813071	2.536550171138466	0.8177585060008237	0.00019272553256606393	2.268477303047433	0.7615979221012317	0.00025640017722634005	1.9283416701237084	0.17294928420965947	1.1950537687164435	-0.24712755691036625	0.38711125827421305	2.2444563814365357	0.7910825134953283	0.0002104328740579037
V987V	silent	206	241	176	116	346	60	51	299	187	252	188	58	52	257	176	133	468	0.0006500439643260897	0.0007121899251611992	0.0006832130312270815	0.00038724923956826675	0.0008980726377713305	0.0009921925829538061	0.0006717651922281935	0.0009189740573623607	0.0007682751405780044	0.000833146726029743	0.0008118207980756841	0.0007521864402457992	0.000701234437226287	0.0009687230128036646	0.0006341517593232848	0.0005834737589208349	0.0008838750287400729	0.6372021264024922	0.0006701812084319695	0.770293154925669	0.6153747184752901	0.0008330541805114481	0.6907809855889143	0.6125733009889386	0.0007675558899469643	0.7077221517617334	-0.16937847923004598	0.41611926722591736	-0.030462264177139976	0.7425980120813052	0.7229320974254388	0.5793586396536112	0.000756930426296794
V987Q	missense	54	71	61	53	64	8	14	69	67	86	69	10	5	63	116	78	245	0.00017271699535234268	0.00021189121740333198	0.0002393175589608986	0.00017873041826227696	0.00016822686298310227	0.00014638906961613534	0.0001937784208350558	0.00021442728005121748	0.0002778867529750229	0.00028649709551220413	0.0003006743696576608	0.00014023814987633546	7.938503062939099e-05	0.0002403033830210641	0.0004191850612475951	0.00034398826085631305	0.0004636103562261363	0.5949968129857174	0.00019954151440240245	0.3654276121349952	0.6559582217411992	0.0002698713745490263	1.0071523927803745	0.6756721903978407	0.0003667717653377771	1.2245477301433998	0.1217967617622782	1.0786610339520262	-0.24712755691036625	0.38711125827421305	0.8657092450195898	0.7328861461131196	0.00027872821809640195
V987W	missense	71	8	11	20	68	2	14	17	17	42	86	2	10	14	57	37	170	0.0002261022484612486	2.6486402175416498e-05	4.631952754081908e-05	6.950627376866327e-05	0.00017857928532052393	4.8796356538711774e-05	0.0001937784208350558	5.513844344174164e-05	7.355825814044724e-05	0.00014160201272442273	0.0003736952880030926	3.824676814809149e-05	0.00014553922282055013	5.63211053955619e-05	0.00020780114147316678	0.00016546270775366956	0.000322265735425485	0.8117708448142641	8.02228722013557e-05	2.4448893896728157	0.8237041580737642	0.00016099850057742606	2.314827030439427	0.750605965780612	0.00018796267251197082	1.8383095913317036	0.5989180164819407	2.1643053970071806	0.5803853083027777	1.744826924116592	2.1993420038146487	1.9545661605618863	0.00014306134843025087
V987C	missense	44	10	24	32	117	4	17	18	10	98	135	18	26	11	29	65	315	0.00014131390528828035	3.237226932550905e-05	9.649901571003975e-05	0.0001092241444936137	0.0003053964589539395	8.132726089785297e-05	0.00023253410500206697	5.8201690299616175e-05	4.4952268863606643e-05	0.00032601393627250814	0.0005841673467634552	0.00024222953160457942	0.0003572326378322594	4.505688431644952e-05	0.00010748334903784489	0.0002873825976774261	0.0005955320023067442	0.8163086734354101	0.00013587297212077552	2.4884197013577216	0.8543118998760496	0.00025333381054979656	2.5534317236196773	0.8460773159349205	0.00025886370833461613	2.6202890560196805	0.4562505129132091	1.8396789639811575	0.16872404107037348	1.069406667782572	2.5540468269990266	1.4545428158818647	0.00021602349700172943
V987_	nonsense	52	70	67	94	93	11	10	91	86	110	52	19	16	107	143	47	72	0.0001664363773395302	0.00020894828382828572	0.00026247732273130815	0.00031443314323919094	0.0002432819249294094	0.0001951854261548471	0.00014210417527904092	0.00028181871092445725	0.00035553158101216164	0.00036553077703281215	0.00022765345131222885	0.0002549784543206099	0.00022492425344994112	0.00040551195884804567	0.0005159200753816555	0.0002090055255835826	0.00013757543091263394	0.6438211324768817	0.0002572851686820486	0.8337877073906521	0.6095091116601579	0.000307633630070415	0.6450552563442918	0.5155054461460569	0.00031700324768147944	-0.0873338419553659	-0.13784054874347793	0.48788085008662097	-0.05446719642149207	0.7032126756886837	0.46383637392652605	0.5955467628876523	0.000293974015477981
V987E	missense	72	65	40	46	68	7	8	55	59	76	66	9	0	78	48	53	162	0.00022924255746765483	0.00019423361595305433	0.0001582583857644652	0.0001555616603393892	0.00017857928532052393	0.00013012361743656474	0.00011626705250103349	0.00017154182404097398	0.00024519419380149076	0.0002535663948786174	0.000287788325243761	0.00012748922716030494	1.323083843823183e-05	0.000296624488416626	0.00017555613676181332	0.00023513121628153044	0.0003071889758734155	0.6159595589768266	0.00017165823684435816	0.5665182532650339	0.6715915819001729	0.00023952268449121077	1.12902329486142	0.6362454988121629	0.0002536252043333463	0.9016145870512057	-0.048899465406696846	0.6902578869791168	-0.9838861221357849	-0.8217021487444849	0.8657187117258865	-0.06572213088268403	0.00022160204188963843
V987Y	missense	68	129	53	64	111	16	25	114	65	87	63	9	51	110	91	77	192	0.0002166813214420299	0.0003825813647560161	0.00020843787393368587	0.00021513846642681487	0.00028986782544780697	0.0002765126870527001	0.00033588259611409674	0.0003522733886555716	0.00026971361318163983	0.0002897901655755628	0.00027490228082986126	0.00012748922716030494	0.0006880035987880552	0.000416776179927158	0.0003296156037160577	0.00033963397907332176	0.00036372682419367607	0.5940426890316438	0.00027400638264108096	0.35627492776227243	0.602664906538449	0.0002966698620606589	0.5917007987146827	0.6121417980911303	0.00036243814672755337	0.7041878306853683	0.08447243873846592	0.9937330612515435	0.7321172214990144	1.993776280936204	0.5507211857207744	1.4937546710938738	0.00031103813047643106
V987D	missense	60	106	75	100	160	8	18	99	48	104	145	9	12	71	84	64	323	0.00019155884939078005	0.0003148938925299517	0.0002933570077585209	0.00033429207860166617	0.0004166849990812225	0.00014638906961613534	0.0002454526663910707	0.00030632468578745353	0.00020024192493788413	0.00034577235665266015	0.000627120828143121	0.00012748922716030494	0.0001720008996970138	0.0002703413058986971	0.0003045361556072272	0.0002830283158944348	0.0006106087618588137	0.6568478941823487	0.0003398069944928403	0.9587503370152065	0.7186083952852137	0.0003698649488802797	1.495546000277508	0.7100599791023925	0.00036712863481479317	1.506208611229988	0.22445910365942592	1.312259499072105	0.13005723017105197	1.0059653158554915	1.3201683161742341	1.1591124074637982	0.0003589335260626377
V987K	missense	60	12	14	26	32	7	2	33	36	31	44	0	0	40	43	28	94	0.00019155884939078005	3.825813647560161e-05	5.7899409426023855e-05	8.936520913113848e-05	8.540748428372885e-05	0.00013012361743656474	3.875568416701116e-05	0.0001041503931677342	0.000151203086177586	0.00010537824202747737	0.0001932906662084962	1.2748922716030496e-05	1.323083843823183e-05	0.0001539443547478692	0.00015764224525550584	0.00012627417170674784	0.000179036519680825	0.7047778440890015	6.77325598291232e-05	1.4185309573665306	0.6749970714043713	0.00013850559689532345	1.1555710154847412	0.633897028294432	0.00015422432284773697	0.8823789135709157	-0.5260207201263593	-0.3953864760760374	0.01611387786421517	0.8190163499252244	1.1521602954740624	0.21181493692459352	0.00012015415985739454
V987I	missense	67	47	47	32	42	4	15	54	41	38	46	7	10	40	74	53	101	0.00021354101243562366	0.00014126081160222131	0.00018527811016327633	0.0001092241444936137	0.00011128854012728304	8.132726089785297e-05	0.00020669698222405952	0.00016847857718309945	0.00017163593566104355	0.00012842973247098805	0.00020188136248442935	0.00010199138172824396	0.00014553922282055013	0.0001539443547478692	0.0002687083725946122	0.00023513121628153044	0.0001922286842888858	0.5870760687481538	0.00013676290159659858	0.2894457947893926	0.6356279787143395	0.0001676064019498901	0.8486666269555473	0.636952150715327	0.0002125031569782244	0.9074025776480064	0.4050979904658278	1.7232862292167401	0.1544165760304966	1.0459321452225758	0.681838333130982	1.384609187219658	0.00017229082017490438
V987T	missense	56	126	59	38	55	13	2	119	67	44	51	23	8	72	91	30	134	0.00017899761336515513	0.00037375256403087727	0.00023159763770409542	0.00012908307985608892	0.00014493391272390349	0.0002277163305139883	3.875568416701116e-05	0.00036758962294494425	0.0002778867529750229	0.00014818815285114005	0.00022335810317426226	0.0003059741451847319	0.00011907754594408647	0.00027409604625840123	0.0003296156037160577	0.00013498273527273044	0.00025442031744117235	0.5128496780313225	0.00021984179857874125	-0.422590333700018	0.555877501914562	0.00025425565798634233	0.22696646460091305	0.5930726639369606	0.00024827867567209043	0.5479978187724809	-0.7690587688126537	-0.9483966070525524	-0.409854854408066	0.12012157103120794	0.11745798322445866	-0.4141375180106722	0.00024079204407905798
V987S	missense	100	10	18	27	145	12	12	57	26	91	154	10	17	45	40	53	375	0.00031717120964702927	3.237226932550905e-05	7.333925193963022e-05	9.267503169155101e-05	0.00037786341531589125	0.0002114508783344177	0.00016794129805704837	0.00017766831775672305	0.00011033738721067085	0.00030296244582899746	0.0006657789613848203	0.00014023814987633546	0.00023815509188817295	0.0001727180565463898	0.00014689391035172135	0.00023513121628153044	0.0007086076989472653	0.8540258732872593	0.00014406249206814538	2.8502318371845323	0.7898061266107468	0.0003141867780453029	2.0505726647010243	0.7927984177955871	0.00031583772053172675	2.183896314335164	-0.10005198785407812	0.5738651522146996	0.22999369780929615	1.1699329270012655	2.36156693874024	0.8718990396079825	0.000258028996881725
V987F	missense	65	43	39	62	65	7	6	44	55	116	62	11	13	59	69	81	110	0.00020726039442281122	0.0001294890773020362	0.00015439842513606362	0.00020851882130598978	0.0001708149685674577	0.00013012361743656474	9.042992972302605e-05	0.0001378461086043541	0.00022884791421472472	0.00038528919741296415	0.0002706069326918947	0.00015298707259236595	0.00018523173813524564	0.0002252844215822476	0.00025079448108830476	0.00035705110620528696	0.00020919003878496395	0.6585668637359069	0.00016580532307788683	0.9752400034813575	0.6928086614019696	0.0002556475382309844	1.2944224535909015	0.631952456308314	0.0002605800119152008	0.8664514614264344	-0.15804393483176488	0.4419099527425841	0.08306066749482832	0.9288571860987209	1.045371306166231	0.6853835694206525	0.00022734429107469067
V987M	missense	65	69	28	25	38	6	15	57	47	34	31	9	13	46	51	36	53	0.00020726039442281122	0.00020600535025323943	0.00011193885822364612	8.605538657072594e-05	0.00010093611778986136	0.00011385816525699414	0.00020669698222405952	0.00017766831775672305	0.00019615535504119262	0.00011525745221755339	0.00013745114041493063	0.00012748922716030494	0.00018523173813524564	0.00017647279690609393	0.0001863044716655978	0.00016110842597067828	0.00010176812697646895	0.5405607435830044	0.0001262339282093682	-0.15676466655948063	0.5847886960557089	0.0001566330663575999	0.4523456073055188	0.5751900957628276	0.00015641345537970974	0.40152664113172304	0.25896995478758983	1.3907856821354454	0.16224191354245326	1.0587713212367769	0.23236919395925373	1.224778501686111	0.00014642681664889262
V987P	missense	37	1	14	22	127	8	13	4	9	32	99	16	5	15	8	16	159	0.00011933174224343676	5.885867150092556e-06	5.7899409426023855e-05	7.612591888948834e-05	0.0003312775147974937	0.00014638906961613534	0.0001808598594460521	1.5316234289372676e-05	4.086569896691513e-05	0.00010867131209083605	0.00042953481379665823	0.00021673168617251842	7.938503062939099e-05	6.007584575526602e-05	3.2245004711353466e-05	7.402279031085218e-05	0.0003015351910413895	0.8888012729152673	0.00011779717756577461	3.183823982493898	0.9005904437106084	0.0001485970147859455	2.9141991995021725	0.8296886312636403	0.00011696970795471529	2.4860538656146627	0.09183353838483502	1.010482548426797	-0.43618379313041505	0.07692319421910863	2.8613590158702444	0.5437028713229528	0.00012778796676881182
E988D	missense	37	320	186	140	216	67	21	290	202	170	228	55	20	198	174	63	417	0.00011933174224343676	0.0009446816775898552	0.0007218126375110974	0.0004666849810181676	0.000561618911805126	0.0011060507482108003	0.00028420835055808184	0.0008914048356414899	0.0008295736890283771	0.0005631149808343322	0.0009836347235943474	0.0007139396720977077	0.00027784760720286846	0.0007471933315811211	0.0006269862027207619	0.0002786740341114435	0.00078776068659563	0.5598598742144391	0.0006736995519810615	0.028367307733081923	0.6253913634697885	0.0008169320572746367	0.7688664098925563	0.6133937976320556	0.0006101535637522391	0.7144426131852484	-0.5901382197381082	-0.5412797921631307	-0.40985485440806596	0.12012157103120802	0.5038921102702956	-0.21057911056596135	0.000700261724335979
E988R	missense	133	175	97	126	139	34	30	198	135	111	107	30	23	180	136	132	314	0.00042080140685843485	0.0005179563092081448	0.00037827614158335586	0.0004203474651723921	0.0003623347818097587	0.0005692908262849707	0.00040047540305911534	0.0006095861247170326	0.0005557735059500458	0.0003688238470961708	0.0004638975989003909	0.00039521660419694534	0.00031754012251756396	0.0006796080051064469	0.000490840627272825	0.0005791194771378435	0.0005936474073627355	0.5933729272272271	0.00041972867444341286	0.3498500619211424	0.5859615918748294	0.0004995202691659101	0.46148899491187756	0.6159524464275509	0.0005858038792199628	0.7353997988979472	-0.1527583383700811	0.45393682839997407	-0.09503657425845148	0.6366497469920634	0.515579618576989	0.5452932876960188	0.0005016842742764286
E988E	silent	73	143	60	53	25	22	5	119	44	58	27	23	10	69	74	30	60	0.00023238286647406104	0.00042378243480666397	0.000235457598332497	0.00017873041826227696	6.729074519324091e-05	0.0003741054001301236	7.751136833402232e-05	0.00036758962294494425	0.00018389564535111809	0.00019429113373816141	0.0001202697478630643	0.0003059741451847319	0.00014553922282055013	0.0002628318251792889	0.0002687083725946122	0.00013498273527273044	0.00011496029158452974	0.46949208510939655	0.0002263152991486697	-0.8385094199792275	0.5194103416218987	0.000216511537474322	-0.057315716325489624	0.5326531299858279	0.0001953708061577903	0.05311810104103996	-0.6836285734880273	-0.7540082643169604	-0.3227046786891659	0.26311047649552305	-0.28090234508789236	-0.2454488939107187	0.000212732547593594
E988L	missense	153	205	185	193	102	66	26	220	171	158	57	112	6	174	213	115	157	0.0004836075869865595	0.0006062443164595332	0.0007179526768826958	0.000642105576720032	0.0002665748751886082	0.0010897852960312297	0.00034880115750310044	0.0006769775555902724	0.0007028900222309402	0.0005235981400740282	0.0002491301920020618	0.001440628266911446	9.261586906762282e-05	0.0006570795629482221	0.0007667145564699602	0.0005050966868269913	0.0002977660011533721	0.5637082670891712	0.0005582193613127173	0.06528402612619601	0.5400540769057224	0.0005381489774743257	0.10361389930277803	0.5497998978459239	0.0005566642018496364	0.1935625415008749	-0.49476302639591735	-0.32426254549261074	-1.1918665256049477	-1.1629394440771301	0.12082015564328297	-0.7436009947848704	0.0005510108468788932
E988I	missense	55	41	12	21	16	14	5	30	30	37	40	6	5	40	32	24	92	0.0001758573043587489	0.00012360321015194366	5.017948816922067e-05	7.28160963290758e-05	4.399779493404213e-05	0.00024398178269355888	7.751136833402232e-05	9.49606525941106e-05	0.0001266836667974369	0.00012513666240762937	0.00017610927365662986	8.924245901221346e-05	7.938503062939099e-05	0.0001539443547478692	0.00011823168394162938	0.00010885704457478262	0.00017526732979280762	0.5320104204409672	7.264914739607057e-05	-0.23878588473530998	0.6828273491124074	0.00013072256386395168	1.2166124677457704	0.6372672670392134	0.00013907510326427222	0.909983608437546	-0.4979919965261158	-0.33160976212915133	-0.050832911766397974	0.709175513751728	0.6292700638160021	0.18878287581128836	0.00011414893817476482
E988G	missense	128	171	131	110	131	29	8	194	154	92	70	27	13	159	160	80	200	0.0004050998618264037	0.0005061845749079598	0.0005095148029490099	0.0003673903042057915	0.0003416299371349154	0.00048796356538711777	0.00011626705250103349	0.0005973331372855344	0.0006334183339871845	0.00030625551589235614	0.00030496971779562734	0.00035696983604885385	0.00018523173813524564	0.0006007584575526602	0.0005768273065031009	0.0003526968244222957	0.0003788035837457455	0.5789208862569996	0.0004311799047994192	0.21121506698425693	0.5432771236111913	0.0004604941762401756	0.12873937491714052	0.5667263664907779	0.00047727154305595055	0.33220257192432073	-0.6229307331344157	-0.6158960599712577	-0.284916117799766	0.32511086738486816	0.22405233794190607	-0.1453925962931948	0.0004563152080318484
E988Q	missense	31	38	41	68	292	5	45	43	33	53	131	5	66	36	46	37	300	0.00010048988820499937	0.00011477440942680483	0.0001621183463928668	0.000228377756668465	0.0007583149362161379	9.759271307742355e-05	0.0005942538238941712	0.00013478286174647955	0.00013894337648751146	0.00017782578342136806	0.0005669859542115889	7.649353629618297e-05	0.0008864661753615326	0.00013892539330905267	0.00016839058015929032	0.00016546270775366956	0.000567263078146614	0.8225411509260484	0.0003158963621760686	2.5482063769656085	0.7888981211270566	0.000254634493966737	2.043494247376369	0.7790905894592844	0.00026001043984215665	2.0716192778511155	0.7845545934438524	2.5867038991949904	1.064037430181398	2.538363907403701	2.2211066340643644	2.5625339032993457	0.0002768470986616541
E988T	missense	66	63	45	116	334	31	42	93	43	168	176	64	91	41	73	59	261	0.00021040070342921743	0.00018834774880296178	0.00017755818890647314	0.00038724923956826675	0.0008670153707590654	0.000520494469746259	0.0005554981397271599	0.0002879452046402063	0.00017980907545442657	0.0005565288407076149	0.000760276620420085	0.0008286799765419822	0.0012172371363173284	0.00015769909510757332	0.0002651255942933507	0.00026125690697947825	0.0004937638753302753	0.7982606113019484	0.0004050426370091918	2.3152889298876165	0.7506412135693075	0.0004461399353055832	1.745259972244045	0.7315850399602475	0.00029446136792766944	1.6825144405682773	0.02826648940560234	0.8658417307778261	0.16698834856691488	1.066558884984145	1.9143544475666463	0.9662003078809855	0.00038188131341414813
E988V	missense	111	189	106	101	73	39	17	197	129	114	35	44	9	160	170	79	125	0.0003517146087174978	0.0005591573792587928	0.00041301578723897017	0.0003376019011620787	0.00019151981324230102	0.0006506180871828237	0.00023253410500206697	0.000606522877859158	0.0005312540865698966	0.0003787030572862468	0.00015463253296679695	0.0005737015222213723	0.0001323083843823183	0.0006045131979123643	0.0006126550895157158	0.00034834254263930433	0.0002374589629450942	0.5268908111327953	0.0003753237202255357	-0.2878970803082677	0.5121842848245755	0.00041777813867052466	-0.11364692416714858	0.5303315218403681	0.0004507424482531197	0.034102449833975076	-0.4468394740787345	-0.21521702736473375	-0.6370986359111285	-0.2527215049885242	-0.12248051821381373	-0.23396926617662897	0.0004146147690497267
E988S	missense	131	62	21	105	464	22	56	83	50	179	224	38	15	98	148	139	524	0.00041452078884562243	0.0001854048152279155	8.491913382483498e-05	0.00035084119140372887	0.00120346909672527	0.0003741054001301236	0.000736357999173212	0.00025731273606146096	0.00020841506473126716	0.0005927526114045602	0.000966453331042481	0.0004972079859251893	0.0002116934150117093	0.0003717192956107085	0.000533833966887963	0.0006095994496187826	0.0009894123456045591	0.8524507154923732	0.00045615855929543735	2.835121722746807	0.7800519455267272	0.0005062334358099423	1.9745332953215	0.7212664468809368	0.0006261412644305033	1.597997694136486	0.2940950318008204	1.4707094782021235	-0.3708307465063593	0.18414914675962096	2.135884237401598	0.8274293124808723	0.000529511086511961
E988W	missense	68	389	242	266	92	64	35	293	186	147	53	136	47	180	179	84	156	0.0002166813214420299	0.0011477440942680482	0.0009379704327015865	0.0008837226236301472	0.000240693819345054	0.0010572543916720885	0.00046506821000413394	0.0009005945762151135	0.0007641885706813129	0.00048737436937708285	0.00023194879945019544	0.0017466024120961778	0.0006350802450351279	0.0006796080051064469	0.0006449000942270693	0.0003701139515542609	0.0002958814062093634	0.5169281386092436	0.000802532742486209	-0.3834666304988453	0.5053140868475676	0.0005960265789309261	-0.167204010834324	0.5354519302466056	0.0004976258642742851	0.07604230108800834	-0.3566628437296464	-0.010028619911961932	-0.43936545191660437	0.07170298779215283	-0.15820944674838697	0.030837183940095447	0.0006320617285638068
E988A	missense	66	146	127	184	142	28	30	112	65	109	89	29	18	93	118	69	164	0.00021040070342921743	0.00043261123553180284	0.0004940749604354036	0.0006123171736763192	0.000370099098562825	0.0004716981132075472	0.00040047540305911534	0.00034614689493982253	0.00026971361318163983	0.0003622377069694535	0.0003865813324169924	0.0003824676814809149	0.0002513859303264048	0.00035294559381218786	0.00042635061785011805	0.0003047997248093913	0.0003109581657614329	0.6204629073857989	0.00047727561705158766	0.6097178044677365	0.6445858623559099	0.0003411698868769771	0.9184984064983844	0.6028222600115665	0.00034876352555828253	0.6278540678673331	-0.07108829191876152	0.6397693074255072	-0.18225377590261832	0.4935508708522727	0.7186900929444847	0.56666008913889	0.00038906967649561574
E988C	missense	60	78	59	67	42	14	6	74	47	52	31	34	3	47	75	54	101	0.00019155884939078005	0.00023249175242865593	0.00023159763770409542	0.00022506793410805246	0.00011128854012728304	0.00024398178269355888	9.042992972302605e-05	0.00022974351434059016	0.00019615535504119262	0.0001745327133580094	0.00013745114041493063	0.00044621229506106735	5.292335375292732e-05	0.00018022753726579807	0.00027229115089587373	0.00023948549806452176	0.0001922286842888858	0.5671979428939319	0.00020011146609202172	0.09875965690533775	0.57443306129598	0.0001844706807886807	0.37161756567170745	0.6254520568541024	0.00022105821762876982	0.8132084845831561	-0.4310452068955026	-0.17927866375916016	-0.9258941751580981	-0.7265536885643213	0.4278619023867338	-0.45291617616174074	0.00020188012150315743
E988N	missense	49	44	17	28	73	2	9	44	59	33	22	0	16	45	50	28	47	0.00015701545032031152	0.0001324320108770825	6.947929131122863e-05	9.598485425196355e-05	0.00019151981324230102	4.8796356538711774e-05	0.0001291856138900372	0.0001378461086043541	0.00024519419380149076	0.00011196438215419471	9.879300717323138e-05	1.2748922716030496e-05	0.00022492425344994112	0.0001727180565463898	0.0001827216933643363	0.00012627417170674784	9.046055731241685e-05	0.6770439111765576	0.00012235399242064394	1.1524859290679406	0.5722907356692082	0.00014844942293331775	0.35491692332540026	0.5587570901609845	0.0001430436197324727	0.26692843022369495	0.4228267574262594	1.7636263644006565	1.246562799242489	2.837836656898749	0.5914437608723452	2.300731510649703	0.0001379490116954781
E988F	missense	62	134	105	80	122	16	13	109	64	79	55	17	44	64	56	57	148	0.0001978394674035925	0.0003972960326312475	0.0004091558266105686	0.0002680956273934154	0.00031833698687571657	0.0002765126870527001	0.0001808598594460521	0.0003369571543661989	0.0002656270432849483	0.00026344560506869345	0.0002405394957261286	0.0002294806088885489	0.0005953877297204324	0.0002440581233807682	0.0002042183631719053	0.0002525483434134957	0.00028080464665729396	0.5910832122412936	0.00034822111837773704	0.3278853701426073	0.5920790597405708	0.0002766423246114923	0.5091781237791461	0.6451921338253568	0.0002454073691558658	0.9748940038298357	-0.18437287355411405	0.3820009387835692	0.41405388653625275	1.471923883514221	0.6039858325838631	0.9269624111488951	0.0002900902707150317
E988P	missense	34	57	40	16	65	10	7	75	35	65	62	9	2	52	40	33	120	0.00010991081522421806	0.0001706901473526841	0.0001582583857644652	5.6266983527013114e-05	0.0001708149685674577	0.0001789199739752765	0.00010334849111202976	0.0002328067611984647	0.00014711651628089448	0.0002173426241816721	0.0002706069326918947	0.00012748922716030494	3.9692515314695496e-05	0.0001990012390643187	0.00014689391035172135	0.00014804558062170436	0.0002280359882250508	0.6021557177853168	0.00013900762130290503	0.4341012847803121	0.6514478007480752	0.00021696820858823149	0.9719911050208913	0.6402802568835839	0.0001804941795656988	0.9346621762152408	-0.23835468602035959	0.259170421736254	-0.5067648674161224	-0.03888048001743229	0.7802515220054814	0.11014497085941086	0.00017882333648561177
E988K	missense	57	10	5	26	27	4	9	36	13	34	37	6	12	24	13	25	84	0.00018213792237156137	3.237226932550905e-05	2.315976377040954e-05	8.936520913113848e-05	7.246695636195174e-05	8.132726089785297e-05	0.0001291856138900372	0.00011334013374135781	5.721197855368118e-05	0.00011525745221755339	0.00016322322924273012	8.924245901221346e-05	0.0001720008996970138	9.386850899260315e-05	5.0158896217660946e-05	0.00011321132635777392	0.00016019057024073817	0.7322448382027889	5.4341049647252205e-05	1.6820153051995423	0.6828172582983888	0.00011225819843883062	1.2165338041318912	0.703461973305766	0.00010435732545219405	1.452166167789993	0.200978007809903	1.2588304826633299	0.28495919015679516	1.2601158270842954	1.4502384257071423	1.2594731548738127	9.031885784609228e-05
E988H	missense	52	45	69	78	28	10	21	40	47	45	32	24	0	57	96	39	129	0.0001664363773395302	0.00013537494445212876	0.0002701972439881113	0.00026147598227259036	7.505506194630717e-05	0.0001789199739752765	0.00028420835055808184	0.00012559312117285594	0.00019615535504119262	0.00015148122291449873	0.00014174648855289722	0.0003187230679007624	1.323083843823183e-05	0.00021777494086283933	0.00034752949522236514	0.00017417127131965217	0.00024499734272112893	0.5930501140398431	0.0001855258081647844	0.3467533917213595	0.6257695358961182	0.00015374404692036113	0.7718144782713505	0.613357855718332	0.0002461182625314964	0.7141482228953028	0.20097800780990308	1.2588304826633299	-1.3818261308078226	-1.4746096823334818	0.6109053642960043	-0.10788959983507596	0.00019512937253888065
E988_	nonsense	47	28	19	60	32	4	6	43	39	72	15	3	6	65	72	61	52	0.00015073483230749907	8.534507367634205e-05	7.719921256803181e-05	0.00020189917618516472	8.540748428372885e-05	8.132726089785297e-05	9.042992972302605e-05	0.00013478286174647955	0.00016346279586766053	0.00024039411462518277	6.872557020746531e-05	5.099569086412198e-05	9.261586906762282e-05	0.00024781286374047235	0.00026154281599208924	0.0002699654705454609	9.988353203246026e-05	0.6597023820755944	0.00011246273667831685	0.9861327610923843	0.6000478527118663	0.00015184133561169704	0.5712993810158011	0.5631023910970085	0.0002198011705776207	0.30251959023523994	0.0460760478241599	0.9063656992959943	0.2591519265505096	1.2177733722854174	0.6199839107811419	1.0620695357907057	0.00016136841428921153
E988Y	missense	65	12	6	29	41	2	18	35	21	40	45	5	5	45	42	38	110	0.00020726039442281122	3.825813647560161e-05	2.7019724398811132e-05	9.929467681237608e-05	0.00010870043454292761	4.8796356538711774e-05	0.0002454526663910707	0.00011027688688348328	8.990453772721329e-05	0.00013501587259770538	0.00019758601434646277	7.649353629618297e-05	7.938503062939099e-05	0.0001727180565463898	0.00015405946695424435	0.00016981698953666088	0.00020919003878496395	0.7547246139553933	6.831824305742912e-05	1.8976584523553561	0.6970364899295023	0.00013319582788871617	1.3273807729320335	0.6471692067669509	0.00017644613795556475	0.9910876623254788	0.7015803583790884	2.3979038621272593	0.01611387786421517	0.8190163499252244	1.4053756292042896	1.6084601060262418	0.00012598673630057002
E988M	missense	49	13	3	15	22	2	8	7	5	35	32	0	7	12	23	21	78	0.00015701545032031152	4.120107005064789e-05	1.543984251360636e-05	5.295716096660058e-05	5.952642844017465e-05	4.8796356538711774e-05	0.00011626705250103349	2.4505974862996284e-05	2.4519419380149078e-05	0.00011855052228091205	0.00014174648855289722	1.2748922716030496e-05	0.00010584670750585465	4.881162467615364e-05	8.59866792302759e-05	9.57941992258087e-05	0.00014888300057668604	0.6933619113017537	4.228112549275737e-05	1.3090206267896727	0.805132701614182	7.733060126923866e-05	2.1700520026352494	0.7271217590684494	9.486887592723107e-05	1.6459569393191678	0.37706926686558434	1.659509515269854	0.9192038648561588	2.3007327975462935	1.7083431895813632	1.9801211564080736	7.149353422974237e-05
A989V	missense	207	263	161	162	192	41	31	209	164	141	106	62	49	196	174	109	288	0.0006531842733324959	0.0007769344638122173	0.0006253136218010576	0.0005395010773472434	0.000499504377780596	0.0006831489915419649	0.00041339396444811904	0.0006432818401536525	0.0006742840329540997	0.00046761594899693084	0.0004596022507624243	0.0008031821311099213	0.0006615419219115915	0.0007396838508617129	0.0006269862027207619	0.0004789709961290435	0.0005446479388185097	0.5779901960597893	0.0006103133851852786	0.20228717707280025	0.5828073643424485	0.0005611960182167767	0.43690000375251503	0.5866613855981814	0.0005975722471325069	0.49548480837490116	-0.2181512999320727	0.3051413190802907	-0.08425666725334775	0.6543365398292763	0.37822399640007215	0.47973892945478347	0.0005896938835115207
A989Y	missense	73	228	218	239	290	58	48	250	181	129	82	69	94	147	170	61	181	0.00023238286647406104	0.0006739317886855975	0.0008453313776199483	0.0007943574144990087	0.000753138725047427	0.0009596616785946649	0.0006330095080611823	0.0007688749613265084	0.0007437557211978554	0.00042809910823662684	0.00035651389545122633	0.0008924245901221347	0.001256929651632024	0.0005557015732362107	0.0006126550895157158	0.0002699654705454609	0.00034299627980958054	0.6326076579277183	0.0007666898264629953	0.72621951058366	0.5405107150850802	0.0005743109215530543	0.10717365269405645	0.5561741873299179	0.000445329603276742	0.24577258640338615	-0.18070791946770864	0.39034019574477874	0.14873944313880608	1.0366175682677727	0.3597219165603675	0.7134788820062757	0.0005954434504309306
A989I	missense	84	115	57	73	104	19	20	75	52	80	56	38	13	53	56	49	123	0.0002669262655445296	0.0003413802947053682	0.00022387771644729224	0.00024492686947052766	0.000271751086357319	0.00032530904359141186	0.00027128978916907815	0.0002328067611984647	0.00021658820452465018	0.00026673867513205213	0.00024483484386409517	0.0004972079859251893	0.00018523173813524564	0.00020275597942402283	0.0002042183631719053	0.00021771408914956524	0.00023368977305707685	0.6032983376843067	0.0002704839917451268	0.44506216596225595	0.6362171626821724	0.00024024212117981553	0.8532596498835243	0.6404793519747614	0.00021459455120064256	0.9362929091269395	-0.07886268878414004	0.6220794014538878	-0.42882269348404595	0.08900068657945749	0.7448715749909066	0.35554004401667266	0.0002417735547085283
A989_	nonsense	54	83	80	107	53	17	6	121	97	54	21	21	19	98	126	46	44	0.00017271699535234268	0.0002472064203038873	0.0003126568109005288	0.00035746083652455393	0.00013975770155519264	0.00029277813923227067	9.042992972302605e-05	0.0003737161166606933	0.00040048384987576827	0.00018111885348472674	9.449765903526481e-05	0.0002804762997526709	0.0002646167687646366	0.0003717192956107085	0.00045501284426021	0.00020465124380059132	8.480677248039078e-05	0.5921806218441826	0.0002642704423210407	0.33841255969691564	0.4991422441023514	0.0002624541197641133	-0.21531702270209618	0.5005701298153892	0.00027904753903797516	-0.20966489363028618	-0.5102264529431274	-0.35944811247046393	-0.025278807294009945	0.7511026056765134	-0.02885645221182224	0.19582724660302475	0.00026859070037437636
A989R	missense	250	174	108	113	108	23	18	187	133	160	99	26	21	171	168	129	275	0.0007882175606079638	0.0005150133756330986	0.0004207357084957733	0.00037731977188702916	0.0002821035086947407	0.0003903708523096942	0.0002454526663910707	0.0005758904092804126	0.0005476003661566627	0.0005301842802007456	0.00042953481379665823	0.0003442209133328234	0.00029107844564110026	0.0006458153418691097	0.0006054895329131928	0.0005660566317888696	0.0005201482045463969	0.5668444086480867	0.00039879309117766046	0.09536828689166774	0.5976094044157022	0.0005208024673586198	0.5522902946447608	0.6027308779129433	0.0005843774277793923	0.6271055823326896	-0.2015096286128552	0.34300787078136824	-0.07282720547256595	0.6730890692028435	0.4249213879563727	0.5080484699921058	0.0005013243287718908
A989G	missense	252	110	77	133	192	24	36	138	73	163	101	20	40	116	140	136	267	0.0007944981786207763	0.0003266656268301368	0.00030107692901532404	0.00044351622309527985	0.000499504377780596	0.0004066363044892648	0.00047798677139313764	0.00042579131324456046	0.000302406172355172	0.0005400634903908215	0.0004381255100725914	0.0002677273770366404	0.0005424643759675051	0.0004393046220853828	0.000505171740477871	0.0005965366042698087	0.0005050714449943274	0.6775982819325027	0.00039269078918033416	1.157803876000276	0.6451199955844571	0.0004265966215157863	0.9226622777156126	0.6426352287111263	0.0005115211029568475	0.9539511001288592	0.07020972754087923	0.9612796086745008	0.30667843985003135	1.2957510018332146	1.011472417948249	1.1285153052538577	0.00044360283788432266
A989L	missense	164	101	85	125	157	33	22	151	116	123	122	84	11	146	102	105	239	0.000518150986057028	0.0003001792246547203	0.00033195661404253677	0.00041703764261197956	0.0004089206823281563	0.0005530253741054002	0.0002971269119470856	0.0004656135223969294	0.00047812867791290704	0.00040834068785647483	0.0005283278209698896	0.001083658430862592	0.00015877006125878198	0.0005519468328765066	0.0003690261650299341	0.00046155386899707825	0.0004523027865620842	0.6602605315081039	0.00036452354090934824	0.9914869559711141	0.6328676233526676	0.0004701026772840502	0.8271480925796785	0.6109384470251592	0.00045870741336640077	0.6943315144095547	-0.2698030688787404	0.18761259604797728	-0.8341238018024527	-0.5759843393698881	0.8376555209867824	-0.1941858716609554	0.0004311112105199331
A989A	silent	127	257	126	137	147	31	33	128	104	134	117	31	39	117	118	100	249	0.0004019595528199975	0.0007592768623619396	0.0004902149998070019	0.00045675551333693	0.00038303962648460205	0.000520494469746259	0.0004392310872261265	0.0003951588446658151	0.00042908983915260885	0.00044456445855342016	0.0005068510802800567	0.00040796552691297586	0.0005292335375292732	0.0004430593624450869	0.00042635061785011805	0.00043978246008212176	0.00047114873600217106	0.5554684329513563	0.0005223217504976183	-0.01375874481045192	0.6496774785578547	0.0004439160556629752	0.958190440282005	0.6318596376497578	0.00044508529409487444	0.8656912094260858	-0.07372304913172899	0.6337741661737143	0.11302389087227156	0.9780184009738648	0.6033743016325462	0.8058962835737895	0.0004704410334184893
A989F	missense	90	76	33	20	68	11	4	50	36	43	42	8	1	54	29	33	83	0.00028576811958296695	0.00022660588527856338	0.00013123866136565408	6.950627376866327e-05	0.00017857928532052393	0.0001951854261548471	6.45928069450186e-05	0.0001562255897516013	0.000151203086177586	0.0001448950827877814	0.00018469996993256303	0.00011474030444427445	2.646167687646366e-05	0.00020651071978372695	0.00010748334903784489	0.00014804558062170436	0.00015830597529672947	0.5825420940625654	0.00015148252643335116	0.2459524529925203	0.6405243701284098	0.00015925593216238295	0.8868367728810927	0.6040334618059202	0.0001550864061850014	0.637774687291349	-0.4802632295656842	-0.2912696269452348	-0.6370986359111285	-0.2527215049885242	0.5901879710549873	-0.27199556596687946	0.00015527495492691183
A989T	missense	92	75	63	81	21	25	9	118	59	91	37	26	2	54	71	55	89	0.0002920487375957794	0.0002236629517035171	0.0002470374802177018	0.000271405449953828	5.6938322855819224e-05	0.0004229017566688354	0.0001291856138900372	0.00036452637608706974	0.00024519419380149076	0.00030296244582899746	0.00016322322924273012	0.0003442209133328234	3.9692515314695496e-05	0.00020651071978372695	0.00025796003769082773	0.00024383977984751304	0.00016961354496078157	0.550566396391169	0.0001997610511827165	-0.06078281671157735	0.5615487012618755	0.00026897656124007203	0.2711766774604824	0.6072291322178444	0.0002194810205707123	0.6639495411506131	-0.5150253358248962	-0.3703675173345697	-0.9381286315751097	-0.7466269875288806	0.2914478006331727	-0.5584972524317251	0.0002294062109978336
A989S	missense	207	232	178	139	218	30	20	240	136	181	121	26	21	212	207	179	288	0.0006531842733324959	0.0006857035229857827	0.0006909329524838846	0.0004633751584577551	0.0005667951229738369	0.0005042290175666884	0.00027128978916907815	0.000738242492747763	0.0005598600758467373	0.0005993387515312776	0.000524032472831923	0.0003442209133328234	0.00029107844564110026	0.000799759696616979	0.0007452178866623912	0.0007837707209384349	0.0005446479388185097	0.5946546579619137	0.0006017016892253148	0.36214540029444153	0.5938644480782165	0.0006053684482394252	0.5230962376754063	0.5933831267232669	0.0007183490607590786	0.5505407337207764	-0.26919438695443154	0.18899759429209814	-0.07282720547256595	0.6730890692028435	0.4785941238968747	0.43104333174747084	0.0006418063994079395
A989M	missense	73	49	30	57	17	5	9	34	33	43	18	5	2	38	40	31	50	0.00023238286647406104	0.0001471466787523139	0.0001196587794804493	0.0001919697085039271	4.658590051839755e-05	9.759271307742355e-05	0.0001291856138900372	0.00010721364002560874	0.00013894337648751146	0.0001448950827877814	8.161161462136506e-05	7.649353629618297e-05	3.9692515314695496e-05	0.00014643487402846094	0.00014689391035172135	0.00013933701705572175	9.61143421444429e-05	0.5682654639077853	0.00012634026681377196	0.10900013232714659	0.6062619501387952	0.00011816592848056667	0.6197417920738375	0.5875273162030226	0.00013219503589508673	0.5025774068323043	0.1217967617622782	1.0786610339520262	-0.284916117799766	0.32511086738486816	0.4104397770777628	0.7018859506684472	0.0001255670770631418
A989W	missense	104	134	111	99	120	23	29	78	94	69	68	59	20	76	74	84	183	0.00032973244567265417	0.0003972960326312475	0.0004323155903809781	0.00033098225604125364	0.0003131607757070057	0.0003903708523096942	0.0003875568416701116	0.0002419965017720883	0.00038822414018569373	0.00023051490443510677	0.00029637902151969416	0.0007649353629618298	0.00027784760720286846	0.00028911500769721775	0.0002687083725946122	0.0003701139515542609	0.0003467654696975979	0.5949967779601399	0.0003684386636901212	0.3654272761429536	0.6255874875793459	0.00028927864197814574	0.7703953084728068	0.6519040129029035	0.0003186757003859222	1.029869151867726	-0.003141974846021727	0.7943747361099196	-0.4398180777855092	0.07096035615606423	0.7218972454944955	0.4326675461329919	0.00032546433535139636
A989H	missense	66	31	24	38	38	3	22	62	26	39	27	3	1	59	38	43	65	0.00021040070342921743	9.417387440148089e-05	9.649901571003975e-05	0.00012908307985608892	0.00010093611778986136	6.506180871828237e-05	0.0002971269119470856	0.00019298455204609573	0.00011033738721067085	0.00013172280253434673	0.0001202697478630643	5.099569086412198e-05	2.646167687646366e-05	0.0002252844215822476	0.00013972835374919835	0.0001915883984516174	0.00012438326630457317	0.6407094689470577	0.00010517302193936773	0.8039382585417922	0.5807100073716898	0.00013882862241354442	0.4205499175641905	0.5789557355564683	0.00017024611002190913	0.4323699567995068	0.6596158568355523	2.302417601352883	-0.284916117799766	0.32511086738486816	0.5522860443018298	1.3137642343688758	0.00013808258479160708
A989P	missense	58	63	64	55	50	16	5	44	70	65	17	15	9	58	67	37	60	0.0001852782313779676	0.00018834774880296178	0.00025089744084610336	0.00018535006338310202	0.0001319933848021264	0.0002765126870527001	7.751136833402232e-05	0.0001378461086043541	0.00029014646266509745	0.0002173426241816721	7.731626648339847e-05	0.00020398276345648793	0.0001323083843823183	0.00022152968122254345	0.00024362892448578176	0.00016546270775366956	0.00011496029158452974	0.5862387667264817	0.0001891471594585734	0.2814137554549977	0.5809965318264757	0.00018066286548363054	0.42278353806662605	0.5582946281545321	0.00018639540126163113	0.2631405316377876	-0.5523496588487085	-0.4552954900350524	-0.18800610479170962	0.4841129184335084	0.3224459417198038	0.014408714199228012	0.0001854018087346117
A989Q	missense	44	38	30	74	52	6	28	56	28	62	35	7	19	39	43	58	75	0.00014131390528828035	0.00011477440942680483	0.0001196587794804493	0.00024823669203094024	0.00013716959597083722	0.00011385816525699414	0.0003746382802811079	0.00017460507089884852	0.00011851052700405388	0.0002074634139915961	0.00015463253296679695	0.00010199138172824396	0.0002646167687646366	0.00015018961438816505	0.00015764224525550584	0.00025690262519648696	0.00014322921574466	0.6644786633223988	0.0001549598692272579	1.0319504921541751	0.6305392936485753	0.00016380288621532386	0.8089974430395706	0.6388388422926417	0.00017699092514620446	0.9228559473476625	0.5172479700306212	1.9784729179816476	0.41405388653625275	1.471923883514221	0.921267960847136	1.7251984007479342	0.00016525122686292875
A989C	missense	79	97	63	111	305	28	57	125	76	173	186	41	143	82	76	65	211	0.00025122472051249844	0.0002884074903545352	0.0002470374802177018	0.00037070012676620405	0.0007919603088127583	0.0004716981132075472	0.0007492765605622158	0.00038596910409219147	0.0003146658820452465	0.0005729941910244083	0.0008032301017997509	0.0005354547540732808	0.0019052407351053836	0.0003116434498554425	0.0002758739291971352	0.0002873825976774261	0.00039953412812984105	0.7453047449235942	0.00042452635153779984	1.807295887080327	0.7158891202571555	0.0005192148197403993	1.4743477103829525	0.6519904797602059	0.0003186085262149612	1.0305773780180558	0.20097800780990308	1.2588304826633299	0.5512270795615644	1.6969864788324405	1.437406991827112	1.4779084807478853	0.0004207832324977201
A989D	missense	66	67	61	116	60	14	12	103	48	102	50	11	8	85	86	83	128	0.00021040070342921743	0.00020011948310314688	0.0002393175589608986	0.00038724923956826675	0.00015787444064568057	0.00024398178269355888	0.00016794129805704837	0.0003185776732189517	0.00020024192493788413	0.0003391862165259428	0.0002190627550362957	0.00015298707259236595	0.00011907754594408647	0.00032290767093455487	0.00031170171220975016	0.0003657596697712696	0.00024311274777712025	0.6276911180736936	0.0002461401805694982	0.679056312031021	0.6064774486686655	0.00026926714242976856	0.6214217252401792	0.6063701724657785	0.0003108704501731738	0.6569140390232908	-0.16219989460292264	0.43245345870881396	-0.10882485874408482	0.6140270535715643	0.6524640254314971	0.5232402561401891	0.0002754259243908135
A989E	missense	95	96	107	137	39	21	12	103	77	73	32	49	4	56	78	46	72	0.00030146966461499814	0.0002854645567794889	0.00041687574786737175	0.00045675551333693	0.00010352422337421678	0.000357839947950553	0.00016794129805704837	0.0003185776732189517	0.00031875245194193803	0.00024368718468854142	0.00014174648855289722	0.0006374461358015248	6.615419219115915e-05	0.00021402020050313521	0.0002830394857996582	0.00020465124380059132	0.00013757543091263394	0.5749115709621861	0.00031565501033950185	0.1727546580536502	0.550989898376645	0.0002556909496005821	0.18886482515019404	0.5791690171162126	0.00020982159025400467	0.4341168871576416	-0.3285313163694476	0.053982014283482295	-0.9838861221357849	-0.8217021487444849	0.26524545678716194	-0.3838600672305013	0.00026038918339802954
A989N	missense	62	21	11	23	25	4	9	35	27	33	19	3	2	22	29	26	76	0.0001978394674035925	6.47445386510181e-05	4.631952754081908e-05	7.943574144990087e-05	6.729074519324091e-05	8.132726089785297e-05	0.0001291856138900372	0.00011027688688348328	0.00011442395710736236	0.00011196438215419471	8.590696275933165e-05	5.099569086412198e-05	3.9692515314695496e-05	8.63590282731949e-05	0.00010748334903784489	0.00011756560814076522	0.0001451138106886687	0.644761601563537	6.444763820874474e-05	0.8428094038648981	0.6026460243628563	0.000105643047226093	0.5915536014551475	0.6760234691762675	0.00011413044903511842	1.2274249576118135	0.200978007809903	1.2588304826633299	-0.10882485874408475	0.6140270535715644	0.8872626543106197	0.9364287681174471	9.474037815665205e-05
A989K	missense	64	18	16	44	27	3	13	21	18	16	24	16	13	23	34	24	59	0.00020412008541640498	5.591573792587927e-05	6.561933068282704e-05	0.00014894201521856415	7.246695636195174e-05	6.506180871828237e-05	0.0001808598594460521	6.739143087323978e-05	7.764482803713875e-05	5.5982191077097355e-05	0.00010738370344916456	0.00021673168617251842	0.00018523173813524564	9.011376863289904e-05	0.00012539724054415238	0.00010885704457478262	0.00011307569664052105	0.6734686728228984	8.573601004730555e-05	1.118189517088567	0.6648482061782729	7.710053835916011e-05	1.0764548595447399	0.6399578054339976	0.00010936093759808878	0.9320210654366897	0.4440160564961975	1.8118406136398448	-0.0682070078358207	0.6806695129329615	1.0422218140233321	1.2462550632864031	9.073249533485148e-05
E990I	missense	53	21	11	72	427	25	29	44	26	122	254	35	88	46	47	69	386	0.00016957668634593644	6.47445386510181e-05	4.631952754081908e-05	0.00024161704691011516	0.0011077091901041194	0.0004229017566688354	0.0003875568416701116	0.0001378461086043541	0.00011033738721067085	0.00040504761779311616	0.0010953137751814784	0.0004589612177770978	0.001177544621002633	0.00017647279690609393	0.0001719733584605518	0.0003047997248093913	0.0007293382433313608	0.9095293708838339	0.00036509757580151795	3.3826637009006912	0.8514106322504938	0.00043713622219740487	2.530814698289902	0.7869632645824185	0.0003456460308768495	2.136102185744431	-0.03790408110523366	0.7152768457205848	0.40920138374184073	1.463962292414583	2.6831935283116746	1.0896195690675838	0.00038262660962525745
E990G	missense	28	12	12	19	18	1	1	5	11	26	13	1	2	6	20	13	45	9.106896118578068e-05	3.825813647560161e-05	5.017948816922067e-05	6.619645120825072e-05	4.917400610275297e-05	3.2530904359141185e-05	2.583712277800744e-05	1.8379481147247212e-05	4.9038838760298155e-05	8.891289171068403e-05	6.013487393153215e-05	2.549784543206099e-05	3.9692515314695496e-05	2.6283182517928884e-05	7.523834432649142e-05	6.095994496187826e-05	8.669136742439947e-05	0.6549083894591662	5.0952020488956495e-05	0.9401451290703637	0.720361492126949	5.411652138744039e-05	1.509212383663109	0.7087501771211461	6.229320980767451e-05	1.4954803849035887	-0.10005198785407819	0.5738651522146992	0.19220513691989644	1.1079325361119206	1.3149459658790204	0.8408988441633098	5.578725056135713e-05
E990L	missense	138	94	53	132	534	20	26	102	43	133	295	42	29	65	72	86	449	0.00043650295189046604	0.0002795786896293964	0.00020843787393368587	0.0004402064005348673	0.0013846364876301494	0.00034157449577098246	0.00034880115750310044	0.00031551442636107717	0.00017980907545442657	0.0004412713884900615	0.0012714230488381083	0.0005482036767893113	0.00039692515314695493	0.00024781286374047235	0.00026154281599208924	0.0003788225151202435	0.0008480677248039078	0.8166967932245771	0.0005782148629320247	2.4921428422702694	0.8021491597165368	0.0005520044847859184	2.146793602728566	0.7630884657959117	0.0004340614799141783	1.9405503019129944	0.009092481570989868	0.8222130864512321	-0.1402333229957089	0.5624946052591184	2.19316224897061	0.6923538458551752	0.0005214269425440404
E990_	nonsense	81	347	238	249	84	48	17	384	210	149	37	80	6	258	219	98	58	0.0002575053385253109	0.0010241408841161045	0.00092253059018798	0.0008274556401031341	0.00021998897467021065	0.000797007156798959	0.00023253410500206697	0.0011793500402816962	0.0008622662482019092	0.0004939605095038003	0.00016322322924273012	0.0010326627399984702	9.261586906762282e-05	0.0009724777531633687	0.0007882112262775292	0.00043107389651613913	0.00011119110169651236	0.5203142344926927	0.0007485290222693573	-0.35098461729220964	0.4667497527909812	0.0006747000068075339	-0.46783484974794187	0.46536821226674574	0.0005757384944133874	-0.49799407925704064	-0.5349755627792857	-0.41576237497391316	-1.0472731010001777	-0.9257023375420801	-0.4389378487657307	-0.6707323562579967	0.000666322507830093
E990R	missense	155	123	103	189	302	34	35	130	149	273	220	15	31	160	207	179	471	0.0004898882049993719	0.0003649237633057384	0.0004014359053537654	0.0006288662864783819	0.0007841959920596921	0.0005692908262849707	0.00046506821000413394	0.0004012853383815642	0.000612985484503727	0.000902301197360275	0.0009492719384906147	0.00020398276345648793	0.0004233868300234186	0.0006045131979123643	0.0007452178866623912	0.0007837707209384349	0.0008895288135720989	0.7101858373097676	0.0005448554867993944	1.4704085512872886	0.7093240045960258	0.0007164609896840451	1.4231689132624241	0.661949662187247	0.0007557576547713224	1.1121502910484067	-0.08781753143706651	0.6017035025560121	0.31714387352819634	1.3129218324655807	1.3352425851993732	0.9573126675107964	0.0006723580437515874
E990A	missense	84	27	71	101	294	16	72	108	36	115	146	19	98	77	69	70	283	0.0002669262655445296	8.240214010129577e-05	0.0002779171652449145	0.0003376019011620787	0.0007634911473848487	0.0002765126870527001	0.0009430549813972716	0.0003338939075083244	0.000151203086177586	0.0003819961273496055	0.0006314161762810876	0.0002549784543206099	0.0013098530053849513	0.00029286974805692187	0.00025079448108830476	0.00030915400659238263	0.0005352249640984664	0.8048732363392896	0.00036535308847328443	2.3787222705804565	0.7187064462581181	0.0003746273243291509	1.496310363178143	0.6957313336610731	0.00034701079995901887	1.3888466332774734	0.5328219508881038	2.013910040853462	0.710719076797784	1.9586679490876846	1.7546264223453576	1.9862889949705733	0.00036233040425381804
E990Y	missense	63	38	29	35	61	7	7	34	22	54	51	20	14	22	35	30	96	0.00020097977640999874	0.00011477440942680483	0.00011579881885204771	0.0001191536121748513	0.000160462546230036	0.00013012361743656474	0.00010334849111202976	0.00010721364002560874	9.39911076239048e-05	0.00018111885348472674	0.00022335810317426226	0.0002677273770366404	0.00019846257657347746	8.63590282731949e-05	0.00012898001884541387	0.00013498273527273044	0.00018280570956884237	0.6594036958131444	0.00012754734667093498	0.9832675347504596	0.7148906827233735	0.00015142042607712566	1.4665643239787358	0.694247685771267	0.0001332818729900454	1.3766944831216328	-0.10005198785407819	0.5738651522146992	-0.13001415781402287	0.579261378613672	1.2755087806169427	0.5765632654141857	0.00013741654857936866
E990P	missense	45	68	71	50	65	11	21	70	50	58	33	8	12	53	57	44	69	0.0001444542142946866	0.00020306241667819314	0.0002779171652449145	0.00016880095058103935	0.0001708149685674577	0.0001951854261548471	0.00028420835055808184	0.00021749052690909202	0.00020841506473126716	0.00019429113373816141	0.0001460418366908638	0.00011474030444427445	0.0001720008996970138	0.00020275597942402283	0.00020780114147316678	0.00019594268023460871	0.0001319216460806079	0.5936418950129427	0.00020514887526790117	0.35243020597745156	0.5877286440285059	0.0001915596405173461	0.47526416786272846	0.587020086544787	0.00018460536180310154	0.49842282877323396	0.16318944692050327	1.1728461805352515	0.1758147207317271	1.0810404770710957	0.4420390675378047	1.1269433288031736	0.00019377129252944958
E990T	missense	59	116	43	64	55	9	12	69	66	52	37	7	15	79	67	44	129	0.00018841854038437382	0.0003443232282804145	0.00016983826764966996	0.00021513846642681487	0.00014493391272390349	0.00016265452179570593	0.00016794129805704837	0.00021442728005121748	0.00027380018307833135	0.0001745327133580094	0.00016322322924273012	0.00010199138172824396	0.0002116934150117093	0.0003003792287763301	0.00024362892448578176	0.00019594268023460871	0.00024499734272112893	0.5459496789630108	0.0002185584687702007	-0.10506988997661117	0.5867305232176241	0.0002064958514325721	0.46748325049300954	0.5978625439921773	0.0002462370440544624	0.5872304035787508	0.013891364452758636	0.833132491315338	0.31714387352819634	1.3129218324655807	0.3165479213650497	1.0730271618904594	0.00022376378808574508
E990F	missense	49	101	60	42	35	20	18	91	43	44	25	12	5	49	48	32	85	0.00015701545032031152	0.0003001792246547203	0.000235457598332497	0.00014232237009773906	9.31718010367951e-05	0.00034157449577098246	0.0002454526663910707	0.00028181871092445725	0.00017980907545442657	0.00014818815285114005	0.00011167905158713113	0.00016573599530839644	7.938503062939099e-05	0.0001877370179852063	0.00017555613676181332	0.00014369129883871304	0.00016207516518474684	0.5092353788570815	0.0001927827485304379	-0.4572614468496099	0.5310908413235554	0.00018037374770428876	0.033740398349971626	0.60466354692641	0.0001672649046926199	0.6429355405151916	-0.14351768163516843	0.47496307025348367	-0.31967822405897794	0.26807603659265705	0.07313816400518446	0.37151955342307036	0.0001801404669757822
E990K	missense	74	47	64	58	26	3	7	70	35	74	17	10	2	38	52	80	86	0.00023552317548046728	0.00014126081160222131	0.00025089744084610336	0.00019527953106433964	6.987885077759632e-05	6.506180871828237e-05	0.00010334849111202976	0.00021749052690909202	0.00014711651628089448	0.00024698025475190013	7.731626648339847e-05	0.00014023814987633546	3.9692515314695496e-05	0.00014643487402846094	0.0001898872499668593	0.0003526968244222957	0.00016395976012875552	0.5736998011721327	0.00016432915857256519	0.1611304383981143	0.5668171389718415	0.0001722258911063213	0.3122471351063265	0.656563541768143	0.00021324467713659286	1.0680340660733914	0.200978007809903	1.2588304826633299	-0.5481575525743475	-0.1067942242661434	0.5138038798592773	0.5760181291985932	0.00018326657560515977
E990M	missense	56	71	48	44	336	9	58	44	24	119	139	34	53	39	32	48	316	0.00017899761336515513	0.00021189121740333198	0.00018913807079167793	0.00014894201521856415	0.0008721915819277763	0.00016265452179570593	0.0007621951219512195	0.0001378461086043541	0.00010216424741728782	0.0003951684076030402	0.0006013487393153216	0.00044621229506106735	0.0007144652756645188	0.00015018961438816505	0.00011823168394162938	0.00021335980736657392	0.0005974165972507529	0.7955768954108242	0.0003555407213353376	2.2895446810479885	0.7951854637599939	0.00030913187573500093	2.092507646324314	0.7914209750550115	0.0002697994257367803	2.172614061228104	0.670800023788066	2.3278661171910606	0.20443959333690798	1.12800583507648	2.1848887962001355	1.7279359761337703	0.0003114906742690396
E990V	missense	142	79	52	121	307	15	29	89	81	137	212	21	43	77	105	146	375	0.00044906418791609094	0.00023543468600370222	0.0002045779133052843	0.00040379835237032945	0.0007971365199814692	0.0002602472348731295	0.0003875568416701116	0.0002756922172087082	0.0003350987315287041	0.0004544436687434962	0.000914909153386882	0.0002804762997526709	0.0005821568912822005	0.00029286974805692187	0.0003797744999337186	0.0006400794220997218	0.0007086076989472653	0.7685394774620087	0.0004102368679151963	2.030181155289766	0.7535888792342973	0.0004950359427169476	1.7682386965856212	0.7182256084980005	0.0005053328422594068	1.5730910266697766	0.17294928420965947	1.1950537687164435	0.3171438735281963	1.3129218324655807	1.790503626181721	1.2539878005910121	0.00047020188429718355
E990D	missense	48	13	16	19	25	5	7	35	27	43	39	7	19	67	53	27	65	0.00015387514131390528	4.120107005064789e-05	6.561933068282704e-05	6.619645120825072e-05	6.729074519324091e-05	9.759271307742355e-05	0.00010334849111202976	0.00011027688688348328	0.00011442395710736236	0.0001448950827877814	0.0001718139255186633	0.00010199138172824396	0.0002646167687646366	0.0002553223444598806	0.00019347002826812078	0.00012191988992375652	0.00012438326630457317	0.6660131363371543	6.007689928374164e-05	1.0466703271636153	0.6746579071920584	0.00013535246307432258	1.1529270382407035	0.5414921666401159	0.00017377388223908276	0.1255162093751724	0.024886748754221824	0.8581514500568059	0.41405388653625275	1.471923883514221	0.7750378582598305	1.1650376667855133	0.000123067748199049
E990E	silent	82	18	24	37	130	1	19	62	31	59	71	5	32	51	47	50	163	0.0002606456475317171	5.591573792587927e-05	9.649901571003975e-05	0.00012577325729567639	0.00033904183155055996	3.2530904359141185e-05	0.0002583712277800744	0.00019298455204609573	0.0001307702366941284	0.0001975842038015201	0.0003092650659335939	7.649353629618297e-05	0.00043661766846165044	0.00019524649870461457	0.0001719733584605518	0.00022206837093255652	0.0003090735708174242	0.8029427334002166	0.00015430746062053885	2.360203414611574	0.687553196154144	0.0002076510146188345	1.2534531236391158	0.6794847617746127	0.00022459044972878675	1.25577544944845	0.8999480121459218	2.849270727455811	0.756476567358459	2.033743110303288	1.6231439958997134	2.4415069188795497	0.00019551630832272005
E990Q	missense	41	5	11	53	155	2	40	23	13	53	68	4	50	15	21	35	125	0.00013189297826906167	1.7657601450277664e-05	4.631952754081908e-05	0.00017873041826227696	0.00040374447115944543	4.8796356538711774e-05	0.0005296610169491525	7.351792458898885e-05	5.721197855368118e-05	0.00017782578342136806	0.00029637902151969416	6.374461358015247e-05	0.0006747727603498234	6.007584575526602e-05	7.882112262775292e-05	0.00015675414418768696	0.0002374589629450942	0.8745683096128776	0.0001616130046032048	3.0472905475673975	0.7880748502924727	0.00015123367702093307	2.037076384661797	0.7680479372714786	0.00013327751887895	1.981171963210659	1.0356106141459949	3.157958168398493	1.0247140496261327	2.4738453094964488	2.3551796318132845	2.815901738947471	0.00014870806683436262
E990W	missense	92	21	15	42	236	10	46	32	43	81	136	7	68	21	31	56	212	0.0002920487375957794	6.47445386510181e-05	6.175937005442545e-05	0.00014232237009773906	0.0006133810234922344	0.0001789199739752765	0.0006071723852831748	0.00010108714630985967	0.00017980907545442657	0.00027003174519541075	0.0005884626949014218	0.00010199138172824396	0.0009129278522379963	8.260428791349079e-05	0.00011464890564036788	0.00024819406163050433	0.0004014187230738497	0.8696239747272057	0.00022055182557385424	2.999860717880816	0.7953047698517218	0.0002848476654652797	2.0934377049217487	0.7858856196633737	0.0002117164945645532	2.1272754938043215	0.5306531849234143	2.008975218686014	0.9518729816095269	2.3543336217387454	2.4068579722022956	2.1816544202123795	0.0002390386618678957
E990N	missense	36	33	27	27	80	4	8	23	26	55	86	2	14	37	36	42	193	0.00011619143323703052	0.00010005974155157344	0.00010807889759524453	9.267503169155101e-05	0.00020963655233278896	8.132726089785297e-05	0.00011626705250103349	7.351792458898885e-05	0.00011033738721067085	0.0001844119235480854	0.0003736952880030926	3.824676814809149e-05	0.00019846257657347746	0.00014268013366875682	0.00013256279714667535	0.00018723411666862608	0.00036561141913768474	0.7017279923234777	0.0001276125557927895	1.389274454084906	0.7891940455055304	0.00018549063083770945	2.0458011456110183	0.7342071084627244	0.00020702211665543576	1.7039910795875022	0.15522051724922792	1.1547136335325272	0.715083882200234	1.9658293660545776	1.7130222264278088	1.5602714997935525	0.0001733751010953116
E990S	missense	153	91	78	154	203	31	61	178	117	219	147	16	47	125	147	143	254	0.0004836075869865595	0.0002707498889042575	0.0003049368896437256	0.0005130224968639431	0.0005279735392085056	0.000520494469746259	0.0008009508061182307	0.0005483211875595418	0.00048221524780959856	0.000724475413938907	0.0006357115244190541	0.00021673168617251842	0.0006350802450351279	0.00047309728532271995	0.0005302511885867014	0.0006270165767507478	0.0004805717107222145	0.7007536163922012	0.00040417070365510795	1.3799274973071458	0.6513744010626293	0.0005976808434317753	0.9714189128762221	0.6320578064288197	0.0005277341903455959	0.867314355171047	0.18718972332426975	1.2274565432717093	0.46690619386152854	1.5586396418401778	1.072886921784805	1.3930480925559436	0.0005098619124774931
E990C	missense	44	60	33	40	15	6	1	48	16	23	28	17	14	29	44	15	51	0.00014131390528828035	0.00017951894807782294	0.00013123866136565408	0.000135702724976914	4.140968934968671e-05	0.00011385816525699414	2.583712277800744e-05	0.00015009909603585223	6.947168824375573e-05	7.903368152060803e-05	0.0001245650960010309	0.0002294806088885489	0.00019846257657347746	0.0001126422107911238	0.00016122502355676732	6.966850852786088e-05	9.799893708845157e-05	0.5199864480794816	0.00012196750594251943	-0.35412899446561463	0.605197061391227	0.00010579239045031172	0.6114403807993326	0.5866433481091713	0.0001103836699910509	0.49533706828347457	-0.6441200322043538	-0.664110309210446	-0.06306736818340966	0.6891022147871687	0.25088281820573083	0.012495952788361353	0.00011271452212796068
E990H	missense	33	8	10	26	20	2	3	27	8	21	17	0	3	8	22	10	58	0.00010677050621781183	2.6486402175416498e-05	4.245956691241749e-05	8.936520913113848e-05	5.435021727146381e-05	4.8796356538711774e-05	5.167424555601488e-05	8.577091202048699e-05	3.677912907022362e-05	7.24475413938907e-05	7.731626648339847e-05	1.2748922716030496e-05	5.292335375292732e-05	3.379266323733714e-05	8.240390092901442e-05	4.789709961290435e-05	0.00011119110169651236	0.701704734776799	5.316534887260907e-05	1.3890513499660693	0.6297300549308512	6.807846224199995e-05	0.8026889686281157	0.7147654623748227	6.882119136894207e-05	1.5447499252946366	0.024886748754221824	0.8581514500568059	0.6181738691921775	1.806827315005937	1.2454967479629406	1.3324893825313715	6.335500082785035e-05
V991S	missense	221	88	74	87	145	18	26	127	104	131	103	14	16	138	154	132	231	0.0006971485994221832	0.0002619210881791187	0.00028949704713011925	0.0002912643853163032	0.00037786341531589125	0.00030904359141184127	0.00034880115750310044	0.00039209559780794054	0.00042908983915260885	0.0004346852483633442	0.00044671620634852453	0.00019123384074045744	0.00022492425344994112	0.0005219089099988735	0.000555330636695532	0.0005791194771378435	0.00043722602701001475	0.6608030686619398	0.0003051364839853581	0.9966913859703136	0.6374411590725066	0.0004256467229181045	0.8628013954018958	0.6112520626740462	0.000523396262710566	0.6969002535845851	0.0525581753520802	0.921115168412448	0.07047154018680778	0.9082019720423437	0.8521310116522649	0.9146585702273958	0.00041805982320467617
V991_	nonsense	71	298	190	183	76	58	20	295	235	129	51	120	13	186	242	66	88	0.0002261022484612486	0.000879937138938837	0.0007372524800247038	0.0006090073511159067	0.0001992841299953673	0.0009596616785946649	0.00027128978916907815	0.0009067210699308625	0.0009644304956191971	0.00042809910823662684	0.00022335810317426226	0.00154261964863969	0.00018523173813524564	0.0007021364472646716	0.0008706151272065436	0.00029173687946041743	0.0001677289500167729	0.5131559953367464	0.0006063702750187037	-0.4196519045761316	0.49683801986686293	0.0006306521942402372	-0.23327975645353463	0.49078080086004783	0.0005080543509871013	-0.28984658377900224	-0.5486847047623031	-0.44695623307384297	-0.9205434567739968	-0.7177746659303543	-0.31425941493622284	-0.5823654495020987	0.0005816922734153474
V991G	missense	214	269	195	166	287	33	26	234	211	188	180	68	44	129	169	156	351	0.0006751664363773396	0.000794592065262495	0.0007565522831667117	0.0005527403675888936	0.0007453744082943608	0.0005530253741054002	0.00034880115750310044	0.0007198630116005159	0.0008663528180986007	0.0006223902419747883	0.0007774580129719514	0.0008796756674061041	0.0005953877297204324	0.0004881162467615364	0.0006090723112144544	0.0006836222399296348	0.0006633774202910569	0.6095808650973861	0.0007123147810781153	0.5053289585832695	0.6220204268063311	0.0007465160211614641	0.7425880482443845	0.6557020877542457	0.0006110470545491706	1.0609781341361977	-0.200167140737346	0.3460625751779955	-0.16952269909769643	0.5144389840740928	0.7696317136546172	0.4302507796260442	0.0006899592855962501
V991E	missense	81	67	41	100	387	17	17	47	31	91	189	11	8	60	40	59	326	0.0002575053385253109	0.00020011948310314688	0.0001621183463928668	0.00033429207860166617	0.0010041849667299027	0.00029277813923227067	0.00023253410500206697	0.0001470358491779777	0.0001307702366941284	0.00030296244582899746	0.0008161161462136506	0.00015298707259236595	0.00011907754594408647	0.0002290391619419517	0.00014689391035172135	0.00026125690697947825	0.0006162625466908397	0.8149473437126746	0.00042517871870689566	2.475360788806362	0.8200262192988712	0.00034922116947868855	2.2861554133502646	0.7522518428543059	0.00031336313149099777	1.851790515933159	-0.10005198785407812	0.5738651522146996	-0.10882485874408482	0.6140270535715643	2.2044355726965947	0.5939461028931319	0.0003625876732255273
V991P	missense	62	44	48	66	71	12	7	92	56	90	48	9	0	95	79	46	118	0.0001978394674035925	0.0001324320108770825	0.00018913807079167793	0.00022175811154763993	0.0001863436020735902	0.0002114508783344177	0.00010334849111202976	0.0002848819577823318	0.00023293448411141625	0.0002996693757656388	0.00021047205876036253	0.00012748922716030494	1.323083843823183e-05	0.00036045507453159615	0.0002866222641009197	0.00020465124380059132	0.00022426679833703343	0.6582949032016927	0.00018241794882249766	0.9726311506998377	0.6059701826065168	0.00025698946910493735	0.6174672988110232	0.5680137134356332	0.00026899884519253516	0.34274687524860176	-0.31090535316897133	0.09408822921884066	-0.9838861221357849	-0.8217021487444849	0.644281774919821	-0.3638069597628221	0.00023613542103999007
V991V	silent	198	97	68	136	256	24	52	158	73	173	135	20	30	124	164	147	343	0.0006249214922748399	0.0002884074903545352	0.00026633728335970973	0.0004534456907765175	0.0006651431351793427	0.0004066363044892648	0.0006846837536171972	0.0004870562504020511	0.000302406172355172	0.0005729941910244083	0.0005841673467634552	0.0002677273770366404	0.00041015599158518673	0.00046934254496301583	0.0005911584197081469	0.0006444337038827131	0.0006483006607389874	0.7234050148570895	0.0004183333999175263	1.597216980360951	0.6610830673477956	0.00048665599013627165	1.047103468604818	0.6563477802324076	0.0005883088323232158	1.066266822916759	0.22628387307467335	1.3164115895730886	0.1852562769645685	1.096531413038549	1.2368624239608426	1.2064715013058187	0.0004977660741256713
V991R	missense	201	99	96	163	661	46	69	172	106	294	358	92	128	162	127	172	700	0.0006343424192940585	0.0002942933575046278	0.0003744161809549543	0.000542810899907656	0.0017133258968432877	0.0007644762524398178	0.0009042992972302605	0.0005299417064122947	0.00043726297894599187	0.000971455668690807	0.001542029981530003	0.001185649812590836	0.001706778158531906	0.0006120226786317726	0.0004585956225614715	0.0007532907484574956	0.0013211010557500876	0.8141335402689686	0.0007312115838026315	2.4675541657466686	0.7532237563121192	0.0008701725838947741	1.7653923564870235	0.721260829698602	0.0007862525263502068	1.597951685347167	0.07294819422446126	0.9675107310339354	0.15822063960952903	1.05217354270681	1.9436327358602863	1.0098421368703727	0.0007958788980158707
V991A	missense	106	54	41	47	70	15	3	74	31	55	37	13	7	59	66	33	76	0.00033601306368546665	0.00016186134662754526	0.0001621183463928668	0.00015887148289980173	0.00018375549648923478	0.0002602472348731295	5.167424555601488e-05	0.00022974351434059016	0.0001307702366941284	0.0001844119235480854	0.00016322322924273012	0.00017848491802442692	0.00010584670750585465	0.0002252844215822476	0.00024004614618452024	0.00014804558062170436	0.0001451138106886687	0.6367077259867371	0.00016665166810236214	0.7655504892166384	0.5992428520944987	0.00017703722595638355	0.5650239449984148	0.5702015820604728	0.0001896224897692852	0.3606671029744526	-0.7021119791820406	-0.7960655086825615	-0.22692417082207927	0.42025932756503176	0.5637471790631686	-0.1879030905587649	0.00017777046127601028
V991Q	missense	62	42	15	22	12	4	10	26	37	38	18	1	1	34	18	21	44	0.0001978394674035925	0.00012654614372698995	6.175937005442545e-05	7.612591888948834e-05	3.3645372596620455e-05	8.132726089785297e-05	0.00014210417527904092	8.270766516261246e-05	0.0001552896560742775	0.00012842973247098805	8.161161462136506e-05	2.549784543206099e-05	2.646167687646366e-05	0.00013141591258964444	6.807278772396843e-05	9.57941992258087e-05	8.480677248039078e-05	0.5141494742777771	7.451920131688105e-05	-0.4101216971650512	0.6165888746446108	0.00011200966708231077	0.7002460210078953	0.5881317235515159	9.502241800495309e-05	0.507527940516644	0.24237069296812808	1.3530156292465552	0.01611387786421517	0.8190163499252244	0.2658840881198294	1.0860159895858899	9.385042880138164e-05
V991L	missense	217	174	111	118	235	34	37	183	80	174	144	24	50	179	163	169	387	0.0006845873633965582	0.0005150133756330986	0.0004323155903809781	0.0003938688846890918	0.000610792917907879	0.0005692908262849707	0.0004909053327821414	0.0005636374218489145	0.00033101216163201256	0.000576287261087767	0.0006228254800051545	0.0003187230679007624	0.0006747727603498234	0.0006758532647467428	0.0005875756414068854	0.0007402279031085218	0.0007312228382753695	0.6409383387677057	0.00048799769215276186	0.8061337523472762	0.6502439871613971	0.0005234405811434621	0.9626066958948938	0.6395692417660193	0.0006837199118843798	0.9288384477341874	-0.06433643558754364	0.6551325189647873	0.32574404529011386	1.3270322933670957	0.8991929653254526	0.9910824061659416	0.0005650527283935346
V991Y	missense	39	34	27	58	319	13	9	45	48	81	151	12	12	49	43	69	285	0.00012561236025624922	0.00010300267512661972	0.00010807889759524453	0.00019527953106433964	0.0008281937869937342	0.0002277163305139883	0.0001291856138900372	0.00014090935546222862	0.00020024192493788413	0.00027003174519541075	0.0006528929169709205	0.00016573599530839644	0.0001720008996970138	0.0001877370179852063	0.00015764224525550584	0.0003047997248093913	0.0005389941539864837	0.854108278818704	0.00030863872269498455	2.8510223338664984	0.7837860003809858	0.000316018985641611	2.0036423690510774	0.7512357058347489	0.00029729328550914683	1.8434676182123393	-0.24618002353231616	0.24136460513340458	0.01611387786421517	0.8190163499252244	2.232710773709972	0.5301904775293145	0.0003073169979485808
V991I	missense	70	34	23	36	42	3	7	49	32	31	20	3	5	60	53	40	62	0.00022296193945484235	0.00010300267512661972	9.263905508163816e-05	0.00012246343473526383	0.00011128854012728304	6.506180871828237e-05	0.00010334849111202976	0.00015316234289372677	0.00013485680659081992	0.00010537824202747737	9.020231089729822e-05	5.099569086412198e-05	7.938503062939099e-05	0.0002290391619419517	0.00019347002826812078	0.00017852555310264348	0.0001187294814725471	0.6409183675755677	0.00010734842626770118	0.805942173446647	0.5685590377059911	0.00012089992560233056	0.32582622289717456	0.5649328445580772	0.00017994105619631575	0.3175123290548884	0.200978007809903	1.2588304826633299	0.19220513691989644	1.1079325361119206	0.4830935751329033	1.1833815093876252	0.00013606313602211584
V991M	missense	108	116	147	99	55	17	51	141	94	84	77	68	779	147	110	91	186	0.0003422936816982791	0.0003443232282804145	0.0005712741730034353	0.00033098225604125364	0.00014493391272390349	0.00029277813923227067	0.0006717651922281935	0.00043498105381818404	0.00038822414018569373	0.0002799109553854868	0.0003350371547613934	0.0008796756674061041	0.010320053981820829	0.0005557015732362107	0.0003976883914400261	0.0004005939240352	0.00035241925452962397	0.5496809479908462	0.00034787839251225174	-0.06927671281583742	0.5895252629889489	0.0003595383260376895	0.48926983082824393	0.5805394173756185	0.00042660078581026523	0.4453414572462228	0.3606788506774149	1.622214670894771	1.0693593898174403	2.5470957450277294	0.2884448584195431	2.08465520796125	0.0003780058347867355
V991D	missense	35	17	14	42	338	5	22	7	11	47	67	5	115	22	4	25	114	0.0001130511242306243	5.2972804350832996e-05	5.7899409426023855e-05	0.00014232237009773906	0.0008773677930964871	9.759271307742355e-05	0.0002971269119470856	2.4505974862996284e-05	4.9038838760298155e-05	0.00015806736304121606	0.0002920836733817276	7.649353629618297e-05	0.0015347772588348923	8.63590282731949e-05	1.791389150630748e-05	0.00011321132635777392	0.00021672841856099868	0.9077804970125606	0.0002826405942427708	3.365887169420556	0.8426267054046283	0.00013092396251155952	2.46233901055331	0.7650251666003542	0.00010855316617456874	1.956413283382	0.48352459777987117	1.9017385687463597	1.3024206167074899	2.9294836113088922	2.594879821118622	2.415611090027626	0.00017403924097629967
V991H	missense	28	102	89	55	47	36	18	95	51	54	33	75	18	30	30	25	99	9.106896118578068e-05	0.0003031221582297666	0.00034739645655614313	0.00018535006338310202	0.00012422906804906013	0.0006018217306441119	0.0002454526663910707	0.0002940716983559554	0.00021250163462795867	0.00018111885348472674	0.0001460418366908638	0.0009689181264183177	0.0002513859303264048	0.00011639695115082791	0.00011106612733910638	0.00011321132635777392	0.00018845949440086842	0.5340293584081001	0.000240024436554518	-0.2194186925561602	0.5537134216472501	0.00020843350578987616	0.21009623250294027	0.676577877801546	0.00013228347481214416	1.231965965561454	-0.38950011096824416	-0.08474672086234956	-0.5859461134637473	-0.16879461515548824	0.40754783516941134	-0.1267706680089189	0.00019358047238551279
V991K	missense	60	9	6	23	44	2	13	14	26	36	40	0	17	15	21	35	74	0.00019155884939078005	2.9429335750462777e-05	2.7019724398811132e-05	7.943574144990087e-05	0.00011646475129599387	4.8796356538711774e-05	0.0001808598594460521	4.594870286811803e-05	0.00011033738721067085	0.00012184359234427071	0.00017610927365662986	1.2748922716030496e-05	0.00023815509188817295	6.007584575526602e-05	7.882112262775292e-05	0.00015675414418768696	0.00014134462080065132	0.7803015747851983	6.308738822379216e-05	2.1430121600043814	0.735621268860473	0.00011355973901992235	1.6281709912278701	0.7170316041228593	0.00010924893334283929	1.5633112665574604	0.5689547931044975	2.0961269114819516	1.2713863829675212	2.878565169919686	1.7781648059299038	2.4873460407008188	9.52986868621846e-05
V991C	missense	70	79	44	52	64	16	20	37	44	43	25	18	6	46	70	44	77	0.00022296193945484235	0.00023543468600370222	0.00017369822827807157	0.00017542059570186443	0.00016822686298310227	0.0002765126870527001	0.00027128978916907815	0.00011640338059923235	0.00018389564535111809	0.0001448950827877814	0.00011167905158713113	0.00024222953160457942	9.261586906762282e-05	0.00017647279690609393	0.0002543772593895662	0.00019594268023460871	0.00014699840563267737	0.591806204568972	0.00018819509324168512	0.3348208637447635	0.6130642592002946	0.00013921829008131575	0.6727696461710353	0.6012762609680595	0.00019344778554073656	0.615191216629808	-0.008281614498432798	0.7826799713900933	-0.41754168307435696	0.10750964904231976	0.540927242181869	0.4450948102162065	0.0001736203896212458
V991N	missense	78	29	33	39	32	11	10	30	33	39	17	2	3	41	42	35	48	0.0002480844115060922	8.828800725138832e-05	0.00013123866136565408	0.00013239290241650144	8.540748428372885e-05	0.0001951854261548471	0.00014210417527904092	9.49606525941106e-05	0.00013894337648751146	0.00013172280253434673	7.731626648339847e-05	3.824676814809149e-05	5.292335375292732e-05	0.00015769909510757332	0.00015405946695424435	0.00015675414418768696	9.234515225642552e-05	0.6228599174916416	0.00010933176382931817	0.6327117528361192	0.6080244187844285	0.00011073577452484181	0.633481233981954	0.5819037082240607	0.00014021446462648252	0.45651598683671424	-0.13784054874347793	0.48788085008662097	0.14105261447251513	1.0240056462788847	0.5742363245515958	0.7559432481827528	0.0001200940009935475
V991W	missense	94	62	51	67	202	17	11	59	41	84	125	27	16	32	46	56	318	0.0002983293556085919	0.0001854048152279155	0.0002007179526768827	0.00022506793410805246	0.0005253854336241501	0.00029277813923227067	0.00015502273666804465	0.00018379481147247213	0.00017163593566104355	0.0002799109553854868	0.0005412138653837894	0.00035696983604885385	0.00022492425344994112	0.00012390643187023618	0.00016839058015929032	0.00024819406163050433	0.0006011857871387702	0.7398506250347447	0.00028414403390925015	1.7549758109932534	0.7504224846730668	0.00029413889197569794	1.7435548565411525	0.790506720769829	0.00028541921519970026	2.1651256568496158	-0.2761432469097594	0.17318611960817545	-0.2005952320997301	0.4634577043771313	1.8878854414613404	0.31832191199265336	0.00028790071369488277
V991F	missense	86	166	92	153	174	24	19	157	88	101	144	17	9	154	131	103	263	0.00027320688355734205	0.0004914699070327284	0.0003589763384413479	0.0005097126743035306	0.00045291847726219837	0.0004066363044892648	0.0002583712277800744	0.0004839930035441766	0.00036370472080554466	0.0003358931464625841	0.0006228254800051545	0.0002294806088885489	0.0001323083843823183	0.0005819847557541396	0.0004729267357665175	0.0004528453054310957	0.0004975330652182927	0.62741868098184	0.0004532693492599513	0.6764428877453054	0.6518961980210211	0.000451604087704365	0.9754866158764527	0.6079553006836216	0.0005013224655425113	0.6698973865222765	-0.19696200086213458	0.3533555683194792	-0.23915862723909093	0.40018602860047237	0.7739422967146782	0.37677079845997574	0.00046873196750227595
V991T	missense	76	59	56	63	48	14	6	69	31	30	31	13	8	65	55	25	51	0.00024180379349327975	0.00017657601450277665	0.00022001775581889066	0.0002118286438664023	0.00012681717363341555	0.00024398178269355888	9.042992972302605e-05	0.00021442728005121748	0.0001307702366941284	0.00010208517196411871	0.00013745114041493063	0.00017848491802442692	0.00011907754594408647	0.00024781286374047235	0.00020063558487064378	0.00011321132635777392	9.799893708845157e-05	0.5982288567616539	0.0001838098969553713	0.396431840080088	0.5695017821126352	0.00014618345728109882	0.33317544981328495	0.5232682202447998	0.0001649146780143354	-0.023751103003655974	-0.4310452068955026	-0.17927866375916016	-0.17577164837469797	0.5041862173980678	0.23528539562990566	0.16245377681945383	0.00016496934408360183
Q992V	missense	171	767	649	267	184	88	54	463	340	217	100	193	43	196	261	155	282	0.0005401331491018716	0.002260172985635541	0.002508974408461034	0.0008870324461905597	0.0004787995331057526	0.0014476252439817826	0.0007105208763952046	0.0014213465420537844	0.0013935203347718059	0.0007178892738121896	0.0004338301619346248	0.002473291006909916	0.0005821568912822005	0.0007396838508617129	0.000938687914930512	0.0006792679581466435	0.0005333403691544576	0.4830667127001413	0.0015337448433482216	-0.7082912431009641	0.5103491417234007	0.0009916465781431012	-0.12795290464183198	0.5870176214632069	0.0007227450232733315	0.4984026379707441	-0.30907930500474706	0.09824322939237537	-0.6282351755798234	-0.23817906166072686	-0.11261383659068401	-0.06996791613417574	0.0010827121482548847
Q992G	missense	194	127	91	81	65	16	21	119	85	113	61	14	8	119	120	91	194	0.0006123602562492149	0.00037669549760592356	0.0003551163778129463	0.000271405449953828	0.0001708149685674577	0.0002765126870527001	0.00028420835055808184	0.00036758962294494425	0.0003514450111154701	0.0003754099872228882	0.0002663115845539281	0.00019123384074045744	0.00011907754594408647	0.0004505688431644952	0.00043351617445264103	0.0004005939240352	0.0003674960140816934	0.5503265307740477	0.00029350807348503885	-0.06308379057981164	0.5992910285963535	0.00034018905145930765	0.5653995081326646	0.6036538392403109	0.0004130437389335074	0.6346653036892649	0.011921771589854156	0.82865086873413	-0.20573487175214128	0.4550250025229239	0.37899367374737264	0.6418379356285269	0.00034891362129261795
Q992R	missense	177	477	388	459	208	88	47	271	154	236	135	175	96	177	185	141	238	0.000558975003140309	0.0014067222488721206	0.0015015246844482185	0.0015225183777897667	0.0005409140671302826	0.0014476252439817826	0.0006200909466721786	0.0008332031453418737	0.0006334183339871845	0.0007804576050160043	0.0005841673467634552	0.0022438103980213673	0.0012833913285084876	0.0006683437840273345	0.0006663967640346383	0.0006183080131847653	0.00045041819161807553	0.5602223198674008	0.001242919844560097	0.0318441627576947	0.5985068926660204	0.0007078116077771294	0.5592867241750199	0.588497231278472	0.0006008666882162035	0.5105217133731342	-0.36820075712340367	-0.036282052374766297	-0.24262705568368984	0.3944953138901067	0.36721753343528296	0.17910663075767022	0.00085053271351781
Q992A	missense	65	11	15	34	65	5	16	39	21	56	60	15	6	33	27	42	191	0.00020726039442281122	3.531520290055533e-05	6.175937005442545e-05	0.00011584378961443877	0.0001708149685674577	9.759271307742355e-05	0.00021961554361306325	0.0001225298743149814	8.990453772721329e-05	0.0001877049936114441	0.0002620162364159615	0.00020398276345648793	9.261586906762282e-05	0.0001276611722299403	0.00010031779243532189	0.00018723411666862608	0.0003618422292496674	0.7750337862221144	9.593333278421931e-05	2.092479516049371	0.7224581181120755	0.0001655389105174001	1.5255567714041705	0.7519953831696381	0.0001942638276458889	1.8496899254774206	0.35224568314055216	1.6030257944644513	-0.3429080647774528	0.22996240720470454	1.8225754043103208	0.9164941008345779	0.00015191202364916943
Q992S	missense	156	140	93	87	152	43	37	171	95	92	77	24	33	106	188	80	180	0.0004930285140057782	0.00041495363408152516	0.0003628362990697495	0.0002912643853163032	0.00039598015440637916	0.000715679895901106	0.0004909053327821414	0.0005268784595544201	0.00039231071008238524	0.00030625551589235614	0.0003350371547613934	0.0003187230679007624	0.00044984850689988224	0.00040175721848834155	0.0006771450989384228	0.0003526968244222957	0.00034111168486557187	0.6140367466467511	0.00036625861821848926	0.5480731714808239	0.5720052220820842	0.0003901204600726387	0.352691183109262	0.5892930429096748	0.0004431777066786579	0.5170399866808292	-0.1637210677234554	0.4289921729094468	0.1496527862344326	1.0381161071803995	0.472601447090305	0.7335541400449231	0.0003998522616565953
Q992I	missense	55	100	43	22	42	14	10	40	25	36	23	18	2	53	61	25	59	0.0001758573043587489	0.000297236291079674	0.00016983826764966996	7.612591888948834e-05	0.00011128854012728304	0.00024398178269355888	0.00014210417527904092	0.00012559312117285594	0.00010625081731397933	0.00012184359234427071	0.00010308835531119797	0.00024222953160457942	3.9692515314695496e-05	0.00020275597942402283	0.00022213225467821276	0.00011321132635777392	0.00011307569664052105	0.5005602493031248	0.00016362225443652883	-0.5404799032785131	0.6107913026579661	0.000114193971535576	0.6550506618076138	0.552446226543933	0.00016279381427513264	0.21523788908224836	-0.2347505617515344	0.2673712661914006	-0.7855184683689513	-0.4962366696715331	0.1099362158704497	-0.11443270174006626	0.00014687001341574582
Q992N	missense	41	117	66	44	111	14	24	100	72	22	27	16	17	67	57	16	60	0.00013189297826906167	0.0003472661618554608	0.00025861736210290657	0.00014894201521856415	0.00028986782544780697	0.00024398178269355888	0.000322964034725093	0.0003093879326453281	0.00029831960245848047	7.574061145724937e-05	0.0001202697478630643	0.00021673168617251842	0.00023815509188817295	0.0002553223444598806	0.00020780114147316678	7.402279031085218e-05	0.00011496029158452974	0.5912735538422136	0.00026117334115618464	0.32971127189130756	0.502143841323512	0.00020092947360603056	-0.1919178713164089	0.5186399859389329	0.00016302664195710733	-0.06165969211549641	0.1217967617622782	1.0786610339520262	0.04093746158924726	0.859744862946161	0.025377902819800752	0.9692029484490936	0.0002083764855731075
Q992P	missense	51	95	35	75	40	20	2	75	67	41	47	23	0	94	85	35	82	0.00016329606833312397	0.00028252162320444263	0.00013895858262245726	0.00025154651459135277	0.00010611232895857219	0.00034157449577098246	3.875568416701116e-05	0.0002328067611984647	0.0002778867529750229	0.00013830894266106405	0.00020617671062239594	0.0003059741451847319	1.323083843823183e-05	0.00035670033417189203	0.0003081189339084887	0.00015675414418768696	0.0001564213803527208	0.558156996959985	0.00019478476234420622	0.012032010868388716	0.5929207629240434	0.00021379479186423692	0.5157396770991727	0.5288591952567306	0.0002444986981551971	0.02204302937058103	-0.945150027868335	-1.3490756396590766	-1.3640973638473908	-1.445521766422897	0.18327157244604744	-1.397298703040987	0.0002176927507878801
Q992L	missense	133	168	149	139	90	54	27	179	173	145	48	111	22	114	142	103	156	0.00042080140685843485	0.0004973557741828209	0.0005789940942602385	0.0004633751584577551	0.00023551760817634316	0.0008945998698763826	0.0003617197188921042	0.0005513844344174164	0.0007110631620243233	0.00048078822925036555	0.00021047205876036253	0.0014278793441954154	0.0003043092840793321	0.00043179514136597454	0.000512337297080394	0.0004528453054310957	0.0002958814062093634	0.5615485725714087	0.00044381065876928944	0.044566589803393	0.5448311535134973	0.0004884269711131169	0.14085391869589703	0.5904996993477597	0.0004232147875217069	0.5269233763468479	-0.3932566460061027	-0.0932943616310815	-0.6713763087883735	-0.3089615169695691	0.23744796161537932	-0.2011279393003253	0.00045181747246803776
Q992F	missense	49	107	62	70	32	17	9	101	59	48	45	31	14	68	73	38	55	0.00015701545032031152	0.000317836826104998	0.00024317751958930018	0.00023499740178929007	8.540748428372885e-05	0.00029277813923227067	0.0001291856138900372	0.0003124511795032026	0.00024519419380149076	0.00016136043310457473	0.00019758601434646277	0.00040796552691297586	0.00019846257657347746	0.0002590770848195847	0.0002651255942933507	0.00016981698953666088	0.00010553731686448631	0.5249528093672724	0.00022035480794182924	-0.3064878707374148	0.5665730581397324	0.00022914795518893272	0.3103443866960458	0.5380881352589668	0.00019988924637852066	0.09763472835589608	-0.3553244929573843	-0.006983329103128431	-0.31294484140000955	0.2791236220798483	0.03383041477150903	0.13607014648835994	0.00021646400316976087
Q992C	missense	50	43	23	25	26	8	5	35	38	33	12	14	3	25	49	33	45	0.00016015575932671776	0.0001294890773020362	9.263905508163816e-05	8.605538657072594e-05	6.987885077759632e-05	0.00014638906961613534	7.751136833402232e-05	0.00011027688688348328	0.00015937622597096901	0.00011196438215419471	5.5839525793565566e-05	0.00019123384074045744	5.292335375292732e-05	9.762324935230729e-05	0.0001791389150630748	0.00014804558062170436	8.669136742439947e-05	0.5636958465954739	9.451559243299915e-05	0.06516487928151236	0.564787248499264	0.00010936425520055315	0.2964229885055242	0.609386830136019	0.00012787477811537147	0.6816226489498164	-0.2761432469097594	0.17318611960817545	-0.5579173898635037	-0.12280736985046839	0.34773683891228435	0.025189374878853532	0.00011058487524964126
Q992K	missense	43	19	10	26	6	15	7	26	8	18	11	12	1	14	13	16	26	0.00013817359628187414	5.8858671500925554e-05	4.245956691241749e-05	8.936520913113848e-05	1.8116739090487936e-05	0.0002602472348731295	0.00010334849111202976	8.270766516261246e-05	3.677912907022362e-05	6.256833120381469e-05	5.1544177655598985e-05	0.00016573599530839644	2.646167687646366e-05	5.63211053955619e-05	5.0158896217660946e-05	7.402279031085218e-05	5.0884063488234475e-05	0.5799089513361709	5.220004665874237e-05	0.2206933405049609	0.588772762005676	5.839982577306244e-05	0.48340365921089606	0.6290801628282594	5.784671385307737e-05	0.8429252987155315	-0.4010819835180594	-0.11110017823393115	-0.7967994787786404	-0.5147456321343955	0.5156740994771295	-0.3129229051841633	5.6148862094960725e-05
Q992Y	missense	54	48	32	49	5	15	2	67	38	26	7	9	2	54	48	24	29	0.00017271699535234268	0.0001442037451772676	0.00012737870073725247	0.00016549112802062682	1.5528633506132516e-05	0.0002602472348731295	3.875568416701116e-05	0.0002083007863354684	0.00015937622597096901	8.891289171068403e-05	3.436278510373266e-05	0.00012748922716030494	3.9692515314695496e-05	0.00020651071978372695	0.00017555613676181332	0.00010885704457478262	5.6537848320260525e-05	0.5289131653552614	0.00011315055186031985	-0.26849711680347543	0.4742020333425407	0.00012273817228021354	-0.4097400995378748	0.5070425109367619	0.00013686543736014586	-0.1566514072140244	-0.8270507157903405	-1.080351806524668	-0.5067648674161224	-0.03888048001743229	-0.27829620785179154	-0.5596161432710501	0.00012425138716689308
Q992T	missense	79	102	71	49	41	10	11	48	51	53	39	6	4	52	82	63	146	0.00025122472051249844	0.0003031221582297666	0.0002779171652449145	0.00016549112802062682	0.00010870043454292761	0.0001789199739752765	0.00015502273666804465	0.00015009909603585223	0.00021250163462795867	0.00017782578342136806	0.0001718139255186633	8.924245901221346e-05	6.615419219115915e-05	0.0001990012390643187	0.00029737059900470416	0.0002786740341114435	0.00027703545676927656	0.5233182173898796	0.00021380772150955885	-0.32216812316519045	0.6303473229592927	0.00017806010990096055	0.8075009227241631	0.6505928513193753	0.00026302033223743574	1.0191297894144913	-0.062263426964678306	0.6598494543427781	-0.13001415781402287	0.579261378613672	0.5014875296578213	0.6195554164782251	0.0002182960545493184
Q992E	missense	76	66	64	86	91	7	16	44	50	77	52	14	27	39	46	51	101	0.00024180379349327975	0.0001971765495281006	0.00025089744084610336	0.00028795456275589065	0.0002381057137606986	0.00013012361743656474	0.00021961554361306325	0.0001378461086043541	0.00020841506473126716	0.0002568594649419761	0.00022765345131222885	0.00019123384074045744	0.0003704634762704913	0.00015018961438816505	0.00016839058015929032	0.00022642265271554784	0.0001922286842888858	0.6455111117687308	0.0002435335667226983	0.8499992771648868	0.672826844914493	0.00020769352239745657	1.1386528700987135	0.6562231087482756	0.00018430788288797224	1.0652456732182807	0.2273069465322522	1.3187394966223445	0.28718065015075317	1.263760617590437	1.017965940160627	1.2912500571063907	0.0002118449906693757
Q992D	missense	50	42	49	45	19	6	6	52	53	45	23	5	3	33	43	29	63	0.00016015575932671776	0.00012654614372698995	0.0001929980314200795	0.00015225183777897667	5.176211168710839e-05	0.00011385816525699414	9.042992972302605e-05	0.00016235208346735037	0.0002206747744213417	0.00015148122291449873	0.00010308835531119797	7.649353629618297e-05	5.292335375292732e-05	0.0001276611722299403	0.00015764224525550584	0.00013062845348973912	0.00012061407641655579	0.5617075312897153	0.00013088953115328862	0.04609144301637594	0.576578945163091	0.0001593991090285972	0.3883459465179625	0.6137812312626691	0.00013413648684793526	0.7176159750637556	-0.10005198785407812	0.5738651522146996	-0.15997738119146607	0.5301001637385283	0.38401778819936466	0.5519826579766139	0.00014147504234327367
Q992W	missense	63	60	54	55	25	11	13	95	91	79	42	4	4	73	82	50	55	0.00020097977640999874	0.00017951894807782294	0.00021229783456208748	0.00018535006338310202	6.729074519324091e-05	0.0001951854261548471	0.0001808598594460521	0.0002940716983559554	0.0003759644304956192	0.00026344560506869345	0.00018469996993256303	6.374461358015247e-05	6.615419219115915e-05	0.00027785078661810535	0.00029737059900470416	0.00022206837093255652	0.00010553731686448631	0.5544692961978952	0.00016111439780406333	-0.023343226271768474	0.5757421279141346	0.00027954542596320776	0.3818224818264155	0.5430016507633035	0.0002257067683549631	0.13787997698396218	-0.0331051982234649	0.7261962505846906	0.01611387786421517	0.8190163499252244	0.16545307751286972	0.7726063002549575	0.00022212219737407807
Q992M	missense	50	31	14	29	78	5	7	45	20	29	32	3	7	64	27	32	96	0.00016015575932671776	9.417387440148089e-05	5.7899409426023855e-05	9.929467681237608e-05	0.00020446034116407814	9.759271307742355e-05	0.00010334849111202976	0.00014090935546222862	8.581796783052178e-05	9.879210190076005e-05	0.00014174648855289722	5.099569086412198e-05	0.00010584670750585465	0.0002440581233807682	0.00010031779243532189	0.00014369129883871304	0.00018280570956884237	0.7270819314533922	0.00011395707545098976	1.632488767561243	0.6291425912116309	0.00011681647843660191	0.7981093560129624	0.5988430837712592	0.00016771823105591138	0.5952617341330207	0.024886748754221824	0.8581514500568059	0.31714387352819634	1.3129218324655807	1.0086199525690753	1.0855366412611933	0.00013283059498116767
Q992H	missense	43	28	9	70	153	5	24	17	26	77	131	6	22	29	33	38	265	0.00013817359628187414	8.534507367634205e-05	3.8599606284015906e-05	0.00023499740178929007	0.0003985682599907346	9.759271307742355e-05	0.000322964034725093	5.513844344174164e-05	0.00011033738721067085	0.0002568594649419761	0.0005669859542115889	8.924245901221346e-05	0.0003043092840793321	0.0001126422107911238	0.00012181446224289088	0.00016981698953666088	0.00050130225510631	0.812467301079734	0.00018937758543509565	2.4515703291356976	0.8375276054631808	0.0002473303124514944	2.4225886367791283	0.792570525637635	0.0002263939794192464	2.1820297126018273	0.5197367704343159	1.984135948295877	0.5327436738675513	1.6666604131918565	2.3520628928388843	1.8253981807438668	0.00022103395910194547
Q992Q	silent	35	5	3	23	57	3	4	14	5	30	24	7	6	12	7	8	57	0.0001130511242306243	1.7657601450277664e-05	1.543984251360636e-05	7.943574144990087e-05	0.00015011012389261433	6.506180871828237e-05	6.45928069450186e-05	4.594870286811803e-05	2.4519419380149078e-05	0.00010208517196411871	0.00010738370344916456	0.00010199138172824396	9.261586906762282e-05	4.881162467615364e-05	2.866222641009197e-05	3.918853604692174e-05	0.00010930650675250369	0.8445722534688151	6.56608273265998e-05	2.75954550863307	0.7419328976317183	6.99842494153876e-05	1.6773737143872176	0.7312153691621753	5.649222347141776e-05	1.679486569145908	-0.0031419748460217757	0.7943747361099195	-0.04187806911347157	0.7238678897450609	2.0388019307220655	0.7591213129274902	6.404576673780171e-05
Q992_	nonsense	43	8	20	16	9	1	4	17	12	19	7	2	4	37	32	10	21	0.00013817359628187414	2.6486402175416498e-05	8.10591731964334e-05	5.6266983527013114e-05	2.5881055843554195e-05	3.2530904359141185e-05	6.45928069450186e-05	5.513844344174164e-05	5.312540865698967e-05	6.586140126717336e-05	3.436278510373266e-05	3.824676814809149e-05	6.615419219115915e-05	0.00014268013366875682	0.00011823168394162938	4.789709961290435e-05	4.1461088768191055e-05	0.607466312386728	4.74234036856043e-05	0.4850445568894344	0.5952674894637509	5.212200961740933e-05	0.5340337403986429	0.4915344903099134	8.75675014978704e-05	-0.28367332162659437	0.2978880208179594	1.4793400665585499	0.23796262748057148	1.183007697327525	0.24513499188716095	1.3311738819430374	6.237097160029467e-05
I993Q	missense	37	57	30	29	50	3	0	69	69	41	38	0	1	76	52	42	60	0.00011933174224343676	0.0001706901473526841	0.0001196587794804493	9.929467681237608e-05	0.0001319933848021264	6.506180871828237e-05	1.291856138900372e-05	0.00021442728005121748	0.00028605989276840593	0.00013830894266106405	0.0001675185773806967	1.2748922716030496e-05	2.646167687646366e-05	0.00028911500769721775	0.0001898872499668593	0.00018723411666862608	0.00011496029158452974	0.5923014008444293	0.00013040924711190898	0.3395711639468047	0.5802784631309427	0.00020157867321534605	0.41718578564546543	0.5409754987849735	0.00019529916647930822	0.12128432565159773	-0.7021119791820406	-0.7960655086825615	0.31714387352819634	1.3129218324655807	0.2926804250812893	0.2584281618915096	0.00017576236226885442
I993L	missense	154	192	124	127	144	34	13	133	95	128	69	32	18	184	143	116	199	0.0004867478959929657	0.0005679861799839315	0.0004824950785501988	0.0004236572877328046	0.00037527530973153583	0.0005692908262849707	0.0001808598594460521	0.00041047507895518775	0.00039231071008238524	0.00042480603817326816	0.0003006743696576608	0.0004207144496290064	0.0002513859303264048	0.0006946269665452634	0.0005159200753816555	0.0005094509686099826	0.00037691898880173685	0.5819478189326984	0.0004623534639996177	0.2402517128832201	0.6007153890786439	0.00038206654921712547	0.5765032052969415	0.5677973877658901	0.0005242292498346596	0.34097501142609776	-0.4979919965261157	-0.33160976212915105	-0.22364646106084338	0.42563712660356173	0.38590997653541975	0.04701368223720534	0.00045621642101713425
I993M	missense	62	50	34	32	27	4	6	45	36	15	12	4	0	42	42	26	56	0.0001978394674035925	0.00015008961232736015	0.00013509862199405565	0.0001092241444936137	7.246695636195174e-05	8.132726089785297e-05	9.042992972302605e-05	0.00014090935546222862	0.000151203086177586	5.2689121013738686e-05	5.5839525793565566e-05	6.374461358015247e-05	1.323083843823183e-05	0.00016145383546727743	0.00015405946695424435	0.00011756560814076522	0.000107421911808495	0.5557255574669565	0.00011671983379424531	-0.011292210430164647	0.5146382995997535	0.00010016027211177973	-0.09451648827045545	0.5790727734421478	0.0001351252055926955	0.4333285818010801	0.0460760478241599	0.9063656992959943	-0.6828561264718036	-0.32779666620412845	0.10917329436682	0.2892845165459329	0.00011733510383290685
I993C	missense	65	62	29	36	25	7	8	34	37	36	27	18	15	21	36	40	115	0.00020726039442281122	0.0001854048152279155	0.00011579881885204771	0.00012246343473526383	6.729074519324091e-05	0.00013012361743656474	0.00011626705250103349	0.00010721364002560874	0.0001552896560742775	0.00012184359234427071	0.0001202697478630643	0.00024222953160457942	0.0002116934150117093	8.260428791349079e-05	0.00013256279714667535	0.00017852555310264348	0.00021861301350500738	0.5364797686530938	0.00012273945350211698	-0.19591248934183	0.626417476994079	0.00012615415907680532	0.7768655463271547	0.7176802103438717	0.00015307641291695425	1.56862382100108	-0.048899465406696846	0.6902578869791168	-0.05851974043268904	0.6965635917628397	0.7165256259954682	0.6934107393709783	0.0001339900084986255
I993W	missense	53	30	18	19	54	2	10	28	13	40	35	6	12	21	12	32	102	0.00016957668634593644	9.12309408264346e-05	7.333925193963022e-05	6.619645120825072e-05	0.00014234580713954806	4.8796356538711774e-05	0.00014210417527904092	8.883415887836153e-05	5.721197855368118e-05	0.00013501587259770538	0.00015463253296679695	8.924245901221346e-05	0.0001720008996970138	8.260428791349079e-05	4.657611791639945e-05	0.00014369129883871304	0.00019411327923289447	0.6739804741745753	9.32781127784659e-05	1.1230991058410895	0.7039541149679699	0.00010892363574913625	1.3813075804208608	0.7405396237996519	0.00011674624597537444	1.7558589639873279	0.46421944258448444	1.8578115109838818	0.28495919015679516	1.2601158270842954	1.4200885500830926	1.5589636690340885	0.00010631599816765887
I993V	missense	170	151	129	158	268	34	66	205	113	165	126	58	56	139	125	103	226	0.0005369928400954654	0.0004473259034070342	0.0005017948816922067	0.0005262617871055932	0.0006962004021916078	0.0005692908262849707	0.0008655436130632492	0.0006310288527221543	0.0004658689682228325	0.0005466496305175389	0.000545509213521756	0.0007521864402457992	0.0007541577909792144	0.0005256636503585778	0.00045143006595894854	0.0004528453054310957	0.0004278030522899713	0.6693852716462182	0.0005428957435991105	1.0790184198974822	0.614962671014974	0.0005472641662460704	0.6875688421227446	0.6053412864185631	0.0004644355185096483	0.6484867175375674	0.18195477049647263	1.2155449024212155	0.0011367218945624417	0.7944430530683537	0.805024659852598	1.0049939777447845	0.0005181984761182764
I993S	missense	100	90	50	110	75	13	14	75	28	124	35	23	11	45	59	85	107	0.00031717120964702927	0.0002678069553292113	0.0001968579920484811	0.0003673903042057915	0.00019669602441101187	0.0002277163305139883	0.0001937784208350558	0.0002328067611984647	0.00011851052700405388	0.0004116337579198335	0.00015463253296679695	0.0003059741451847319	0.00015877006125878198	0.0001727180565463898	0.00021496669807568978	0.00037446823333725217	0.0002035362539529379	0.6197994620278948	0.00025718781899862394	0.6033535307970893	0.6329829984369036	0.00022939589477228724	0.828047506745958	0.6576135101938022	0.00024142231047806742	1.0766340674990462	-0.07008876447663494	0.6420436377399286	-0.284916117799766	0.32511086738486816	0.8360117016806979	0.48357725256239836	0.00024266867474965952
I993R	missense	213	65	54	111	158	11	13	105	64	128	96	16	9	112	108	101	174	0.0006720261273709333	0.00019423361595305433	0.00021229783456208748	0.00037070012676620405	0.0004115087879125117	0.0001951854261548471	0.0001808598594460521	0.00032470416693470075	0.0002656270432849483	0.00042480603817326816	0.0004166487693827585	0.00021673168617251842	0.0001323083843823183	0.0004242856606465663	0.0003905228348375031	0.00044413674186511305	0.0003298041152015197	0.7101981466901688	0.0002971850912984644	1.4705266322485253	0.6629781612643049	0.000357946504443919	1.0618767996599916	0.606917323133874	0.00039718733813767554	0.6613955990499318	-0.0331051982234649	0.7261962505846906	-0.21433504351405883	0.44091454162140886	1.0645996769861494	0.5835553961030497	0.0003507729779600196
I993I	silent	52	7	9	27	201	20	21	16	8	86	102	10	68	14	10	37	107	0.0001664363773395302	2.3543468600370222e-05	3.8599606284015906e-05	9.267503169155101e-05	0.0005227973280397947	0.00034157449577098246	0.00028420835055808184	5.20751965838671e-05	3.677912907022362e-05	0.00028649709551220413	0.00044242085821055797	0.00014023814987633546	0.0009129278522379963	5.63211053955619e-05	3.941056131387646e-05	0.00016546270775366956	0.0002035362539529379	0.9112680150958039	0.00016940385865393297	3.399342101689899	0.8421684873576107	0.0002044430698442132	2.458766941198291	0.7776953350500106	0.00011618265710401147	2.0601911342844437	-0.07984860176579121	0.6198360495587362	0.8135702834432454	2.127417826441394	2.639433392390878	1.373626938000065	0.0001633431952007192
I993K	missense	53	46	40	46	33	5	7	87	51	32	27	8	8	70	57	33	43	0.00016957668634593644	0.00013831787802717505	0.0001582583857644652	0.0001555616603393892	8.799558986808426e-05	9.759271307742355e-05	0.00010334849111202976	0.0002695657234929591	0.00021250163462795867	0.00010867131209083605	0.0001202697478630643	0.00011474030444427445	0.00011907754594408647	0.000266586565538993	0.00020780114147316678	0.00014804558062170436	8.292217753638211e-05	0.589438517070383	0.00013503337849977843	0.31210820018013385	0.5280042691124736	0.00017775210451870455	0.009678818761343227	0.5167657913248246	0.00017633886629256156	-0.07701070264056722	0.024886748754221824	0.8581514500568059	0.01611387786421517	0.8190163499252244	0.08159210543363662	0.8385838999910151	0.0001630414497703482
I993G	missense	188	163	102	109	92	35	25	85	84	128	74	45	19	120	145	110	180	0.0005935184022107775	0.00048264110630758954	0.0003975759447253638	0.000364080481645379	0.000240693819345054	0.0005855562784645413	0.00033588259611409674	0.00026343922977721003	0.0003473584412187786	0.00042480603817326816	0.0003221511103474937	0.0005864504449374028	0.0002646167687646366	0.0004543235835241993	0.0005230856319841785	0.0004833252779120348	0.00034111168486557187	0.5610823446098734	0.0003712478380058466	0.0400941757533614	0.64834582383913	0.0003394387048791876	0.9478094370823625	0.5986800472606847	0.0004504615445714961	0.5939263470974592	-0.24138114065054747	0.2522840099975102	-0.3456139581533777	0.2255227978873967	0.527276653311061	0.23890340394245346	0.0003870493624855101
I993T	missense	79	30	19	25	28	8	11	50	17	26	31	14	0	35	52	22	75	0.00025122472051249844	9.12309408264346e-05	7.719921256803181e-05	8.605538657072594e-05	7.505506194630717e-05	0.00014638906961613534	0.00015502273666804465	0.0001562255897516013	7.355825814044724e-05	8.891289171068403e-05	0.00013745114041493063	0.00019123384074045744	1.323083843823183e-05	0.00013517065294934856	0.0001898872499668593	0.0001001484810088	0.00014322921574466	0.6099519822415	8.238515047787488e-05	0.5088889971619882	0.613773181835738	0.0001140369700044158	0.6782960998705984	0.610582561900982	0.00014210889991741695	0.6914165576351435	0.024886748754221824	0.8581514500568059	-1.159977381191466	-1.110618334931181	0.62620055155591	-0.12623344243718748	0.0001128436734665692
I993F	missense	38	109	60	52	18	15	5	83	53	54	20	12	1	47	68	22	51	0.00012247205124984298	0.0003237226932550905	0.000235457598332497	0.00017542059570186443	4.917400610275297e-05	0.0002602472348731295	7.751136833402232e-05	0.00025731273606146096	0.0002206747744213417	0.00018111885348472674	9.020231089729822e-05	0.00016573599530839644	2.646167687646366e-05	0.00018022753726579807	0.00024721170278704324	0.0001001484810088	9.799893708845157e-05	0.48406618859290157	0.00019594372334805123	-0.6987035083569365	0.5347689619490464	0.0001873271687162069	0.06241343306760308	0.5463240449623261	0.00015639666453752323	0.16509279038855895	-0.5260207201263593	-0.3953864760760374	-0.7967994787786404	-0.5147456321343955	-0.1570657616335915	-0.45506605410521644	0.00017988918553392711
I993D	missense	57	17	22	29	14	3	2	8	6	18	10	1	2	12	29	18	33	0.00018213792237156137	5.2972804350832996e-05	8.877909445323657e-05	9.929467681237608e-05	3.882158376533129e-05	6.506180871828237e-05	3.875568416701116e-05	2.756922172087082e-05	2.860598927684059e-05	6.256833120381469e-05	4.7248829517632405e-05	2.549784543206099e-05	3.9692515314695496e-05	4.881162467615364e-05	0.00010748334903784489	8.273135387683478e-05	6.407622809629526e-05	0.6107352121317069	6.996703984544423e-05	0.516402335387844	0.6950342162971553	4.1498092929789625e-05	1.3117719152516745	0.6336776796766499	7.577563892178214e-05	0.8805822896158126	-0.22499072446237806	0.28957885437259306	0.19220513691989644	1.1079325361119206	0.9029188467517771	0.6987556952422568	6.2413590565672e-05
I993_	nonsense	43	53	67	37	90	17	4	63	62	53	50	14	2	58	49	25	78	0.00013817359628187414	0.000158918413052499	0.00026247732273130815	0.00012577325729567639	0.00023551760817634316	0.00029277813923227067	6.45928069450186e-05	0.00019604779890397027	0.0002574539034915653	0.00017782578342136806	0.0002190627550362957	0.00019123384074045744	3.9692515314695496e-05	0.00022152968122254345	0.0001791389150630748	0.00011321132635777392	0.00014888300057668604	0.6398676238654354	0.00019567165031395665	0.7958626387128155	0.623444353667764	0.00021259756021329982	0.7536883650883388	0.5714613173320554	0.00016569073080501955	0.37098524670792415	-0.6563544886213655	-0.6919486595517589	-0.6828561264718036	-0.32779666620412845	0.6401787501696928	-0.5098726628779436	0.000191319980444092
I993P	missense	50	49	48	46	51	10	2	64	48	60	61	26	5	49	40	47	85	0.00016015575932671776	0.0001471466787523139	0.00018913807079167793	0.0001555616603393892	0.00013458149038648182	0.0001789199739752765	3.875568416701116e-05	0.0001991110457618448	0.00020024192493788413	0.00020087727386487874	0.0002663115845539281	0.0003442209133328234	7.938503062939099e-05	0.0001877370179852063	0.00014689391035172135	0.0002090055255835826	0.00016207516518474684	0.6107780968250534	0.0001566069750674657	0.516813718060866	0.6541729952478123	0.00021663545727963393	0.9932355405518299	0.6223654353338451	0.00017642790477631428	0.7879268200816694	-0.6643234182926407	-0.7100812065544829	-0.6370986359111285	-0.2527215049885242	0.765992026231455	-0.48140135577150356	0.0001832234457078046
I993H	missense	28	7	3	19	60	4	6	8	1	29	39	2	14	9	6	19	82	9.106896118578068e-05	2.3543468600370222e-05	1.543984251360636e-05	6.619645120825072e-05	0.00015787444064568057	8.132726089785297e-05	9.042992972302605e-05	2.756922172087082e-05	8.173139793383025e-06	9.879210190076005e-05	0.0001718139255186633	3.824676814809149e-05	0.00019846257657347746	3.754740359704126e-05	2.5079448108830473e-05	8.708563565982608e-05	0.0001564213803527208	0.8406159831848097	6.576355074197697e-05	2.721593947886601	0.8385448938226904	7.658709723341929e-05	2.4305189760529156	0.795933438751004	7.653346692960465e-05	2.209574405244532	0.0460760478241599	0.9063656992959943	0.715083882200234	1.9658293660545776	2.453895776394683	1.4360975326752858	7.29613716350003e-05
I993Y	missense	43	4	2	18	23	2	5	18	12	12	24	1	4	22	25	13	23	0.00013817359628187414	1.4714667875231389e-05	1.157988188520477e-05	6.288662864783819e-05	6.211453402453006e-05	4.8796356538711774e-05	7.751136833402232e-05	5.8201690299616175e-05	5.312540865698967e-05	4.2809910823662684e-05	0.00010738370344916456	2.549784543206099e-05	6.615419219115915e-05	8.63590282731949e-05	9.31522358327989e-05	6.095994496187826e-05	4.5230278656208424e-05	0.7848742803901931	3.78239281082011e-05	2.1868770383078875	0.6905925776971465	6.538017830735827e-05	1.27714682522646	0.556931339874518	7.142537193102012e-05	0.25197421380843094	0.20097800780990308	1.2588304826633299	0.41405388653625275	1.471923883514221	1.238666025780926	1.3653771830887753	5.82098261155265e-05
I993A	missense	71	183	71	51	89	20	17	93	64	52	38	24	7	84	79	58	71	0.0002261022484612486	0.000541499777808515	0.0002779171652449145	0.00017211077314145188	0.00023292950259198774	0.00034157449577098246	0.00023253410500206697	0.0002879452046402063	0.0002656270432849483	0.0001745327133580094	0.0001675185773806967	0.0003187230679007624	0.00010584670750585465	0.00031915293057485075	0.0002866222641009197	0.00025690262519648696	0.00013569083596862527	0.5196964824570371	0.0003061143046967173	-0.35691056578016245	0.5618632310093781	0.00022390588466596518	0.2736286150906315	0.5523682723148856	0.00024959216396022065	0.21459938751919144	-0.16699877748469139	0.4215340538447082	-0.4787361438158789	0.007106765287587384	0.04377247894322017	0.21432040956614778	0.0002598707844409677
I993N	missense	42	43	14	25	52	7	21	18	24	29	30	15	0	24	21	27	43	0.0001350332872754679	0.0001294890773020362	5.7899409426023855e-05	8.605538657072594e-05	0.00013716959597083722	0.00013012361743656474	0.00028420835055808184	5.8201690299616175e-05	0.00010216424741728782	9.879210190076005e-05	0.00013315579227696404	0.00020398276345648793	1.323083843823183e-05	9.386850899260315e-05	7.882112262775292e-05	0.00012191988992375652	8.292217753638211e-05	0.6405856836729482	0.0001026533673174058	0.8027508158210869	0.6955717407878083	9.807845797365702e-05	1.3159622232788917	0.6283969905548094	9.438292477012368e-05	0.8373296232818157	0.3392807059761845	1.5735252131417752	-1.1880061047917096	-1.156605580236201	0.9853475541272646	0.2084598164527871	9.837158335372885e-05
I993E	missense	50	58	44	48	18	6	14	49	38	42	29	4	8	57	35	61	44	0.00016015575932671776	0.0001736330809277304	0.00017369822827807157	0.0001621813054602143	4.917400610275297e-05	0.00011385816525699414	0.0001937784208350558	0.00015316234289372677	0.00015937622597096901	0.00014160201272442273	0.00012886044413899745	6.374461358015247e-05	0.00011907754594408647	0.00021777494086283933	0.00012898001884541387	0.0002699654705454609	8.480677248039078e-05	0.5388841586265383	0.00013967165519219231	-0.17284774765714547	0.6055575150152	0.000145750256432029	0.6142503210722665	0.5790432907587021	0.00017538180068352622	0.4330870972826232	0.23094123118734625	1.3270089681885588	0.27138638296752127	1.2378466712499765	0.2914965568992481	1.2824278197192678	0.00015360123743591585
D994E	missense	54	22	20	198	1843	114	161	16	21	175	692	332	217	21	15	53	477	0.00017271699535234268	6.768747222606438e-05	8.10591731964334e-05	0.0006586546895220947	0.004772466697551393	0.001870527000650618	0.002092806945018603	5.20751965838671e-05	8.990453772721329e-05	0.0005795803311511256	0.0029766762596108417	0.004245391264438155	0.0028843227795345393	8.260428791349079e-05	5.732445282018394e-05	0.00023513121628153044	0.0009008363832361511	0.9541281511215611	0.0013949670081239963	3.8104892021697503	0.9381046182642838	0.0009245590812682619	3.2066434499506564	0.8829072223953861	0.00031897408506283907	2.921952649253817	0.048765186334941146	0.9124845800560215	-0.16787386203749985	0.5171442615400496	3.3130284337914078	0.7148144207980356	0.0008795000581516991
D994D	silent	39	22	16	26	52	5	16	13	14	40	34	2	21	28	34	22	89	0.00012561236025624922	6.768747222606438e-05	6.561933068282704e-05	8.936520913113848e-05	0.00013716959597083722	9.759271307742355e-05	0.00021961554361306325	4.2885456010243496e-05	6.129854845037269e-05	0.00013501587259770538	0.0001503371848288304	3.824676814809149e-05	0.00029107844564110026	0.00010888747043141967	0.00012539724054415238	0.0001001484810088	0.00016961354496078157	0.705657796553233	8.996040200271677e-05	1.4269721322618105	0.7520971845028942	9.738426547178799e-05	1.7566100907902582	0.6639173891402974	0.0001260116842362884	1.128267399132784	0.35224568314055216	1.6030257944644513	0.8814153039667589	2.2387324066569483	1.4372832073949509	1.9208791005606998	0.00010445211723693106
D994H	missense	27	22	9	18	29	2	14	8	6	3	23	2	9	16	8	14	47	8.792865217937445e-05	6.768747222606438e-05	3.8599606284015906e-05	6.288662864783819e-05	7.764316753066258e-05	4.8796356538711774e-05	0.0001937784208350558	2.756922172087082e-05	2.860598927684059e-05	1.3172280253434671e-05	0.00010308835531119797	3.824676814809149e-05	0.0001323083843823183	6.383058611497015e-05	3.2245004711353466e-05	6.531422674486956e-05	9.046055731241685e-05	0.6524262590158925	6.170421867214527e-05	0.9163346415312793	0.7780451005087592	4.310896164058602e-05	1.9588888010995573	0.6810646056602352	6.29625937209025e-05	1.2687155144414861	0.5989180164819407	2.1643053970071806	0.5389926231445527	1.6769131798678811	1.381312985690774	1.920609288437531	5.5925258011211264e-05
D994A	missense	68	139	94	106	34	39	5	152	82	81	27	71	8	120	132	63	69	0.0002166813214420299	0.00041201070050647887	0.0003666962596981511	0.0003541510139641414	9.058369545243968e-05	0.0006506180871828237	7.751136833402232e-05	0.00046867676925480396	0.0003391853014253956	0.00027003174519541075	0.0001202697478630643	0.0009179224355541956	0.00011907754594408647	0.0004543235835241993	0.000476509514067779	0.0002786740341114435	0.0001319216460806079	0.5251968907517918	0.0003058604174053028	-0.30414645601428053	0.5087413924389443	0.00029954089093466865	-0.14048622144796896	0.5164365309975963	0.00033535719444600747	-0.07970758305561086	-0.9239607287983969	-1.300861390419888	-0.8869761091277284	-0.6627000976958445	-0.17478008683928678	-0.9817807440578663	0.00031358616759532626
D994L	missense	134	552	447	738	93	59	27	211	105	151	55	118	23	132	184	117	131	0.0004239417158648411	0.0016274422670005916	0.0017292623615239124	0.0024459588721448644	0.0002432819249294094	0.0009759271307742355	0.0003617197188921042	0.0006494083338694015	0.00043317640904930036	0.0005005466496305175	0.0002405394957261286	0.001517121803207629	0.00031754012251756396	0.0004993804678406488	0.0006628139857333768	0.0005138052503929739	0.00024876653260914633	0.5539651106292379	0.0015114863563996945	-0.0281797586274439	0.5455423877944819	0.00045591772206883703	0.14639839298249538	0.5664961071690074	0.00048119155914403647	0.3303165814058411	-0.4310452068955026	-0.17927866375916016	-0.6792218418167095	-0.32183382814108413	0.14951173858696418	-0.25055624595012216	0.000816198545870856
D994S	missense	149	64	47	114	282	16	31	50	33	125	194	17	37	55	85	91	378	0.00047104635096093455	0.00019129068237800804	0.00018527811016327633	0.0003806295944474417	0.0007324338803725836	0.0002765126870527001	0.00041339396444811904	0.0001562255897516013	0.00013894337648751146	0.0004149268279831922	0.0008375928869034836	0.0002294806088885489	0.0005027718606528096	0.00021026546014343107	0.0003081189339084887	0.0004005939240352	0.0007142614837792914	0.7776199718983017	0.0003724080668403274	2.117288180712216	0.8123830773627951	0.0003869221702814471	2.2265727904840995	0.7477975722855246	0.0004083099504666028	1.8153068157516774	0.17464906908755387	1.1989214687043148	0.34062496937771936	1.3514477007949297	2.053055928982664	1.2751845847496224	0.00038921339586279243
D994C	missense	96	19	35	31	26	3	8	47	31	35	31	5	8	41	48	48	78	0.0003046099736214043	5.8858671500925554e-05	0.00013895858262245726	0.00010591432193320116	6.987885077759632e-05	6.506180871828237e-05	0.00011626705250103349	0.0001470358491779777	0.0001307702366941284	0.00011855052228091205	0.00013745114041493063	7.649353629618297e-05	0.00011907754594408647	0.00015769909510757332	0.00017555613676181332	0.00021335980736657392	0.00014888300057668604	0.6250054458934986	9.340260670854507e-05	0.6532932969751895	0.6154052908532429	0.0001334519371419872	0.6910193146008465	0.6270408732954801	0.00017387450995316164	0.8262220413026101	0.2521305302572843	1.3752232174277472	0.19220513691989638	1.1079325361119206	0.7235115509595488	1.241577876769834	0.00013357635126789798
D994T	missense	59	63	80	138	300	15	11	92	100	128	266	15	7	94	107	92	435	0.00018841854038437382	0.00018834774880296178	0.0003126568109005288	0.00046006533589734255	0.0007790197808909813	0.0002602472348731295	0.00015502273666804465	0.0002848819577823318	0.0004127435595658428	0.00042480603817326816	0.0011468579528370775	0.00020398276345648793	0.00010584670750585465	0.00035670033417189203	0.00038694005653624157	0.0004049482058181913	0.0008216833955877863	0.762882593580652	0.0004350224191229536	1.9759160124033024	0.7681059398879271	0.00056732237708963	1.8814074114001123	0.7146422764969065	0.0004925679980285278	1.543740943786421	-0.22499072446237806	0.28957885437259306	-0.284916117799766	0.32511086738486816	1.8003547891966118	0.3073448608787306	0.0004983042647470371
D994W	missense	73	99	85	98	26	16	5	120	75	44	34	32	14	49	76	42	66	0.00023238286647406104	0.0002942933575046278	0.00033195661404253677	0.0003276724334808411	6.987885077759632e-05	0.0002765126870527001	7.751136833402232e-05	0.0003706528698028188	0.000310579312148555	0.00014818815285114005	0.0001503371848288304	0.0004207144496290064	0.00019846257657347746	0.0001877370179852063	0.0002758739291971352	0.00018723411666862608	0.00012626786124858184	0.5422779266360563	0.0002559503139514005	-0.1402921375681787	0.5199563798028849	0.00024493937990783605	-0.053059039257298164	0.5810798575857871	0.00019427823127488736	0.4497680537650777	-0.5523496588487085	-0.4552954900350524	-0.3263088029579911	0.25719712313615717	0.08547229231320029	-0.0990491834494476	0.00023172264171137465
D994G	missense	90	82	45	49	88	19	11	92	48	71	50	13	8	82	61	66	107	0.00028576811958296695	0.00024426348672884103	0.00017755818890647314	0.00016549112802062682	0.00023034139700763232	0.00032530904359141186	0.00015502273666804465	0.0002848819577823318	0.00020024192493788413	0.0002371010445618241	0.0002190627550362957	0.00017848491802442692	0.00011907754594408647	0.0003116434498554425	0.00022213225467821276	0.00029173687946041743	0.0002035362539529379	0.6167701563194773	0.0002044135501658933	0.5742941209591356	0.6036730332778518	0.00023532192057958395	0.5995597179677218	0.5940591746557095	0.00025726220948675267	0.5560780556446876	-0.3219007374704345	0.06906927047737274	-0.17577164837469797	0.5041862173980678	0.5766439648571816	0.2866277439377203	0.00023233256007740996
D994Q	missense	29	9	5	64	396	14	11	12	10	47	195	35	22	8	19	33	211	9.420927019218691e-05	2.9429335750462777e-05	2.315976377040954e-05	0.00021513846642681487	0.0010274779169891016	0.00024398178269355888	0.00015502273666804465	3.982220915236896e-05	4.4952268863606643e-05	0.00015806736304121606	0.0008418882350414501	0.0004589612177770978	0.0003043092840793321	3.379266323733714e-05	7.165556602522992e-05	0.00014804558062170436	0.00039953412812984105	0.9324921786877404	0.0003238013707341972	3.602940459746686	0.9153156770698495	0.00027118251902466046	3.0289907385312613	0.8496485833444969	0.00016325698450352812	2.6495403211655533	-0.19696200086213458	0.3533555683194792	-0.1784607868854792	0.499774098097944	3.0938238398144997	0.4265648332087116	0.00025274695808746194
D994V	missense	95	18	21	25	50	1	3	13	12	38	50	9	1	31	24	40	128	0.00030146966461499814	5.591573792587927e-05	8.491913382483498e-05	8.605538657072594e-05	0.0001319933848021264	3.2530904359141185e-05	5.167424555601488e-05	4.2885456010243496e-05	5.312540865698967e-05	0.00012842973247098805	0.0002190627550362957	0.00012748922716030494	2.646167687646366e-05	0.00012015169151053205	8.95694575315374e-05	0.00017852555310264348	0.00024311274777712025	0.704889818667376	8.972091078089165e-05	1.419605102889505	0.7951893057661005	0.00011087583804362923	2.092537596939233	0.715645523803349	0.00015783986248045829	1.5519582654266153	0.200978007809903	1.2588304826633299	-0.6828561264718036	-0.32779666620412845	1.6880336550851176	0.4655169082296007	0.00011947887043499304
D994_	nonsense	38	136	65	103	24	8	6	67	50	27	12	8	0	60	46	19	33	0.00012247205124984298	0.00040318189978134005	0.00025475740147450494	0.00034422154628290376	6.470263960888549e-05	0.00014638906961613534	9.042992972302605e-05	0.0002083007863354684	0.00020841506473126716	9.22059617740427e-05	5.5839525793565566e-05	0.00011474030444427445	1.323083843823183e-05	0.0002290391619419517	0.00016839058015929032	8.708563565982608e-05	6.407622809629526e-05	0.5165074835178014	0.00026671587178690856	-0.3875018748350882	0.49804529246594126	0.00014119033465858597	-0.22386838236560708	0.49371068115963684	0.00013714790146434084	-0.26584874333190056	-0.20919645727914618	0.3255172179781666	-0.9381286315751097	-0.7466269875288806	-0.29240633351086526	-0.210554884775357	0.00018168470263661178
D994Y	missense	38	15	19	15	9	3	6	25	34	16	6	2	0	35	19	20	27	0.00012247205124984298	4.7086937200740445e-05	7.719921256803181e-05	5.295716096660058e-05	2.5881055843554195e-05	6.506180871828237e-05	9.042992972302605e-05	7.964441830473792e-05	0.00014302994638420297	5.5982191077097355e-05	3.0067436965766077e-05	3.824676814809149e-05	1.323083843823183e-05	0.00013517065294934856	7.165556602522992e-05	9.14399174428174e-05	5.2768658432243156e-05	0.5709323263668795	5.078109164473176e-05	0.13458271019801962	0.5295349953053181	7.718099818295108e-05	0.02161169691831252	0.5440174181197829	8.775869871240976e-05	0.14619984689659474	0.14298606083221632	1.1268752831912145	-0.4610073768554473	0.036194681198171916	0.10079808467097562	0.5815349821946932	7.190692951336421e-05
D994M	missense	56	111	47	45	42	9	4	67	34	39	28	22	3	59	35	30	95	0.00017899761336515513	0.0003296085604051831	0.00018527811016327633	0.00015225183777897667	0.00011128854012728304	0.00016265452179570593	6.45928069450186e-05	0.0002083007863354684	0.00014302994638420297	0.00013172280253434673	0.0001245650960010309	0.0002932252224687014	5.292335375292732e-05	0.0002252844215822476	0.00012898001884541387	0.00013498273527273044	0.0001809211146248337	0.5145229914983576	0.0001946067621186798	-0.40653863522309547	0.5709952753771432	0.00015190465781376224	0.34481807619345417	0.6012956547109886	0.0001675420725813064	0.615350065422555	-0.4010819835180594	-0.11110017823393115	-0.7435539668254153	-0.42738473570159996	0.1845431687976379	-0.26924245696776555	0.00017135116417124946
D994P	missense	47	36	10	20	31	4	8	12	4	13	16	3	0	14	16	31	64	0.00015073483230749907	0.00010888854227671227	4.245956691241749e-05	6.950627376866327e-05	8.281937869937342e-05	8.132726089785297e-05	0.00011626705250103349	3.982220915236896e-05	2.0432849483457566e-05	4.610298088702135e-05	7.30209183454319e-05	5.099569086412198e-05	1.323083843823183e-05	5.63211053955619e-05	6.090723112144544e-05	0.00013933701705572175	0.00012249867136056446	0.6039408938409006	7.591844041429161e-05	0.4512260544884206	0.7122916341968166	4.484473946706995e-05	1.4463032677974077	0.7163310369791829	9.476600623332338e-05	1.5575731145453164	0.15522051724922792	1.1547136335325272	-0.5859461134637473	-0.16879461515548824	1.1517008122770482	0.4929595091885195	7.184306203822831e-05
D994R	missense	102	54	44	80	347	15	30	42	54	78	191	31	40	28	35	46	298	0.00032345182765984175	0.00016186134662754526	0.00017369822827807157	0.0002680956273934154	0.000900660743355686	0.0002602472348731295	0.00040047540305911534	0.00013171961488860502	0.0002247613443180332	0.0002601525350053348	0.0008247068424895838	0.00040796552691297586	0.0005424643759675051	0.00010888747043141967	0.00012898001884541387	0.00020465124380059132	0.0005634938882585965	0.8170138183051406	0.00037607898641367954	2.4951839885366915	0.8083668998614894	0.0003603350841753892	2.1952644108379755	0.8038608870191177	0.00025150315533400535	2.274505944842765	0.18718972332426975	1.2274565432717093	0.12374775626404465	0.9956132452993908	2.3216514480724775	1.11153489428555	0.00032930574197435804
D994K	missense	37	125	48	53	42	16	7	80	40	62	26	10	0	86	79	34	34	0.00011933174224343676	0.000370809630455831	0.00018913807079167793	0.00017873041826227696	0.00011128854012728304	0.0002765126870527001	0.00010334849111202976	0.0002481229954878374	0.00016754936576435204	0.0002074634139915961	0.00011597439972509772	0.00014023814987633546	1.323083843823183e-05	0.000326662411294259	0.0002866222641009197	0.00015239986240469565	6.596082304030395e-05	0.5089703130455829	0.00021249166490926725	-0.45980416019444087	0.5647025384145224	0.0001847775437422208	0.295762625388585	0.4872719476345722	0.00020791134021004457	-0.318586631578591	-0.4274109222404085	-0.17100919219294586	-1.02527880729401	-0.889615892993196	-0.1608760554614823	-0.5303125425930709	0.00020172684962051085
D994N	missense	41	74	32	49	49	14	21	39	16	52	92	11	4	22	33	54	109	0.00013189297826906167	0.00022072001812847083	0.00012737870073725247	0.00016549112802062682	0.00012940527921777097	0.00024398178269355888	0.00028420835055808184	0.0001225298743149814	6.947168824375573e-05	0.0001745327133580094	0.00039946737683089215	0.00015298707259236595	6.615419219115915e-05	8.63590282731949e-05	0.00012181446224289088	0.00023948549806452176	0.00020730544384095528	0.5791536592046936	0.00016074878152603025	0.2134480025600343	0.7777205472248362	0.00019150041318690967	1.956358724322534	0.716705415351401	0.0001637411081053907	1.5606395444075178	0.0662794339124468	0.952336596640031	-0.3640973638473909	0.19519673224681222	1.2434820904300288	0.5737666644434216	0.00017199676760611018
D994F	missense	49	98	48	51	16	11	8	84	28	37	27	14	9	56	47	24	58	0.00015701545032031152	0.0002913504239295815	0.00018913807079167793	0.00017211077314145188	4.399779493404213e-05	0.0001951854261548471	0.00011626705250103349	0.0002603759829193355	0.00011851052700405388	0.00012513666240762937	0.0001202697478630643	0.00019123384074045744	0.0001323083843823183	0.00021402020050313521	0.0001719733584605518	0.00010885704457478262	0.00011119110169651236	0.48878689611660003	0.00017414926569918836	-0.6534188828154862	0.542167775657974	0.00015607323004852077	0.12009137893895373	0.5483543650759243	0.0001515104263087455	0.18172258176587375	-0.22499072446237806	0.28957885437259306	-0.15997738119146615	0.5301001637385282	-0.11720164070355292	0.40983950905556066	0.00016057764068548488
D994I	missense	37	49	44	73	3	11	4	46	76	48	19	13	5	63	61	28	28	0.00011933174224343676	0.0001471466787523139	0.00017369822827807157	0.00024492686947052766	1.0352422337421678e-05	0.0001951854261548471	6.45928069450186e-05	0.00014397260232010316	0.0003146658820452465	0.00016136043310457473	8.590696275933165e-05	0.00017848491802442692	7.938503062939099e-05	0.0002403033830210641	0.00022213225467821276	0.00012627417170674784	5.4653253376251844e-05	0.5514147104183281	0.0001440310497095837	-0.052645141825215444	0.5670067220015536	0.00017647647005731402	0.31372504226226217	0.4981648369190684	0.0001608407656955691	-0.22936598352209858	-0.4802632295656842	-0.2912696269452348	-0.3518629074303792	0.21527003121137167	0.010571305638316042	-0.037999797866931556	0.00016044942848748896
R995K	missense	55	57	48	75	134	10	22	78	29	73	74	8	1	60	46	43	153	0.0001758573043587489	0.0001706901473526841	0.00018913807079167793	0.00025154651459135277	0.0003493942538879816	0.0001789199739752765	0.0002971269119470856	0.0002419965017720883	0.00012259709690074538	0.00024368718468854142	0.0003221511103474937	0.00011474030444427445	2.646167687646366e-05	0.0002290391619419517	0.00016839058015929032	0.0001915883984516174	0.0002902276213773374	0.7028700150268263	0.0002401922466559241	1.4002296065109685	0.6735733985419387	0.00023260797342721721	1.1444726787069388	0.6543949663380492	0.0002198114404825492	1.0502718635778843	0.22028316300528977	1.3027575404258076	-0.6370986359111285	-0.2527215049885242	1.1983247162652637	0.5250180177186416	0.00023087055352189685
R995C	missense	121	290	214	175	219	28	64	195	140	155	130	70	66	134	125	88	265	0.0003831176987815601	0.0008563936703384668	0.000829891535106342	0.0005825287706326064	0.0005693832285581922	0.0004716981132075472	0.0008397064902852418	0.0006003963841434089	0.0005762063554335034	0.0005137189298839522	0.0005626906060736223	0.0009051735128381652	0.0008864661753615326	0.0005068899485600571	0.00045143006595894854	0.0003875310786862261	0.00050130225510631	0.5761840611355235	0.0007095493011589019	0.18496135391766533	0.6152572235365843	0.0005632530688836218	0.6898650459556924	0.619541461073894	0.00046178833707788544	0.7647964267592744	0.25046337088982135	1.3714297537082067	-0.009069668154033709	0.7776972401109836	0.5465409422108775	1.0745634969095952	0.0005781969023734697
R995G	missense	202	312	195	192	327	46	47	298	180	204	132	32	50	192	247	93	249	0.0006374827283004647	0.0009211382089894848	0.0007565522831667117	0.0006387957541596195	0.0008488986316685775	0.0007644762524398178	0.0006200909466721786	0.0009159108105044861	0.0007396691513011639	0.0006750793629885269	0.0005712813023495554	0.0004207144496290064	0.0006747727603498234	0.0007246648894228964	0.000888529018712851	0.00040930248760118263	0.00047114873600217106	0.6117916827707063	0.0007913462194960984	0.5265368071894653	0.5776834602290511	0.0007254851567859331	0.3969562674011155	0.5628532767356311	0.0006234112829347753	0.3004791632941613	-0.09090860841420839	0.594670048768724	0.20517011408426403	1.129204413980329	0.40799074596158064	0.8619372313745265	0.0007134142197389356
R995H	missense	48	153	127	66	68	32	16	101	59	70	56	51	41	56	42	42	133	0.00015387514131390528	0.00045321177055712675	0.0004940749604354036	0.00022175811154763993	0.00017857928532052393	0.0005367599219258296	0.00021961554361306325	0.0003124511795032026	0.00024519419380149076	0.00023380797449846542	0.00024483484386409517	0.0006629439812335857	0.0005556952144057369	0.00021402020050313521	0.00015405946695424435	0.00018723411666862608	0.0002525357224971637	0.5233197278515473	0.00033690603196517355	-0.32215363366532734	0.5991583436992959	0.0002590720479168135	0.5643651541657304	0.6480118998769532	0.00020196237665579233	0.9979899288796938	-0.38811700635369173	-0.08159959691125525	-0.07664017537268351	0.6668330589528497	0.413400483126699	0.2926167310207972	0.0002659801521792598
R995S	missense	187	254	215	239	433	59	42	168	98	212	247	88	48	111	142	156	363	0.0005903780932043713	0.0007504480616368008	0.0008337514957347435	0.0007943574144990087	0.001123237823610252	0.0009759271307742355	0.0005554981397271599	0.0005176887189807965	0.0004045704197724598	0.0007014239234953963	0.0010652463382157123	0.0011346541217267141	0.0006483110834733597	0.00042053092028686214	0.000512337297080394	0.0006836222399296348	0.0006859925596191611	0.663515078256337	0.0008754486988702013	1.022707049582297	0.715162573675825	0.0006722323501160913	1.4686838680374659	0.677534038999245	0.000575620754229013	1.2397976178877657	-0.2447347826581353	0.24465311427608202	-0.24308004875218397	0.39375207978285925	1.243729511835843	0.3192025970294706	0.0007077672677384353
R995W	missense	83	97	80	107	147	17	14	89	65	77	78	12	12	72	63	64	150	0.00026378595653812334	0.0002884074903545352	0.0003126568109005288	0.00035746083652455393	0.00038303962648460205	0.00029277813923227067	0.0001937784208350558	0.0002756922172087082	0.00026971361318163983	0.0002568594649419761	0.00033933250289936	0.00016573599530839644	0.0001720008996970138	0.00027409604625840123	0.00022929781128073576	0.0002830283158944348	0.0002845738365453113	0.6556265901924702	0.000335391191066055	0.9470346580462629	0.6444975311256856	0.00028539944955792104	0.9178098145002543	0.6349397984073849	0.00026774900249472075	0.8909199556050088	-0.17923323390170298	0.39369570350339567	0.01611387786421517	0.8190163499252244	0.9185881427171753	0.60635602671431	0.0002961798810395656
R995_	nonsense	84	839	719	657	57	169	59	706	496	288	31	210	31	388	377	132	75	0.0002669262655445296	0.0024720642030388734	0.002779171652449145	0.002177863244751449	0.00015011012389261433	0.0027651268705270004	0.0007751136833402232	0.0021657155285172967	0.002031025238655682	0.0009516972483106551	0.00013745114041493063	0.0026900226930824346	0.0004233868300234186	0.0014605939999249053	0.0013542901978768455	0.0005791194771378435	0.00014322921574466	0.5001985460923364	0.0018948023060330204	-0.5439496362317764	0.4555838208256405	0.001321472288974641	-0.5548796173061528	0.45794621744692077	0.0008843082226710635	-0.5587855892413766	-0.5523496588487085	-0.4552954900350524	-0.8030185991135715	-0.52494945791337	-0.5525382809264352	-0.49012247397421116	0.0013668609392262418
R995L	missense	229	117	96	176	672	32	71	125	99	253	430	43	113	91	73	159	655	0.000722271071473433	0.0003472661618554608	0.0003744161809549543	0.0005858385931930189	0.0017417950582711973	0.0005367599219258296	0.0009301364200082679	0.00038596910409219147	0.0004086569896691513	0.0008364397960931017	0.0018512950474635968	0.0005609525995053418	0.0015083155819584288	0.0003454361130927796	0.0002651255942933507	0.0006966850852786087	0.0012362942832696967	0.8051637281007159	0.0007623289985686578	2.381508889021236	0.7981497941829234	0.0008705902343295103	2.115616281898179	0.7775498266415664	0.0006358852689836089	2.058999315093043	0.23876656869930282	1.3448147847914083	0.4295660527145003	1.4973749815173105	2.185374828670819	1.4210948831543595	0.0007562681672939257
R995R	silent	209	144	81	88	244	12	42	103	77	151	151	18	29	89	96	115	253	0.0006594648913453083	0.00042672536838171026	0.0003165167715289304	0.0002945742078767157	0.0006340858681670778	0.0002114508783344177	0.0005554981397271599	0.0003185776732189517	0.00031875245194193803	0.0005005466496305175	0.0006528929169709205	0.00024222953160457942	0.00039692515314695493	0.0003379266323733714	0.00034752949522236514	0.0005050966868269913	0.0004786871157782058	0.6698694703835659	0.0004179755539886086	1.083663223329671	0.7076976756415395	0.00044769242294058194	1.4104907573990473	0.668421606993709	0.00041730998255023343	1.1651602037297228	0.41947311541867155	1.755995468679228	0.21448153163104863	1.1444818289981762	1.2197713948194806	1.450238648838702	0.00042765931982647465
R995F	missense	106	268	212	148	121	51	14	214	106	117	91	59	13	112	107	82	200	0.00033601306368546665	0.0007916491316874487	0.0008221716138495387	0.000493163561501468	0.00031574888129136115	0.0008458035133376708	0.0001937784208350558	0.0006585980744430251	0.00043726297894599187	0.00038858226747632283	0.00039517202869292553	0.0007649353629618298	0.00018523173813524564	0.0004242856606465663	0.00038694005653624157	0.00036140538798827825	0.0003788035837457455	0.5343632755353379	0.0006056832970824542	-0.21621550489987515	0.5692067462820828	0.0004699038373895663	0.33087547831323477	0.6119491042381943	0.00038785867222920794	0.7026095285484019	-0.6399640724331961	-0.6546538151766761	-0.6159093368411904	-0.21795583003063196	0.2724231673205872	-0.436304822603654	0.0004878152689004095
R995I	missense	98	123	95	74	208	22	18	100	44	92	153	17	5	67	56	49	273	0.0003108905916342168	0.0003649237633057384	0.00037055622032655265	0.00024823669203094024	0.0005409140671302826	0.0003741054001301236	0.0002454526663910707	0.0003093879326453281	0.00018389564535111809	0.00030625551589235614	0.0006614836132468536	0.0002294806088885489	7.938503062939099e-05	0.0002553223444598806	0.0002042183631719053	0.00021771408914956524	0.0005163790146583795	0.6582581663703995	0.0003811576856983785	0.9722787430066387	0.7258409132340384	0.000365255676783914	1.5519275764567453	0.7084286161444521	0.00029840845285993267	1.4928465677425944	-0.183026222918842	0.38506511514696923	-0.4610073768554472	0.036194681198172096	1.3390176290686595	0.21062989817257066	0.0003482739384474084
R995V	missense	178	98	52	251	713	32	175	86	34	320	382	31	107	84	93	159	545	0.0005621153121467152	0.0002913504239295815	0.0002045779133052843	0.0008340752852239591	0.0018479073872297695	0.0005367599219258296	0.0022736668044646548	0.0002665024766350846	0.00014302994638420297	0.0010570754903381325	0.001645118336841201	0.00040796552691297586	0.0014289305513290377	0.00031915293057485075	0.00033678116031858065	0.0006966850852786087	0.0010289888394287416	0.8334375650255585	0.0007944777524221486	2.6527330882189055	0.8278573819857205	0.0007779315625496552	2.3472037645226718	0.7556581328253196	0.0005954020039001954	1.879690496438306	0.6269467400821842	2.228082110954067	0.5443876550312589	1.685764908485313	2.293209116393294	1.95692350971969	0.0007226037729573331
R995N	missense	91	68	47	111	199	17	36	81	77	142	181	23	57	55	91	74	220	0.0002889084285893732	0.00020306241667819314	0.00018527811016327633	0.00037070012676620405	0.0005176211168710839	0.00029277813923227067	0.00047798677139313764	0.0002511862423457119	0.00031875245194193803	0.0004709090190602895	0.000781753361109918	0.0003059741451847319	0.0007673886294174461	0.00021026546014343107	0.0003296156037160577	0.00032657113372434784	0.0004164954826259192	0.7355518062115798	0.0003191654426196893	1.7137382635069291	0.7445995346876503	0.0004556502686144644	1.6981616614583805	0.684983505850673	0.000320736920052439	1.3008141436965568	0.21287723110961074	1.2859060417005237	0.39933062971554634	1.447767163687823	1.5709046895539556	1.3668366026941734	0.0003651842104288642
R995A	missense	97	76	64	99	215	18	25	68	31	84	90	14	4	74	52	50	167	0.00030775028262781056	0.00022660588527856338	0.00025089744084610336	0.00033098225604125364	0.0005590308062207706	0.00030904359141184127	0.00033588259611409674	0.00021136403319334295	0.0001307702366941284	0.0002799109553854868	0.000390876680554959	0.00019123384074045744	6.615419219115915e-05	0.00028160552697780946	0.0001898872499668593	0.00022206837093255652	0.00031661195059345894	0.7234777574853026	0.0003418790970966727	1.5979147831083136	0.7098632378295403	0.0002532304764569793	1.4273725419086154	0.6419773368569648	0.0002525432746176711	0.9485624896283446	0.036167759163910844	0.8838203240373653	-0.46100737685544735	0.036194681198171826	1.3246166048817578	0.46000750261776857	0.000282550949390441
R995M	missense	80	74	87	132	379	20	33	116	65	158	193	23	44	89	109	61	270	0.0002543650295189047	0.00022072001812847083	0.0003396765352993399	0.0004402064005348673	0.0009834801220550593	0.00034157449577098246	0.0004392310872261265	0.00035839988237132067	0.00026971361318163983	0.0005235981400740282	0.000833297538765517	0.0003059741451847319	0.0005953877297204324	0.0003379266323733714	0.0003941056131387646	0.0002699654705454609	0.0005107252298263534	0.7754983716338308	0.0004960207690044344	2.096936173509293	0.7307033840025381	0.0004962522935981265	1.589833291726768	0.6575783094351806	0.0003781807364709876	1.0763457478058707	0.10920763445425766	1.0500156634879358	0.2891151499279528	1.266934587160561	1.5877050710139773	1.1584751253242485	0.00045681793302451614
R995E	missense	61	85	61	55	55	18	27	63	49	50	79	17	6	47	56	35	81	0.0001946991583971863	0.0002530922874539799	0.0002393175589608986	0.00018535006338310202	0.00014493391272390349	0.00030904359141184127	0.0003617197188921042	0.00019604779890397027	0.00020432849483457564	0.00016794657323129206	0.0003436278510373266	0.0002294806088885489	9.261586906762282e-05	0.00018022753726579807	0.0002042183631719053	0.00015675414418768696	0.0001545367854087121	0.567499474074093	0.00020567345563047098	0.10165217386685627	0.6806990398128062	0.00022798767950179112	1.2000210906130053	0.602625075103942	0.0001739342075085256	0.6262389807416197	0.06835244253531211	0.9570535320180218	-0.39406058722483406	0.14603551737166853	0.6426374150738271	0.5515445246948452	0.0002025317808802626
R995Y	missense	119	36	28	98	243	12	20	42	23	91	110	8	19	36	56	72	177	0.00037683708076874763	0.00010888854227671227	0.00011193885822364612	0.0003276724334808411	0.0006314977625827223	0.0002114508783344177	0.00027128978916907815	0.00013171961488860502	9.807767752059631e-05	0.00030296244582899746	0.0004767836433142906	0.00011474030444427445	0.0002646167687646366	0.00013892539330905267	0.0002042183631719053	0.0003178625701583652	0.0003354579000335458	0.8139369564574582	0.00029499939914098047	2.465668383955048	0.7785442750957432	0.00025238584538812234	1.9627801498942534	0.7132171316761688	0.0002491160566682173	1.5320679761136895	0.10822395457300438	1.0477773928018796	0.36290136408887147	1.3879969936811851	1.9868388366543304	1.2178871932415323	0.00026550043373244
R995Q	missense	66	57	45	39	46	12	9	44	36	32	42	25	6	20	38	43	137	0.00021040070342921743	0.0001706901473526841	0.00017755818890647314	0.00013239290241650144	0.0001216409624647047	0.0002114508783344177	0.0001291856138900372	0.0001378461086043541	0.000151203086177586	0.00010867131209083605	0.00018469996993256303	0.00033147199061679287	9.261586906762282e-05	7.884954755378666e-05	0.00013972835374919835	0.0001915883984516174	0.00026007410227319843	0.5850866419450501	0.00015057055028509084	0.2703616961943388	0.6460393121897913	0.0001456051192013348	0.9298288716436525	0.7360671833305774	0.00016756010050695023	1.7192264391701655	-0.21399534016091495	0.31459781311406076	-0.553761430092346	-0.11598860977420286	0.9731390023360523	0.09930460166992895	0.00015457858999779196
R995D	missense	48	3	5	12	20	6	1	28	12	29	29	1	0	22	34	26	64	0.00015387514131390528	1.1771734300185111e-05	2.315976377040954e-05	4.302769328536297e-05	5.435021727146381e-05	0.00011385816525699414	2.583712277800744e-05	8.883415887836153e-05	5.312540865698967e-05	9.879210190076005e-05	0.00012886044413899745	2.549784543206099e-05	1.323083843823183e-05	8.63590282731949e-05	0.00012539724054415238	0.00011756560814076522	0.00012249867136056446	0.7644490572893	3.3077352156855355e-05	1.990942726537632	0.681053881534918	9.240302839377717e-05	1.202787282930588	0.6528283317439382	0.00011295513707966924	1.0374399922438713	-0.6441200322043538	-0.664110309210446	-0.284916117799766	0.32511086738486816	1.410390000570697	-0.16949972091278892	7.947850587676726e-05
R995T	missense	77	41	34	52	86	10	7	33	32	58	79	18	15	43	32	22	109	0.00024494410249968596	0.00012360321015194366	0.00013509862199405565	0.00017542059570186443	0.0002251651858389215	0.0001789199739752765	0.00010334849111202976	0.0001041503931677342	0.00013485680659081992	0.00019429113373816141	0.0003436278510373266	0.00024222953160457942	0.0002116934150117093	0.00016520857582698158	0.00011823168394162938	0.0001001484810088	0.00020730544384095528	0.69041301049921	0.0001648219034216963	1.280732522107972	0.7501513200740301	0.00019423154613351054	1.741440974818925	0.6478906045967813	0.00014772354615459154	0.9969964327355134	-0.23835468602035959	0.259170421736254	-0.05851974043268904	0.6965635917628397	1.3397233098874703	0.47786700674954685	0.0001689256652365995
R995P	missense	54	52	38	46	42	14	19	38	16	34	26	24	2	40	33	42	58	0.00017271699535234268	0.0001559754794774527	0.00015053846450766202	0.0001555616603393892	0.00011128854012728304	0.00024398178269355888	0.0002583712277800744	0.00011946662745710689	6.947168824375573e-05	0.00011525745221755339	0.00011597439972509772	0.0003187230679007624	3.9692515314695496e-05	0.0001539443547478692	0.00012181446224289088	0.00018723411666862608	0.00011119110169651236	0.5968683092875124	0.00014334103611294673	0.38338043145361306	0.6355043990199845	0.00010504254191087844	0.8477032532037243	0.6113196943708596	0.00014354600883897462	0.6974542061366821	0.024886748754221824	0.8581514500568059	-0.90470487608816	-0.6917880136064289	0.6428459635980065	0.0831817182251885	0.00013064319562093327
L996Y	missense	85	95	73	119	192	23	34	132	92	152	121	42	100	75	60	65	172	0.0002700665745509358	0.00028252162320444263	0.00028563708650171767	0.00039717870724950433	0.000499504377780596	0.0003903708523096942	0.00045214964861513024	0.00040741183209731325	0.0003800510003923107	0.0005038397196938762	0.000524032472831923	0.0005482036767893113	0.0013363146822614148	0.00028536026733751364	0.00021854947637695127	0.0002873825976774261	0.00032603492531350236	0.690065890324826	0.0003662104486840651	1.2774026807577188	0.657614547382333	0.0004538337562538558	1.0200643898157065	0.6463519687690978	0.00027933181667634836	0.9843938915654457	0.06380481478459148	0.9467058344799107	0.38696679606727125	1.4274815931066231	1.0939536540462904	1.187093713793267	0.00036645867387142313
L996A	missense	133	144	119	133	73	27	16	67	64	105	48	48	35	81	68	75	144	0.00042080140685843485	0.00042672536838171026	0.00046319527540819084	0.00044351622309527985	0.00019151981324230102	0.0004554326610279766	0.00021961554361306325	0.0002083007863354684	0.0002656270432849483	0.0003490654267160188	0.00021047205876036253	0.0006246972130854942	0.0004763101837763459	0.0003078887094957384	0.00024721170278704324	0.00033092541550733913	0.0002732662668812592	0.5655478425073601	0.0003812391700318705	0.08293063599341276	0.6358799249708404	0.0002583663287741995	0.8506306908064071	0.6228269480987819	0.000289823023667845	0.7917069436924554	-0.3167610978180235	0.08076403519719912	-0.1177797013970112	0.5993346775782314	0.5750894234974251	0.3400493563877153	0.000309809507491305
L996F	missense	133	159	100	133	156	32	8	131	101	106	69	35	8	59	108	85	165	0.00042080140685843485	0.00047086937200740444	0.00038985602346856065	0.00044351622309527985	0.00040633257674380086	0.0005367599219258296	0.00011626705250103349	0.0004043485852394387	0.0004168301294625343	0.0003523584967793775	0.0003006743696576608	0.0004589612177770978	0.00011907754594408647	0.0002252844215822476	0.0003905228348375031	0.00037446823333725217	0.0003128427607054416	0.6147731572717373	0.0004276435488287614	0.5551373836206005	0.5931614325046227	0.0003685528952847528	0.5176158328705751	0.6486567571459662	0.0003257795626156111	1.003271776692759	-0.6643234182926407	-0.7100812065544829	-0.5859461134637473	-0.16879461515548824	0.6920083310613115	-0.43943791085498557	0.00037399200224304176
L996S	missense	223	380	349	209	93	64	22	276	205	193	78	115	16	244	193	140	230	0.0007034292174349956	0.0011212576920926318	0.0013509862199405566	0.0006950627376866326	0.0002432819249294094	0.0010572543916720885	0.0002971269119470856	0.0008485193796312463	0.0008418333987184516	0.0006388555922915816	0.00033933250289936	0.0014788750350595375	0.00022492425344994112	0.000919911388127511	0.0006950589904447303	0.000613953731401774	0.0004353414320660061	0.5044251083157274	0.0008526471436623075	-0.5034052291374878	0.5439379834040897	0.0006671352183851599	0.13389115152118647	0.5529907021743286	0.0006660663855100053	0.21969753861380062	-0.5512375084793408	-0.4527648968840868	-0.8178951899844294	-0.5493577557523275	-0.04993884633416689	-0.5010613263182071	0.0007286162491858243
L996D	missense	89	119	67	63	108	25	25	74	64	76	51	49	30	80	63	72	144	0.0002826278105765607	0.0003531520290055533	0.00026247732273130815	0.0002118286438664023	0.0002821035086947407	0.0004229017566688354	0.00033588259611409674	0.00022974351434059016	0.0002656270432849483	0.0002535663948786174	0.00022335810317426226	0.0006374461358015248	0.00041015599158518673	0.0003041339691360342	0.00022929781128073576	0.0003178625701583652	0.0002732662668812592	0.59528170151277	0.0002773903760745011	0.36816048007986796	0.6209867015517818	0.00024307376391960456	0.7345295740587462	0.6245511193634197	0.0002811401543640986	0.8058291543909807	-0.10005198785407812	0.5738651522146996	-0.19149443263753102	0.47838955440744463	0.636173069509865	0.5261273533110721	0.00026720143145273476
L996G	missense	191	441	346	210	154	68	28	295	224	230	120	105	24	264	222	122	297	0.0006029393292299963	0.0013007766401704546	0.0013394063380553517	0.0006983725602470452	0.00040115636557509	0.001122316200390371	0.0003746382802811079	0.0009067210699308625	0.0009194782267555905	0.0007606991846358523	0.0005197371246939565	0.0013513858078992324	0.00033077096095579576	0.0009950061953215934	0.0007989595611813137	0.0005355766593079305	0.0005616092933145879	0.5133639071909781	0.0009349279760119853	-0.4176574555624514	0.5718987095205709	0.0007766589015040654	0.35186085733012135	0.5573983240416246	0.0007227879272813564	0.2557991521634613	-0.4765030806923774	-0.28271376323517594	-0.6112519787285174	-0.21031441642023993	0.06333418464371042	-0.24651408982770795	0.0008114582682658024
L996L	silent	254	212	184	289	502	41	99	289	183	277	256	40	62	159	179	227	489	0.0008007787966335888	0.0006268448514848571	0.0007140927162542942	0.0009598485425196356	0.001301817108930776	0.0006831489915419649	0.001291856138900372	0.0008883415887836154	0.0007519288609912384	0.0009154734776137097	0.0011039044714574117	0.0005227058313572503	0.0008335428216086053	0.0006007584575526602	0.0006449000942270693	0.0009927762465220173	0.0009234515225642553	0.7037858272355728	0.0009006508047973906	1.4090147754143962	0.6526745596960679	0.0009149120997114938	0.9815543862417906	0.6770241405678252	0.0007904715802165006	1.2356211806445254	0.27669872174802135	1.4311258173193615	0.20267057059806134	1.125103366744287	1.2087301141002376	1.2781145920318242	0.0008686781615751283
L996K	missense	68	27	11	76	237	32	28	27	19	108	139	41	142	37	25	37	138	0.0002166813214420299	8.240214010129577e-05	4.631952754081908e-05	0.0002548563371517653	0.0006159691290765898	0.0005367599219258296	0.0003746382802811079	8.577091202048699e-05	8.173139793383026e-05	0.0003589446369060948	0.0006013487393153216	0.0005354547540732808	0.0018920098966671518	0.00014268013366875682	9.31522358327989e-05	0.00016546270775366956	0.0002619586972172071	0.851257186283334	0.0002498867834676175	2.8236724806506186	0.827158372213857	0.00028194892154393336	2.341754587212472	0.7060674170132635	0.0001658134436181081	1.4735066377044808	-0.15616792983300953	0.4461786249759322	0.5482006249313766	1.6920209187353068	2.212977901855857	1.0690997718556194	0.00023254971620988632
L996R	missense	168	176	134	168	102	34	14	211	124	161	72	41	10	150	181	115	240	0.000530712222082653	0.0005208992427831911	0.0005210946848342147	0.0005593600127097187	0.0002665748751886082	0.0005692908262849707	0.0001937784208350558	0.0006494083338694015	0.0005108212370864391	0.0005334773502641043	0.0003135604140715605	0.0005354547540732808	0.00014553922282055013	0.000566965794315323	0.0006520656508295923	0.0005050966868269913	0.0004541873815060929	0.5765032526341111	0.00046698220387893317	0.18802328211740899	0.5636673844522541	0.0005018168338228764	0.28769301361660754	0.5971514055569804	0.0005445788783695	0.5814056650370261	-0.4680287731486726	-0.2634312766039222	-0.5657427273754603	-0.13564654586466954	0.3523739869236809	-0.19953891123429585	0.0005044593053571032
L996V	missense	254	247	209	236	212	24	34	276	156	192	154	33	36	233	221	165	395	0.0008007787966335888	0.0007298475266114768	0.0008105917319643339	0.0007844279468177711	0.0005512664894677043	0.0004066363044892648	0.00045214964861513024	0.0008485193796312463	0.0006415914737805676	0.0006355625222282229	0.0006657789613848203	0.00043346337234503684	0.0004895410222145777	0.0008786092441707656	0.0007953767828800522	0.0007228107759765565	0.000746299597827439	0.6005788953073606	0.0007190334237153215	0.41897520143345707	0.6001809211042116	0.0006978630842562143	0.5723367245458346	0.606328326988086	0.0007857741002137034	0.6565712942711459	0.0460760478241599	0.9063656992959943	0.05283668488895501	0.8792681387337931	0.5492944067501458	0.8928169190148937	0.0007342235360617465
L996E	missense	78	151	75	132	74	27	12	79	72	79	56	42	10	84	65	65	80	0.0002480844115060922	0.0004473259034070342	0.0002933570077585209	0.0004402064005348673	0.00019410791882665645	0.0004554326610279766	0.00016794129805704837	0.0002450597486299628	0.00029831960245848047	0.00026344560506869345	0.00024483484386409517	0.0005482036767893113	0.00014553922282055013	0.00031915293057485075	0.00023646336788325876	0.0002873825976774261	0.00015265219046470342	0.5692903822495446	0.0003437493076317697	0.11883193043879339	0.6207746897230131	0.000262914950005308	0.7328768217034526	0.5686822049695127	0.0002489127716500597	0.3482223047985832	-0.4332666668894605	-0.18433338621458717	-0.5759618925571462	-0.15241331921922313	0.39997701898027643	-0.16837335271690515	0.00028519234309571246
L996C	missense	103	141	105	122	130	38	9	145	91	99	48	70	12	74	88	64	127	0.00032659213666624793	0.00041789656765657145	0.0004091558266105686	0.000407108174930742	0.00033904183155055996	0.0006343526350032531	0.0001291856138900372	0.0004472340412496822	0.0003759644304956192	0.0003293070063358668	0.00021047205876036253	0.0009051735128381652	0.0001720008996970138	0.00028160552697780946	0.0003188672688122732	0.0002830283158944348	0.00024122815283311158	0.6060409121639131	0.0003933006001871105	0.47137103125522994	0.5555799847055991	0.0003407443842103827	0.2246471493499222	0.6075545710972439	0.00028118231612940726	0.6666151211417849	-0.6911165948805774	-0.7710465499410937	-0.7212011185480234	-0.3907100040349257	0.45421110058231234	-0.5808782769880096	0.0003384091001756335
L996I	missense	114	132	82	109	46	12	11	111	100	65	21	23	2	120	79	58	82	0.0003611355357367165	0.00039141016548115495	0.000320376732157332	0.000364080481645379	0.0001216409624647047	0.0002114508783344177	0.00015502273666804465	0.00034308364808194797	0.0004127435595658428	0.0002173426241816721	9.449765903526481e-05	0.0003059741451847319	3.9692515314695496e-05	0.0004543235835241993	0.0002866222641009197	0.00025690262519648696	0.0001564213803527208	0.545083661124712	0.00029937708543714263	-0.1133773933164613	0.5148113281315287	0.00026691687271618194	-0.09316763280760058	0.5249988774419411	0.0002885674632935817	-0.009575767823085555	-0.13481409411329007	0.4947672618253647	-0.8869761091277284	-0.6627000976958445	-0.07204026464904915	-0.0839664179352399	0.0002849538071489687
L996H	missense	42	70	45	39	20	5	4	37	21	45	39	6	1	42	38	38	121	0.0001350332872754679	0.00020894828382828572	0.00017755818890647314	0.00013239290241650144	5.435021727146381e-05	9.759271307742355e-05	6.45928069450186e-05	0.00011640338059923235	8.990453772721329e-05	0.00015148122291449873	0.0001718139255186633	8.924245901221346e-05	2.646167687646366e-05	0.00016145383546727743	0.00013972835374919835	0.00016981698953666088	0.00022992058316905948	0.5140187858639762	0.00014331239810568103	-0.411375360064494	0.6787686463324861	0.0001324007666899019	1.184972579453174	0.666996404525499	0.00017522994048054904	1.1534867638824648	-0.17923323390170298	0.39369570350339567	-0.5279541664860604	-0.07364615497532452	0.6423613277570482	0.16002477426403558	0.00015031436842537733
L996_	nonsense	113	233	234	248	72	41	17	298	170	163	34	75	10	213	238	100	95	0.00035799522673031026	0.000688646456560829	0.0009070907476743737	0.0008241458175427215	0.00018893170765794563	0.0006831489915419649	0.00023253410500206697	0.0009159108105044861	0.0006988034523342487	0.0005400634903908215	0.0001503371848288304	0.0009689181264183177	0.00014553922282055013	0.0008035144369766831	0.0008562840140014976	0.00043978246008212176	0.0001809211146248337	0.5491950204920064	0.0006522036823589675	-0.07393809984623194	0.49184715811618884	0.0005762787345145968	-0.27218635219055565	0.4997928364430715	0.000570125506421284	-0.21603148899327285	-0.4680287731486726	-0.2634312766039222	-0.8233070292583512	-0.5582370605608782	-0.18738531367668684	-0.4108341685824002	0.0005995359744316161
L996T	missense	100	26	15	62	164	6	10	50	44	52	67	1	6	32	36	52	116	0.00031717120964702927	7.94592065262495e-05	6.175937005442545e-05	0.00020851882130598978	0.0004270374214186442	0.00011385816525699414	0.00014210417527904092	0.0001562255897516013	0.00018389564535111809	0.0001745327133580094	0.0002920836733817276	2.549784543206099e-05	9.261586906762282e-05	0.00012390643187023618	0.00013256279714667535	0.00023077693449853913	0.00022049760844901605	0.816415527763977	0.00019419370482632724	2.4894447295409634	0.6867008721478461	0.0002016844054606141	1.246808774986198	0.6935254470716281	0.00017693594299111667	1.3707788253792026	0.09624265728989004	1.0205150821652602	0.5601819222144908	1.7116788548257738	1.702344109968788	1.3660969684955169	0.00019093801775935267
L996P	missense	38	5	4	28	39	2	6	21	9	31	42	1	1	12	21	40	62	0.00012247205124984298	1.7657601450277664e-05	1.9299803142007953e-05	9.598485425196355e-05	0.00010352422337421678	4.8796356538711774e-05	9.042992972302605e-05	6.739143087323978e-05	4.086569896691513e-05	0.00010537824202747737	0.00018469996993256303	2.549784543206099e-05	2.646167687646366e-05	4.881162467615364e-05	7.882112262775292e-05	0.00017852555310264348	0.0001187294814725471	0.8017084037373925	5.911662055461649e-05	2.3483627834572207	0.7556807721217144	9.958383545004883e-05	1.7845461871477255	0.716041097809247	0.00010622194546977429	1.5551983028711114	0.2679247974405163	1.4111615810333211	0.01611387786421517	0.8190163499252244	1.8960357578253524	1.1150889654792728	8.830746715814655e-05
L996Q	missense	82	112	90	135	38	7	5	154	124	96	42	29	9	70	80	59	72	0.0002606456475317171	0.0003325514939802294	0.0003512564171845447	0.0004501358682161049	0.00010093611778986136	0.00013012361743656474	7.751136833402232e-05	0.000474803262970553	0.0005108212370864391	0.0003194277961457908	0.00018469996993256303	0.0003824676814809149	0.0001323083843823183	0.000266586565538993	0.0002902050424021812	0.00026125690697947825	0.00013757543091263394	0.5646736193834542	0.0003087199742926851	0.07454442129847193	0.5359161180528992	0.00037243806653383644	0.07135616500639631	0.5705877046201667	0.0002389059864583216	0.3638297262331098	-0.22499072446237806	0.28957885437259306	-0.46100737685544735	0.036194681198171826	0.16991010417932598	0.16288676778538244	0.00030668800909494767
L996N	missense	89	103	96	122	80	38	14	109	44	71	50	98	14	80	92	56	69	0.0002826278105765607	0.0003060650918048129	0.0003744161809549543	0.000407108174930742	0.00020963655233278896	0.0006343526350032531	0.0001937784208350558	0.0003369571543661989	0.00018389564535111809	0.0002371010445618241	0.0002190627550362957	0.001262143348887019	0.00019846257657347746	0.0003041339691360342	0.00033319838201731914	0.00024819406163050433	0.0001319216460806079	0.6002747762884344	0.0003243065000058245	0.416057859949586	0.5865567177940557	0.0002442541498288592	0.466128338718352	0.551084520444149	0.0002543620147161164	0.2040845304542368	-0.5150253358248962	-0.3703675173345697	-0.8034300576776535	-0.5256245455908953	0.36209024304072496	-0.4479960314627325	0.0002743075548502667
L996M	missense	85	75	27	110	202	12	34	65	39	87	72	2	33	50	38	90	151	0.0002700665745509358	0.0002236629517035171	0.00010807889759524453	0.0003673903042057915	0.0005253854336241501	0.0002114508783344177	0.00045214964861513024	0.00020217429261971934	0.00016346279586766053	0.0002897901655755628	0.0003135604140715605	3.824676814809149e-05	0.00044984850689988224	0.00019149175834491045	0.00013972835374919835	0.0003962396422522087	0.00028645843148932	0.7438711849275028	0.00030612939678217584	1.7935440866800045	0.6844029404613005	0.0002422469170336258	1.2288950952198434	0.6917474106268773	0.0002534795464589094	1.3562154198652479	0.33007270418936074	1.5525732745392065	1.070471540186808	2.548920470712053	1.4595515339216985	2.0507468726256297	0.00026728528675823703
L996W	missense	97	63	43	33	38	6	8	70	48	60	20	7	6	37	65	29	86	0.00030775028262781056	0.00018834774880296178	0.00016983826764966996	0.00011253396705402623	0.00010093611778986136	0.00011385816525699414	0.00011626705250103349	0.00021749052690909202	0.00020024192493788413	0.00020087727386487874	9.020231089729822e-05	0.00010199138172824396	9.261586906762282e-05	0.00014268013366875682	0.00023646336788325876	0.00013062845348973912	0.00016395976012875552	0.5551286225865892	0.00014291402532412982	-0.017018464894004853	0.5577696766881725	0.00017720300915228827	0.24171703928287228	0.6172083163691324	0.00016843292879262754	0.7456862827807913	0.009092481570989868	0.8222130864512321	-0.04187806911347157	0.7238678897450609	0.3234616190565529	0.7730404880981465	0.00016284998775634857
I997L	missense	160	210	164	158	205	32	35	162	141	188	140	46	29	134	172	103	342	0.0005055897500314031	0.0006209589843347645	0.0006368935036862624	0.0005262617871055932	0.0005331497503772164	0.0005367599219258296	0.00046506821000413394	0.0004993092378335493	0.0005802929253301949	0.0006223902419747883	0.0006056440874532881	0.0005991993676534333	0.00039692515314695493	0.0005068899485600571	0.0006198206461182389	0.0004528453054310957	0.0006464160657949786	0.604822140769437	0.0005793160063759592	0.45967964687218676	0.6445601574740568	0.0005769091231479552	0.9182980223770272	0.6391288286011388	0.0005564929914760925	0.9252311451208056	-0.06226342696467836	0.659849454342778	-0.17886272535183986	0.499114630220859	0.7677362714566732	0.5794820422818185	0.0005709060403333357
I997M	missense	66	70	46	74	187	12	16	85	41	65	66	6	18	63	52	67	173	0.00021040070342921743	0.00020894828382828572	0.00018141814953487475	0.00024823669203094024	0.0004865638498588188	0.0002114508783344177	0.00021961554361306325	0.00026343922977721003	0.00017163593566104355	0.0002173426241816721	0.000287788325243761	8.924245901221346e-05	0.0002513859303264048	0.0002403033830210641	0.0001898872499668593	0.0002960911612434087	0.00032791952025751104	0.7249479699874583	0.0002812917438132299	1.6120181822899504	0.6407882900678511	0.00023505152871592164	0.8888941783761247	0.6687597067459592	0.00026355032862221075	1.167929485434113	0.016453581217359063	0.8389625736264861	0.44976943880278736	1.5305230508081293	1.222947282033396	1.1847428122173076	0.00025996453371712074
I997Y	missense	74	132	81	52	33	9	9	109	89	54	31	21	3	91	68	46	77	0.00023552317548046728	0.00039141016548115495	0.0003165167715289304	0.00017542059570186443	8.799558986808426e-05	0.00016265452179570593	0.0001291856138900372	0.0003369571543661989	0.00036779129070223617	0.00018111885348472674	0.00013745114041493063	0.0002804762997526709	5.292335375292732e-05	0.0003454361130927796	0.00024721170278704324	0.00020465124380059132	0.00014699840563267737	0.48970539114518036	0.00024283578064500854	-0.6446079782588835	0.5290877148828795	0.0002558296097420231	0.018124892545390084	0.5405624148113031	0.00023607436632827288	0.11790086889645693	-0.10005198785407819	0.5738651522146992	-0.7242488116300287	-0.39571041045283956	-0.16952740560567883	0.08907737088092985	0.00024491325223843487
I997V	missense	150	100	55	86	160	9	24	119	89	156	140	17	12	115	138	119	432	0.0004741866599673408	0.000297236291079674	0.00021615779519048906	0.00028795456275589065	0.0004166849990812225	0.00016265452179570593	0.000322964034725093	0.00036758962294494425	0.00036779129070223617	0.0005170119999473109	0.0006056440874532881	0.0002294806088885489	0.0001720008996970138	0.00043554988172567866	0.000498006183875348	0.0005225138139589565	0.0008160296107557602	0.6691431659378265	0.00030450841202681907	1.0766959573659811	0.6830844260826904	0.00046450925026194484	1.2186165284182078	0.6891447932926908	0.0005680248725789358	1.3348980999940476	0.2978880208179594	1.4793400665585499	-0.1252152749322541	0.5871349945307395	1.2100701952594122	1.0332375305446446	0.0004456808449558999
I997G	missense	125	222	122	165	87	37	36	159	96	97	63	55	27	124	113	46	115	0.000395678934807185	0.0006562741872353199	0.00047477515729339563	0.0005494305450284811	0.0002277532914232769	0.0006180871828236825	0.00047798677139313764	0.0004901194972599256	0.00039639727997907675	0.00032272086620914947	0.00027490228082986126	0.0007139396720977077	0.0003704634762704913	0.00046934254496301583	0.0004084367263438106	0.00020465124380059132	0.00021861301350500738	0.5456787650632623	0.0004770582952451183	-0.10766870264240302	0.5644154106283096	0.0003710349810695033	0.29352430157576026	0.5331531424685692	0.00032526088215310627	0.05721356520866017	-0.11163386040389335	0.5475116948431179	-0.284916117799766	0.32511086738486816	0.0810230547140058	0.43631128111399303	0.00039111805282257594
I997_	nonsense	78	149	160	217	78	27	20	193	185	131	55	33	15	181	235	104	90	0.0002480844115060922	0.00044144003625694165	0.000621453661172656	0.0007215413181699329	0.00020446034116407814	0.0004554326610279766	0.00027128978916907815	0.0005942698904276599	0.0007601020007846214	0.0004346852483633442	0.0002405394957261286	0.00043346337234503684	0.0002116934150117093	0.000683362745466151	0.0008455356790977131	0.00045719958721408696	0.00017149813990479027	0.5866086244680999	0.0004972238391909022	0.28496171288483363	0.5396007689158568	0.0005073991588254385	0.10008010662585647	0.5135374177260184	0.0005393990379206853	-0.10345341927259305	-0.22499072446237806	0.28957885437259306	-0.31124505652211515	0.28191249057276874	0.09386280007936569	0.2857456724726809	0.0005146740119790087
I997H	missense	39	167	136	160	53	31	25	129	68	129	44	30	12	67	97	57	63	0.00012561236025624922	0.0004944128406077746	0.0005288146060910178	0.0005328814322264183	0.00013975770155519264	0.000520494469746259	0.00033588259611409674	0.0003982220915236896	0.0002819733228717144	0.00042809910823662684	0.0001932906662084962	0.00039521660419694534	0.0001720008996970138	0.0002553223444598806	0.00035111227352362665	0.0002525483434134957	0.00012061407641655579	0.5468763283605352	0.0004239666451201008	-0.09618076249636705	0.5799906054364596	0.00032539629721013176	0.4149417717840257	0.5608551635473887	0.0002448992594533897	0.28411316994848895	-0.19022861820316614	0.3686767447619278	-0.3613044636632207	0.19977909524391826	0.20095805974538253	0.284227920002923	0.00033142073392787406
I997K	missense	65	14	30	17	86	1	9	28	19	66	43	1	17	28	18	34	77	0.00020726039442281122	4.414400362569416e-05	0.0001196587794804493	5.957680608742565e-05	0.0002251651858389215	3.2530904359141185e-05	0.0001291856138900372	8.883415887836153e-05	8.173139793383026e-05	0.00022063569424503074	0.00018899531807052962	2.549784543206099e-05	0.00023815509188817295	0.00010888747043141967	6.807278772396843e-05	0.00015239986240469565	0.00014699840563267737	0.7595968117708185	0.00011213619375812265	1.9443962882682548	0.7196635582808308	0.00014504914228193804	1.5037715938038356	0.6771298216997043	0.00011908963154819027	1.236486785611888	0.5989180164819407	2.1643053970071806	0.97035638730354	2.3846596873793295	1.5615515558946595	2.274482542193255	0.00012542498919608364
I997T	missense	118	101	78	71	57	12	15	86	100	60	45	14	12	108	93	56	145	0.0003736967717623414	0.0003001792246547203	0.0003049368896437256	0.0002383072243497026	0.00015011012389261433	0.0002114508783344177	0.00020669698222405952	0.0002665024766350846	0.0004127435595658428	0.00020087727386487874	0.00019758601434646277	0.00019123384074045744	0.0001720008996970138	0.0004092666992077498	0.00033678116031858065	0.00024819406163050433	0.0002751508618252679	0.559974891754195	0.00024838336563519066	0.02947064366152062	0.5764461294102747	0.0002694273311030672	0.3873105724562317	0.5766565501418126	0.00031734819574552565	0.41353796398841824	-0.009875357504990129	0.7790535596674711	-0.046034028884629305	0.7170491296687953	0.2767730600353902	0.7480513446681332	0.0002783862974945945
I997P	missense	46	78	38	16	20	6	7	33	22	12	5	9	2	48	18	22	12	0.00014759452330109283	0.00023249175242865593	0.00015053846450766202	5.6266983527013114e-05	5.435021727146381e-05	0.00011385816525699414	0.00010334849111202976	0.0001041503931677342	9.39911076239048e-05	4.2809910823662684e-05	2.5772088827799493e-05	0.00012748922716030494	3.9692515314695496e-05	0.0001839822776255022	6.807278772396843e-05	0.0001001484810088	2.4499734272112893e-05	0.46580335886868157	0.0001234118544336987	-0.873894494292162	0.4908179213003372	6.668087511077529e-05	-0.2802098364528858	0.4768821179270168	9.417582015759588e-05	-0.4036868575603304	-0.042060040876391376	0.7058203516868148	-0.5067648674161224	-0.03888048001743229	-0.5192637294351261	0.33346993583469126	9.475618323402328e-05
I997W	missense	65	26	15	49	69	11	10	69	48	54	48	4	8	33	29	46	125	0.00020726039442281122	7.94592065262495e-05	6.175937005442545e-05	0.00016549112802062682	0.00018116739090487936	0.0001951854261548471	0.00014210417527904092	0.00021442728005121748	0.00020024192493788413	0.00018111885348472674	0.00021047205876036253	6.374461358015247e-05	0.00011907754594408647	0.0001276611722299403	0.00010748334903784489	0.00020465124380059132	0.0002374589629450942	0.729753921343114	0.00012196927387654527	1.6581205316557481	0.620195605198725	0.00020156502930854773	0.7283625296614019	0.7037298429350581	0.00016931368200336766	1.4543602139512914	-0.13784054874347793	0.48788085008662097	0.27138638296752127	1.2378466712499765	1.2802810917561471	0.8628637606682987	0.0001642826617294869
I997S	missense	159	88	63	80	129	10	31	115	106	131	91	11	21	152	158	128	307	0.0005024494410249969	0.0002619210881791187	0.0002470374802177018	0.0002680956273934154	0.00033645372596620454	0.0001789199739752765	0.00041339396444811904	0.0003553366355134461	0.00043726297894599187	0.0004346852483633442	0.00039517202869292553	0.00015298707259236595	0.00029107844564110026	0.0005744752750347314	0.0005696617499005779	0.0005617023500058783	0.0005804552427546748	0.6524645621908838	0.0002783769804391101	0.9167020747873798	0.6340085944322499	0.0004056142228789269	0.8360426087491449	0.6255456702292369	0.0005715736544239657	0.8139752458875366	0.3637053053076028	1.6291010826335148	0.2793553126387965	1.2509214415762357	0.8555733098080204	1.4400112621048753	0.0004185216192473342
I997F	missense	74	42	29	52	89	5	14	75	72	87	74	4	38	97	82	69	183	0.00023552317548046728	0.00012654614372698995	0.00011579881885204771	0.00017542059570186443	0.00023292950259198774	9.759271307742355e-05	0.0001937784208350558	0.0002328067611984647	0.00029831960245848047	0.0002897901655755628	0.0003221511103474937	6.374461358015247e-05	0.0005160026990910413	0.0003679645552510044	0.00029737059900470416	0.0003047997248093913	0.0003467654696975979	0.6977629338650385	0.00016267376521822245	1.3512385904693383	0.6533779806175248	0.0002857669098950004	0.9870379509629313	0.6196685287436227	0.00032922508719067443	0.7658372029522684	0.29788802081795945	1.47934006655855	0.9082084805546955	2.2826924671229003	1.0347045814615126	1.8810162668407253	0.00025922192076796574
I997D	missense	35	100	62	43	24	6	3	78	65	39	13	10	6	57	71	40	84	0.0001130511242306243	0.000297236291079674	0.00024317751958930018	0.0001456321926581516	6.470263960888549e-05	0.00011385816525699414	5.167424555601488e-05	0.0002419965017720883	0.00026971361318163983	0.00013172280253434673	6.013487393153215e-05	0.00014023814987633546	9.261586906762282e-05	0.00021777494086283933	0.00025796003769082773	0.00017852555310264348	0.00016019057024073817	0.4926077724506644	0.00018768716073400284	-0.6167661240585245	0.5035519138124392	0.00017589194785490176	-0.18094114829102856	0.5862948530815596	0.00020361277547426216	0.4924826417492551	-0.34309003654037257	0.0208550212381844	-0.1801807672797531	0.49695209444770955	-0.10174154353343266	0.258903557842947	0.00018906396135438892
I997R	missense	155	76	65	80	147	12	22	64	54	102	89	14	8	82	131	106	215	0.0004898882049993719	0.00022660588527856338	0.00025475740147450494	0.0002680956273934154	0.00038303962648460205	0.0002114508783344177	0.0002971269119470856	0.0001991110457618448	0.0002247613443180332	0.0003391862165259428	0.0003865813324169924	0.00019123384074045744	0.00011907754594408647	0.0003116434498554425	0.0004729267357665175	0.0004659081507800696	0.0004070725079058758	0.6782715310683839	0.0002831246351577714	1.164262194983486	0.6985921427656578	0.0002874099847557033	1.3395079683998863	0.6460603335430004	0.0004143877110769764	0.9820051879635878	0.147732495856678	1.1376753479083943	-0.20573487175214128	0.4550250025229239	1.1619251171156533	0.7963501752156591	0.0003283074436634837
I997I	silent	73	165	147	60	75	11	15	124	84	61	69	25	21	62	62	54	162	0.00023238286647406104	0.0004885269734576821	0.0005712741730034353	0.00020189917618516472	0.00019669602441101187	0.0001951854261548471	0.00020669698222405952	0.00038290585723431696	0.0003473584412187786	0.00020417034392823742	0.0003006743696576608	0.00033147199061679287	0.00029107844564110026	0.00023654864266135997	0.00022571503297947427	0.00023948549806452176	0.0003071889758734155	0.5183016523191606	0.00036459908676432355	-0.3702908398536096	0.5855416853674248	0.00030877725300974845	0.4582155857198217	0.6529615089407907	0.0002522345373946929	1.0385308098863901	0.024886748754221824	0.8581514500568059	-0.05643678928439662	0.6999811282436683	0.3754851852508674	0.7790662891502371	0.000308536959056255
I997N	missense	82	5	18	50	41	6	21	26	16	46	22	1	12	51	37	39	139	0.0002606456475317171	1.7657601450277664e-05	7.333925193963022e-05	0.00016880095058103935	0.00010870043454292761	0.00011385816525699414	0.00028420835055808184	8.270766516261246e-05	6.947168824375573e-05	0.0001547742929778574	9.879300717323138e-05	2.549784543206099e-05	0.0001720008996970138	0.00019524649870461457	0.00013614557544793687	0.00017417127131965217	0.0002638432921612158	0.7500311939772952	9.212455962846872e-05	1.8526355897547908	0.6661459434091936	0.00010143666338936424	1.0865714567054396	0.6646110561561213	0.00019235165940835485	1.133949034103159	0.39727265295387126	1.7054804126138907	0.8290272345070707	2.1527783319848446	1.3577186935211298	1.9291293722993677	0.00012863762747539594
I997C	missense	101	45	45	54	84	12	25	52	42	61	85	11	12	68	73	75	212	0.0003203115186534355	0.00013537494445212876	0.00017755818890647314	0.0001820402408226895	0.00021998897467021065	0.0002114508783344177	0.00033588259611409674	0.00016235208346735037	0.00017572250555773506	0.00020417034392823742	0.00036939993986512607	0.00015298707259236595	0.0001720008996970138	0.0002590770848195847	0.0002651255942933507	0.00033092541550733913	0.0004014187230738497	0.6701639416721433	0.00017874058721287548	1.086488016428797	0.714068592789255	0.00022791121820461222	1.4601556670525244	0.674025703722003	0.0003141367044235311	1.2110618124591266	0.20097800780990308	1.2588304826633299	0.050875984123427136	0.8760511807174356	1.2525684986468162	1.0674408316903827	0.00024026283661367294
I997A	missense	87	108	67	85	24	5	6	40	63	34	24	6	1	50	57	57	72	0.0002763471925637483	0.0003207797596800443	0.00026247732273130815	0.0002846447401954781	6.470263960888549e-05	9.759271307742355e-05	9.042992972302605e-05	0.00012559312117285594	0.0002615404733882568	0.00011525745221755339	0.00010738370344916456	8.924245901221346e-05	2.646167687646366e-05	0.00019149175834491045	0.00020780114147316678	0.0002525483434134957	0.00013757543091263394	0.5250026306735681	0.00023315111555392905	-0.3060099467846468	0.5838144486413402	0.00015244368755695767	0.44475079659100425	0.6064733802520481	0.0001973541685360517	0.6577593854997813	-0.0331051982234649	0.7261962505846906	-0.5279541664860604	-0.07364615497532452	0.2655000784353796	0.326275047804683	0.00019431632388231283
I997Q	missense	5	0	2	0	0	1	1	1	4	1	1	0	0	7	8	7	4	1.8841854038437384e-05	2.942933575046278e-06	1.157988188520477e-05	3.309822560412536e-06	2.5881055843554194e-06	3.2530904359141185e-05	2.583712277800744e-05	6.126493715749071e-06	2.0432849483457566e-05	6.586140126717336e-06	8.590696275933164e-06	1.2748922716030496e-05	1.323083843823183e-05	3.003792287763301e-05	3.2245004711353466e-05	3.483425426393044e-05	9.422974720043421e-06	0.5678611447909604	5.105185901254751e-06	0.10512159511365661	0.6056699435065783	1.0434044900464283e-05	0.6151267648773442	0.5554773936581219	2.6635039143240087e-05	0.24006534185736983	-0.10005198785407819	0.5738651522146992	0.01611387786421517	0.8190163499252244	0.3201045672827902	0.6964407510699618	1.405808998165304e-05
I997E	missense	70	28	19	39	37	1	8	39	29	35	29	1	8	48	44	32	63	0.00022296193945484235	8.534507367634205e-05	7.719921256803181e-05	0.00013239290241650144	9.834801220550593e-05	3.2530904359141185e-05	0.00011626705250103349	0.0001225298743149814	0.00012259709690074538	0.00011855052228091205	0.00012886044413899745	2.549784543206099e-05	0.00011907754594408647	0.0001839822776255022	0.00016122502355676732	0.00014369129883871304	0.00012061407641655579	0.6549409007853713	9.832130021659531e-05	0.9404570024973155	0.6287928892655348	0.00012313448440890907	0.7953832311622046	0.5824171431596609	0.0001523781691093846	0.46072139060909006	0.5531605259212655	2.0601885478763777	0.6693263916395589	1.8907542048389732	0.7321872080895367	1.9754713763576754	0.00012461131791162967
T998S	missense	196	105	88	121	297	22	48	105	92	170	178	16	29	161	133	120	467	0.0006186408742620274	0.0003119509589549054	0.00034353649592774155	0.00040379835237032945	0.0007712554641379149	0.0003741054001301236	0.0006330095080611823	0.00032470416693470075	0.0003800510003923107	0.0005631149808343322	0.0007688673166960182	0.00021673168617251842	0.00039692515314695493	0.0006082679382720684	0.0004800922923690405	0.0005268680957419479	0.0008819904337960642	0.7232069753403357	0.0004576353178477228	1.5953172343348343	0.7180135483755211	0.0005091843662143405	1.4909088315084675	0.6684454974362478	0.0006243046900447802	1.1653558837472093	0.2284162561568427	1.3212636259268065	0.2627862112056037	1.2237362103484617	1.417193983196837	1.2724999181376342	0.0005303747913689478
T998N	missense	82	36	33	46	69	9	7	49	30	39	38	6	4	21	46	21	116	0.0002606456475317171	0.00010888854227671227	0.00013123866136565408	0.0001555616603393892	0.00018116739090487936	0.00016265452179570593	0.00010334849111202976	0.00015316234289372677	0.0001266836667974369	0.00013172280253434673	0.0001675185773806967	8.924245901221346e-05	6.615419219115915e-05	8.260428791349079e-05	0.00016839058015929032	9.57941992258087e-05	0.00022049760844901605	0.6772572874124485	0.00014421406372165874	1.154532796596432	0.6353844083080737	0.0001447718474015518	0.8467678576039811	0.7001567935699338	0.00014182166893690146	1.4250943532996123	-0.19696200086213458	0.3533555683194792	-0.13001415781402287	0.579261378613672	1.1421316691666752	0.46630847346657556	0.000143602526686704
T998Y	missense	80	819	597	224	62	93	24	416	268	130	46	177	16	217	188	43	88	0.0002543650295189047	0.0024132055315379476	0.002308256455784151	0.0007447100760928206	0.00016305065181439142	0.0015289525048796356	0.000322964034725093	0.0012773739397336813	0.001099287302210017	0.0004313921782999855	0.00020188136248442935	0.0022693082434534283	0.00022492425344994112	0.0008185333984154996	0.0006771450989384228	0.0001915883984516174	0.0001677289500167729	0.44038279262851754	0.0014073056788073276	-1.1177479458052053	0.46327004832443386	0.0007524836956820282	-0.4949611180614205	0.460715936293496	0.0004637489614555781	-0.5360995870273043	-0.6752398327817392	-0.7349204769446203	-1.003857203066405	-0.8544690706657833	-0.7162695502979767	-0.7946947738052017	0.0008745127786483113
T998F	missense	106	88	68	96	207	14	23	145	94	115	111	2	14	91	114	91	247	0.00033601306368546665	0.0002619210881791187	0.00026633728335970973	0.000321052788360016	0.0005383259615459273	0.00024398178269355888	0.0003100454733360893	0.0004472340412496822	0.00038822414018569373	0.0003819961273496055	0.0004810789914522572	3.824676814809149e-05	0.00019846257657347746	0.0003454361130927796	0.00041201950464507205	0.0004005939240352	0.0004673795461141537	0.7046254755152059	0.00034690928036119293	1.4170693218438941	0.6320139070689933	0.00042463332505930965	0.820492890335589	0.6522547047034607	0.00040635727197180135	1.0327415715625032	0.1040679948018466	1.0383208987681096	0.715083882200234	1.9658293660545776	1.0901012612473289	1.5020751324113437	0.00039263329246410136
T998P	missense	41	40	46	112	101	17	12	117	67	96	73	22	9	97	85	69	118	0.00013189297826906167	0.00012066027657689738	0.00018141814953487475	0.0003740099493266166	0.0002639867696042528	0.00029277813923227067	0.00016794129805704837	0.0003614631292291952	0.0002778867529750229	0.0003194277961457908	0.0003178557622095271	0.0002932252224687014	0.0001323083843823183	0.0003679645552510044	0.0003081189339084887	0.0003047997248093913	0.00022426679833703343	0.7077821161633796	0.0002350187862606604	1.4473502255016306	0.6162581545481542	0.000319158360139884	0.6976678704323551	0.5799420740773785	0.00030128750307647947	0.4404487832467696	-0.24138114065054747	0.2522840099975102	-0.3456139581533777	0.2255227978873967	0.8618222930602517	0.23890340394245346	0.0002851548831590079
T998H	missense	66	128	93	115	86	25	18	163	107	127	89	32	12	118	100	81	207	0.00021040070342921743	0.0003796384311809698	0.0003628362990697495	0.0003839394170078542	0.0002251651858389215	0.0004229017566688354	0.0002454526663910707	0.0005023724846914238	0.0004413495488426834	0.0004215129681099095	0.0003865813324169924	0.0004207144496290064	0.0001720008996970138	0.00044681410280479107	0.00036186060842741114	0.00035705110620528696	0.0003919957483538063	0.5840926141684227	0.00033789483327437375	0.26082622393379407	0.5987979068912426	0.0004379540835152523	0.5615553449824209	0.6114172961577143	0.0003894303914478238	0.6982536354200626	-0.2362717348720671	0.2639099803920336	-0.3884567097068356	0.1552299028797279	0.5068784014454258	0.20956994163588077	0.00038842643607914993
T998R	missense	128	107	102	188	639	36	42	253	124	192	337	32	32	134	117	122	585	0.0004050998618264037	0.000317836826104998	0.0003975759447253638	0.0006255564639179693	0.0016563875739874685	0.0006018217306441119	0.0005554981397271599	0.0007780647019001321	0.0005108212370864391	0.0006355625222282229	0.0014518276706327047	0.0004207144496290064	0.00043661766846165044	0.0005068899485600571	0.00042276783954885654	0.0005355766593079305	0.001104372637189089	0.8019739571241546	0.0007493392021839498	2.350910173995698	0.7044525576231968	0.0008440690329618748	1.3851932233927147	0.7176823062298235	0.0006424017711514833	1.5686409878241319	-0.034785256341486694	0.7223734369762147	0.01611387786421517	0.8190163499252244	1.7682481284041816	0.7706948934507196	0.0007452700020991026
T998Q	missense	52	15	2	14	64	9	2	12	9	38	46	2	2	43	15	27	161	0.0001664363773395302	4.7086937200740445e-05	1.157988188520477e-05	4.964733840618804e-05	0.00016822686298310227	0.00016265452179570593	3.875568416701116e-05	3.982220915236896e-05	4.086569896691513e-05	0.00012842973247098805	0.00020188136248442935	3.824676814809149e-05	3.9692515314695496e-05	0.00016520857582698158	5.732445282018394e-05	0.00012191988992375652	0.00030530438092940684	0.8064772511769291	6.913525511880887e-05	2.3941092037723113	0.7994960113066178	0.00010274975076867538	2.126110807297277	0.7182815323474875	0.00016243932487508222	1.5735490834775456	-0.6229307331344157	-0.6158960599712577	0.01611387786421517	0.8190163499252244	2.0312563648490447	0.10156014497698335	0.00011144144358752216
T998T	silent	70	16	32	32	115	4	9	33	24	87	83	2	6	30	19	56	184	0.00022296193945484235	5.002987077578672e-05	0.00012737870073725247	0.0001092241444936137	0.00030022024778522866	8.132726089785297e-05	0.0001291856138900372	0.0001041503931677342	0.00010216424741728782	0.0002897901655755628	0.0003608092435891929	3.824676814809149e-05	9.261586906762282e-05	0.00011639695115082791	7.165556602522992e-05	0.00024819406163050433	0.00034865006464160657	0.7810051281952006	0.00014671324094797037	2.1497611806883405	0.76468764861865	0.00021422851243744443	1.8547598937630654	0.7640784766643098	0.0001962241608620422	1.9486592075444114	0.200978007809903	1.2588304826633299	0.3840906631588095	1.4227626686390773	1.9843934273319388	1.3407965756512037	0.000185721971415819
T998C	missense	86	60	70	61	54	4	10	84	80	95	72	1	10	82	72	62	155	0.00027320688355734205	0.00017951894807782294	0.00027405720461651294	0.00020520899874557725	0.00014234580713954806	8.132726089785297e-05	0.00014210417527904092	0.0002603759829193355	0.00033101216163201256	0.0003161347260824321	0.0003135604140715605	2.549784543206099e-05	0.00014553922282055013	0.0003116434498554425	0.00026154281599208924	0.00027431975232845217	0.00029399681126535473	0.5968573432417369	0.0002002827396448653	0.38327523678223735	0.6398101955574234	0.00030527082117633517	0.8812693773676272	0.6206019623431905	0.0002853757073603347	0.773482699798517	0.24237069296812808	1.3530156292465552	0.756476567358459	2.033743110303288	0.6793424379827938	1.6933793697749215	0.000263643089393845
T998W	missense	99	123	119	112	283	27	14	186	89	142	133	21	20	123	136	75	315	0.00031403090064062303	0.0003649237633057384	0.00046319527540819084	0.0003740099493266166	0.0007350219859569391	0.0004554326610279766	0.0001937784208350558	0.0005728271624225381	0.00036779129070223617	0.0004709090190602895	0.000575576650487522	0.0002804762997526709	0.00027784760720286846	0.00046558780460331166	0.000490840627272825	0.00033092541550733913	0.0005955320023067442	0.6908898916229588	0.00048428774349937125	1.2853071294117155	0.6320055584457258	0.0004967760306681464	0.8204278080859385	0.6402636298545819	0.000470721462422555	0.9345259888122411	-0.3711187601406161	-0.0429216927087019	-0.0040895082240718335	0.7858682806344057	1.0134203087699651	0.3714732939628519	0.0004839284121966909
T998L	missense	223	400	345	237	490	62	48	291	197	325	259	106	70	236	191	167	576	0.0007034292174349956	0.0011801163635935573	0.0013355463774269503	0.0007877377693781836	0.0012707598419185108	0.0010247234873129473	0.0006330095080611823	0.0008944680824993644	0.0008091408395449196	0.0010735408406549259	0.0011167905158713113	0.001364134730615263	0.0009393895291144599	0.000889873465249878	0.0006878934338422072	0.0007315193395425392	0.0010874112826930109	0.6174609613616259	0.0011435400880793005	0.5809208495795385	0.6548979707762671	0.0009734850696426303	0.998887135649814	0.648413895189181	0.0008491743803319088	1.0012825614710936	-0.20919645727914618	0.3255172179781666	-0.16201155110191925	0.5267626635370105	0.8603635155668155	0.42613994075758854	0.0009887331793512798
T998_	nonsense	91	452	454	400	42	58	23	383	278	151	41	84	11	241	241	107	92	0.0002889084285893732	0.0013331489094959637	0.0017562820859227236	0.001327238846725427	0.00011128854012728304	0.0009596616785946649	0.0003100454733360893	0.0011762867934238216	0.0011401530011769321	0.0005005466496305175	0.00018040462179459645	0.001083658430862592	0.00015877006125878198	0.0009086471670483986	0.0008670323489052821	0.0004702624325630609	0.00017526732979280762	0.5119627323835594	0.0011319895955678495	-0.4310985925431979	0.4737329152864204	0.000749347766506467	-0.41339714064103567	0.49092911177828275	0.0006053023195773873	-0.28863181000381966	-0.4906927577846163	-0.31500103360172743	-0.8341238018024527	-0.5759843393698881	-0.3777091810626844	-0.44549268648580775	0.0008288798938839013
T998G	missense	165	337	220	234	519	65	77	368	198	248	321	62	87	295	241	165	737	0.0005212912950634342	0.0009947115483656419	0.0008530512988767514	0.000777808301696946	0.0013458149038648181	0.0010735198438516591	0.0010076477883422903	0.0011303380905557036	0.0008132274094416111	0.0008199744457763083	0.0013831021004252395	0.0008031821311099213	0.001164313782564401	0.0011114031464724214	0.0008670323489052821	0.0007228107759765565	0.001390831068678409	0.6557848146816122	0.0009928465132010393	0.9485524679733374	0.6480620058778824	0.0010366605115497158	0.9455969152308662	0.6462014013915147	0.0010230193350081673	0.9831606357548636	-0.027501320705466386	0.7389473447321128	0.161256000560802	1.0571537155697033	0.9591033396530224	0.8980505301509081	0.0010175087865863075
T998V	missense	214	129	77	127	323	19	65	107	114	180	228	30	63	126	140	169	502	0.0006751664363773396	0.0003825813647560161	0.00030107692901532404	0.0004236572877328046	0.0008385462093311558	0.00032530904359141186	0.0008526250516742456	0.0003308306606504498	0.000469955538119524	0.0005960456814679189	0.0009836347235943474	0.00039521660419694534	0.0008467736600468372	0.00047685202568242406	0.000505171740477871	0.0007402279031085218	0.0009479512568363682	0.7207464514863543	0.00048646544770882514	1.5717140136726784	0.7344587049039205	0.00059511665095806	1.619108146345439	0.70216425968872	0.0006675507315262962	1.4415369539165561	0.41846195202380937	1.753694661853079	0.33093215801382964	1.33554452588608	1.5441197046448913	1.5446195938695797	0.0005830442767310605
T998M	missense	52	19	43	49	226	6	15	33	46	95	148	12	31	53	46	36	271	0.0001664363773395302	5.8858671500925554e-05	0.00016983826764966996	0.00016549112802062682	0.0005874999676486802	0.00011385816525699414	0.00020669698222405952	0.0001041503931677342	0.0001920687851445011	0.0003161347260824321	0.0006400068725570207	0.00016573599530839644	0.0004233868300234186	0.00020275597942402283	0.00016839058015929032	0.00016110842597067828	0.0005126098247703621	0.8263848458874682	0.0002454220087049756	2.5850780293926343	0.7978371140104573	0.000313090194237922	2.1131787627536194	0.7353347740225964	0.0002612162025810884	1.7132274767834201	0.25896995478758983	1.3907856821354454	0.4073205038772844	1.4608762980270298	2.1371614229765576	1.4258309900812376	0.00027324280184132867
T998A	missense	111	97	49	72	265	10	26	101	72	92	123	11	25	69	84	70	248	0.0003517146087174978	0.0002884074903545352	0.0001929980314200795	0.00024161704691011516	0.0006884360854385415	0.0001789199739752765	0.00034880115750310044	0.0003124511795032026	0.00029831960245848047	0.00030625551589235614	0.0005326231691078562	0.00015298707259236595	0.0003440017993940276	0.0002628318251792889	0.0003045361556072272	0.00030915400659238263	0.0004692641410581624	0.735586377884169	0.00035286466353081784	1.7140699013471652	0.6826390963369187	0.0003624123667404738	1.215144930675379	0.6829507755205468	0.0003364465321092653	1.2841646109012426	0.2899190911466842	1.461207519555826	0.35190597978740834	1.369956663257792	1.4044598143079288	1.415582091406809	0.00035057452079351897
T998K	missense	70	103	100	113	308	25	16	121	87	133	162	25	8	92	71	64	358	0.00022296193945484235	0.0003060650918048129	0.00038985602346856065	0.00037731977188702916	0.0007997246255658245	0.0004229017566688354	0.00021961554361306325	0.0003737161166606933	0.00035961815090885315	0.0004412713884900615	0.0007001417464885529	0.00033147199061679287	0.00011907754594408647	0.00034919085345248374	0.00025796003769082773	0.0002830283158944348	0.0006765695848991177	0.7230024952224084	0.0004682413781815568	1.5933557051520746	0.695738204892481	0.0004686868506370402	1.3172599053123304	0.7053578465902606	0.000391687197984216	1.46769474231763	-0.28457641444662213	0.15399724317785562	-0.4446169606672779	0.0630867402389969	1.4594367842606786	0.10854199170842627	0.000442871808934271
T998E	missense	58	78	44	91	99	8	17	38	41	85	67	17	14	64	60	57	269	0.0001852782313779676	0.00023249175242865593	0.00017369822827807157	0.00030450367555795335	0.00025881055843554195	0.00014638906961613534	0.00023253410500206697	0.00011946662745710689	0.00017163593566104355	0.00028320402544884546	0.0002920836733817276	0.0002294806088885489	0.00019846257657347746	0.0002440581233807682	0.00021854947637695127	0.0002525483434134957	0.0005088406348823447	0.6520449914141683	0.0002423760536750557	0.9126772320246551	0.7158105814442597	0.00021659756548718086	1.4737354558273965	0.7095944360051375	0.00030599914451338997	1.5023954762801601	0.20097800780990308	1.2588304826633299	-0.06306736818340966	0.6891022147871687	1.2962693880440705	0.9739663487252492	0.0002549909212252088
T998I	missense	76	94	71	74	85	15	13	137	105	68	34	17	12	75	69	83	153	0.00024180379349327975	0.0002795786896293964	0.0002779171652449145	0.00024823669203094024	0.00022257708025456607	0.0002602472348731295	0.0001808598594460521	0.0004227280663866859	0.00043317640904930036	0.0002272218343717481	0.0001503371848288304	0.0002294806088885489	0.0001720008996970138	0.00028536026733751364	0.00025079448108830476	0.0003657596697712696	0.0002902276213773374	0.600604952044848	0.00025707740678995435	0.4192251575245775	0.5213156161694332	0.0003083658736591412	-0.04246302148196896	0.6385855508929843	0.00029803550989360633	0.9207813074395227	-0.15804393483176488	0.4419099527425841	-0.1252152749322541	0.5871349945307395	0.4325144811607104	0.5145224736366618	0.0002878262634475673
T998D	missense	86	98	55	28	38	11	4	83	33	72	44	13	7	40	60	79	139	0.00027320688355734205	0.0002913504239295815	0.00021615779519048906	9.598485425196355e-05	0.00010093611778986136	0.0001951854261548471	6.45928069450186e-05	0.00025731273606146096	0.00013894337648751146	0.00024039411462518277	0.0001932906662084962	0.00017848491802442692	0.00010584670750585465	0.0001539443547478692	0.00021854947637695127	0.00034834254263930433	0.0002638432921612158	0.5023091979945397	0.00017610729779047387	-0.5237026540665389	0.611352119749773	0.00020748522334566286	0.6594225488610661	0.6833298678751777	0.0002461699164813351	1.28726965169162	-0.4802632295656842	-0.2912696269452348	-0.22692417082207927	0.42025932756503176	0.47432984882871576	0.06449485030989849	0.0002099208125391573
G999R	missense	129	32	45	49	64	8	8	52	48	78	47	8	12	60	73	50	108	0.00040824017083280996	9.711680797652717e-05	0.00017755818890647314	0.00016549112802062682	0.00016822686298310227	0.00014638906961613534	0.00011626705250103349	0.00016235208346735037	0.00020024192493788413	0.0002601525350053348	0.00020617671062239594	0.00011474030444427445	0.0001720008996970138	0.0002290391619419517	0.0002651255942933507	0.00022206837093255652	0.00020542084889694657	0.6663513773459513	0.00015209824697168234	1.0499149927882574	0.6538604057434514	0.00020723081350824133	0.9907987282165331	0.6095505789789215	0.00023041349401620138	0.6829638705027661	-0.10005198785407812	0.5738651522146996	0.1758147207317271	1.0810404770710957	0.9078925305025187	0.8274528146428977	0.00019658085149870837
G999V	missense	197	90	106	190	223	28	86	128	103	221	128	43	67	137	124	176	339	0.0006217811832684336	0.0002678069553292113	0.00041301578723897017	0.0006321761090387944	0.0005797356508956139	0.0004716981132075472	0.0011239148408433237	0.0003951588446658151	0.00042500326925591734	0.0007310615540656243	0.0005540999097976891	0.0005609525995053418	0.0008996970137997645	0.0005181541696391694	0.00044784728765768703	0.0007707078755894609	0.0006407622809629527	0.7012749877869792	0.00047318362562564744	1.3849288892091047	0.6714822538721681	0.0005263308944462615	1.1281710209254143	0.6613140467103654	0.0005943679034623175	1.1069441402025673	0.37706926686558434	1.659509515269854	0.20517011408426403	1.129204413980329	1.206681350112362	1.3943569646250915	0.0005312941411780755
G999F	missense	106	246	191	222	119	47	32	204	128	185	114	70	14	110	148	153	344	0.00033601306368546665	0.0007269045930364306	0.0007411124406531053	0.0007380904309719956	0.0003105726701226503	0.0007807417046193884	0.0004263125258371228	0.0006279656058642798	0.0005271675166732051	0.0006125110317847123	0.0004939650358661569	0.0009051735128381652	0.00019846257657347746	0.000416776179927158	0.000533833966887963	0.0006705593945806609	0.0006501852556829961	0.5628140192948172	0.0006291700336960454	0.05670571952590453	0.6074981811481491	0.0005654022975470885	0.6293789133809955	0.6710602112908906	0.0005678386992696945	1.1867722828770115	-0.26277928535177786	0.20359455224451453	-0.6590532117991789	-0.2887427837784964	0.6242856385946371	-0.042574115766990925	0.0005874703435042762
G999G	silent	257	167	148	257	491	39	136	236	150	300	221	39	150	162	152	189	442	0.0008101997236528074	0.0004944128406077746	0.000575134133631837	0.0008539342205864344	0.0012733479475028663	0.0006506180871828237	0.0017698429102935096	0.0007259895053162649	0.0006170720544004185	0.000991214089070959	0.0009535672866285812	0.0005099569086412198	0.0019978566041730064	0.0006120226786317726	0.0005481650800930089	0.0008273135387683478	0.0008348755601958471	0.7272734282623557	0.000799207285582228	1.6343257509462048	0.665181184114019	0.0008219607338540559	1.0790506112570917	0.6669729164084579	0.000705594214422244	1.1532943792020278	0.4346085879743662	1.7904348073163647	0.5930308338294222	1.7655746717735579	1.288890247135108	1.7780047395449614	0.0007755874112861759
G999S	missense	208	168	140	132	147	20	31	169	84	128	98	22	19	147	135	118	237	0.0006563245823389022	0.0004973557741828209	0.0005442544486046242	0.0004402064005348673	0.00038303962648460205	0.00034157449577098246	0.00041339396444811904	0.000520751965838671	0.0003473584412187786	0.00042480603817326816	0.0004252394656586916	0.0002932252224687014	0.0002646167687646366	0.0005557015732362107	0.0004872578489715635	0.0005181595321759652	0.00044853359667406685	0.5950381402580831	0.00046621406245172864	0.365824054838623	0.6097882035719031	0.00042953897772235233	0.6472309359616	0.6069245964725924	0.0005024131377644516	0.661455172958841	0.0828786957319085	0.990106649528921	-0.04458396248939651	0.7194282804277531	0.5581700545863547	0.854767464978337	0.0004660553926461775
G999P	missense	89	35	78	41	68	25	7	112	107	108	32	69	6	83	104	58	102	0.0002826278105765607	0.00010594560870166599	0.0003049368896437256	0.00013901254753732653	0.00017857928532052393	0.0004229017566688354	0.00010334849111202976	0.00034614689493982253	0.0004413495488426834	0.0003589446369060948	0.00014174648855289722	0.0008924245901221347	9.261586906762282e-05	0.00031539819021514663	0.0003761917216324571	0.00025690262519648696	0.00019411327923289447	0.6339187575875741	0.0001821185828008105	0.7387965780774697	0.5575014706993575	0.0003220468923103745	0.23962622160400923	0.5721445201726502	0.0002856514540692463	0.376581172508681	-0.6119353488329525	-0.5908771012297898	-0.9838861221357849	-0.8217021487444849	0.4516679907300533	-0.7062896249871373	0.0002632723097268104
G999N	missense	89	63	39	97	40	12	12	67	54	82	37	12	4	82	60	94	113	0.0002826278105765607	0.00018834774880296178	0.00015439842513606362	0.0003243626109204286	0.00010611232895857219	0.0002114508783344177	0.00016794129805704837	0.0002083007863354684	0.0002247613443180332	0.00027332481525876943	0.00016322322924273012	0.00016573599530839644	6.615419219115915e-05	0.0003116434498554425	0.00021854947637695127	0.0004136567693841739	0.00021484382361699	0.6125937696899751	0.00019330527845450653	0.5342310364143102	0.612541946550644	0.0002174025437887503	0.6686979230651919	0.6147199319614768	0.00028967337980838944	0.725304613265367	-0.10005198785407812	0.5738651522146996	-0.39885947010660283	0.13816190145460108	0.6427445242482897	0.3560135268346503	0.0002334604006838821
G999L	missense	195	113	86	130	140	24	39	99	87	177	108	19	34	91	75	108	278	0.0006155005652556211	0.00033549442755527567	0.00033581657467093834	0.00043358675541404227	0.00036492288739411414	0.0004066363044892648	0.0005167424555601488	0.00030632468578745353	0.00035961815090885315	0.0005861664712778429	0.00046819294703835744	0.0002549784543206099	0.0004630793453381141	0.0003454361130927796	0.00027229115089587373	0.00047461671434605217	0.0005258019893784229	0.6408229816073299	0.00036745516125859256	0.8050271585189319	0.6767462194540722	0.0004300755637531268	1.1692066157985992	0.6824286256571281	0.0004045364919282821	1.2798878255617339	0.1040679948018466	1.0383208987681096	0.25915192655050967	1.2177733722854174	1.084707199959755	1.1280471355267636	0.0004006890723133338
G999D	missense	100	73	38	41	57	4	6	69	48	63	44	5	8	65	76	77	172	0.00031717120964702927	0.00021777708455342454	0.00015053846450766202	0.00013901254753732653	0.00015011012389261433	8.132726089785297e-05	9.042992972302605e-05	0.00021442728005121748	0.00020024192493788413	0.00021075648405495474	0.0001932906662084962	7.649353629618297e-05	0.00011907754594408647	0.00024781286374047235	0.0002758739291971352	0.00033963397907332176	0.00032603492531350236	0.5842116049336658	0.00016435955512275686	0.2619676740702133	0.6169240525012512	0.00020467908881313814	0.7028589223503434	0.6563642751351231	0.00029733892433110793	1.066401928109832	0.0460760478241599	0.9063656992959943	0.19220513691989638	1.1079325361119206	0.6770761748434628	1.0071491177039573	0.00022212585608900098
G999E	missense	76	141	111	89	52	14	16	109	49	46	40	12	13	76	70	34	32	0.00024180379349327975	0.00041789656765657145	0.0004323155903809781	0.0002978840304371283	0.00013716959597083722	0.00024398178269355888	0.00021961554361306325	0.0003369571543661989	0.00020432849483457564	0.0001547742929778574	0.00017610927365662986	0.00016573599530839644	0.00018523173813524564	0.00028911500769721775	0.0002543772593895662	0.00015239986240469565	6.219163315228658e-05	0.5300184320997875	0.0003213164461113788	-0.2578945555564557	0.5487393050676749	0.00021804230395881544	0.17132017486435525	0.4959332069899037	0.00018952094066094154	-0.24764464800698677	-0.045694325531485475	0.6975508801206005	0.048298561235616405	0.8718223553065099	-0.11140634289969574	0.7846866177135552	0.00024295989691037857
G999A	missense	120	152	121	115	106	34	13	198	101	140	69	60	16	137	120	120	166	0.00037997738977515387	0.00045026883698208046	0.000470915196664994	0.0003839394170078542	0.00027692729752602985	0.0005692908262849707	0.0001808598594460521	0.0006095861247170326	0.0004168301294625343	0.00046432287893357217	0.0003006743696576608	0.0007776842856778602	0.00022492425344994112	0.0005181541696391694	0.00043351617445264103	0.0005268680957419479	0.00031472735564945026	0.5770400658193786	0.00039551268704523965	0.19317280344626028	0.5636488299360294	0.00044785337569269994	0.2875483706475347	0.5889673799345678	0.00044831644887080216	0.5143725711836018	-0.4979919965261157	-0.33160976212915105	-0.538767035768278	-0.09138702963035637	0.3316979150924656	-0.21149839587975372	0.0004305608372029139
G999C	missense	78	46	27	66	66	12	8	47	25	50	33	9	2	48	53	44	87	0.0002480844115060922	0.00013831787802717505	0.00010807889759524453	0.00022175811154763993	0.0001734030741518131	0.0002114508783344177	0.00011626705250103349	0.0001470358491779777	0.00010625081731397933	0.00016794657323129206	0.0001460418366908638	0.00012748922716030494	3.9692515314695496e-05	0.0001839822776255022	0.00019347002826812078	0.00019594268023460871	0.00016584435507276422	0.6676568633555755	0.00016038949033046813	1.0624382098693101	0.6379376648334162	0.00014181876910352822	0.8666719391848808	0.6162171348308959	0.00018480983530024897	0.7375677885160087	-0.25975283072159	0.21048096398325825	-0.5067648674161224	-0.03888048001743229	0.8888926458567332	0.08580024198291297	0.0001623393649114151
G999_	nonsense	86	111	123	108	33	29	13	87	58	66	30	37	12	57	55	44	55	0.00027320688355734205	0.0003296085604051831	0.0004786351179217972	0.00036077065908496646	8.799558986808426e-05	0.00048796356538711777	0.0001808598594460521	0.0002695657234929591	0.00024110762390479928	0.00022063569424503074	0.00013315579227696404	0.00048445906320915885	0.0001720008996970138	0.00021777494086283933	0.00020063558487064378	0.00019594268023460871	0.00010553731686448631	0.5411996106634174	0.0003142524818200078	-0.15063616646452163	0.5628659335742797	0.00021611620847993828	0.28144524982947866	0.5657191500299669	0.00017997263070814454	0.3239527400367763	-0.4310452068955026	-0.17927866375916016	-0.4497263664457582	0.05470364366103437	0.15158727446724443	-0.0622875100490629	0.00023678044033603016
G999W	missense	100	52	35	55	55	10	14	40	34	42	56	13	11	32	32	83	150	0.00031717120964702927	0.0001559754794774527	0.00013895858262245726	0.00018535006338310202	0.00014493391272390349	0.0001789199739752765	0.0001937784208350558	0.00012559312117285594	0.00014302994638420297	0.00014160201272442273	0.00024483484386409517	0.00017848491802442692	0.00015877006125878198	0.00012390643187023618	0.00011823168394162938	0.0003657596697712696	0.0002845738365453113	0.6276524307700009	0.00015630450955172887	0.6786851939195646	0.6929894352563758	0.0001637649810363942	1.295831688233046	0.7271783468749147	0.00022311790553211161	1.646420434415194	0.03464658604337805	0.8803590382379981	-0.050832911766397974	0.709175513751728	1.2069791055226016	0.7947672759948631	0.00018106246537341156
G999Y	missense	122	86	64	86	146	12	11	104	84	134	133	15	11	108	69	118	311	0.00038625800778796634	0.00025603522102902613	0.00025089744084610336	0.00028795456275589065	0.0003804515209002466	0.0002114508783344177	0.00015502273666804465	0.00032164092007682624	0.0003473584412187786	0.00044456445855342016	0.000575576650487522	0.00020398276345648793	0.00015877006125878198	0.0004092666992077498	0.00025079448108830476	0.0005181595321759652	0.0005879936225307095	0.6686369964705352	0.00029383468638281666	1.0718403939421228	0.6885688108576589	0.00042228511758413676	1.2613704158159407	0.6818692177622442	0.0004415535837506823	1.2753058699753035	-0.13481409411329007	0.4947672618253647	-0.10882485874408475	0.6140270535715644	1.2028388932444558	0.5543971576984645	0.0003858911292392119
G999H	missense	69	18	12	36	39	6	7	19	11	63	57	4	13	16	41	24	112	0.0002198216304484361	5.591573792587927e-05	5.017948816922067e-05	0.00012246343473526383	0.00010352422337421678	0.00011385816525699414	0.00010334849111202976	6.12649371574907e-05	4.9038838760298155e-05	0.00021075648405495474	0.0002491301920020618	6.374461358015247e-05	0.00018523173813524564	6.383058611497015e-05	0.00015047668865298284	0.00010885704457478262	0.00021295922867298133	0.7059697718335797	8.302072105114514e-05	1.4299648369946847	0.7840068299364513	0.00014254761299370135	2.0053638605831003	0.719606524255846	0.00013403088700392923	1.58440172630222	-0.042060040876391376	0.7058203516868148	0.46327190920643446	1.5526768037771335	1.6732434746266682	1.129248577731974	0.00011986640701625857
G999I	missense	87	102	63	71	87	9	30	61	28	54	47	13	31	36	33	44	86	0.0002763471925637483	0.0003031221582297666	0.0002470374802177018	0.0002383072243497026	0.0002277532914232769	0.00016265452179570593	0.00040047540305911534	0.0001899213051882212	0.00011851052700405388	0.00018111885348472674	0.00020617671062239594	0.00017848491802442692	0.0004233868300234186	0.00013892539330905267	0.00012181446224289088	0.00019594268023460871	0.00016395976012875552	0.5961139294826803	0.00025405503855511195	0.3761438452414062	0.6450104493828335	0.00017393184907484944	0.921808302992606	0.6550558227003251	0.00015516057397882695	1.055684755545715	0.39130970598019454	1.6919122898251195	0.3751358205058831	1.4080702926457445	0.7845456345932424	1.5499912912354321	0.00019438248720292945
G999M	missense	90	21	42	56	39	4	10	58	45	85	50	4	4	28	57	59	133	0.00028576811958296695	6.47445386510181e-05	0.00016597830702126838	0.00018865988594351458	0.00010352422337421678	8.132726089785297e-05	0.00014210417527904092	0.0001807315646145976	0.0001879822152478096	0.00028320402544884546	0.0002190627550362957	6.374461358015247e-05	6.615419219115915e-05	0.00010888747043141967	0.00020780114147316678	0.00026125690697947825	0.0002525357224971637	0.6582326410476066	0.00013072673874750448	0.9720338846504077	0.6551693561022544	0.00021774514008688711	1.0010027380637097	0.697909612157209	0.0002076203103453071	1.4066883109074282	0.24237069296812808	1.3530156292465552	0.01611387786421517	0.8190163499252244	1.1265749778738485	1.0860159895858899	0.00018536406305989957
G999T	missense	115	322	223	235	134	33	52	291	191	210	88	47	46	172	200	93	140	0.00036427584474312273	0.0009505675447399476	0.0008646311807619562	0.0007811181242573586	0.0003493942538879816	0.0005530253741054002	0.0006846837536171972	0.0008944680824993644	0.0007846214201647705	0.000694837783368679	0.0003822859842790258	0.0006119482903694638	0.0006218494065968961	0.0006495700822288138	0.0007201384385535607	0.00040930248760118263	0.00026572788710522446	0.544924558847435	0.000736427775911811	-0.11490362365653461	0.5512425576344686	0.0006890533175779599	0.19083444725043158	0.5356021226261766	0.0005111847238721954	0.0772724853934283	0.0927449647044558	1.0125564129558837	0.006970498424345433	0.8040146381378739	0.05106776966244175	0.9082855255468788	0.0006455552724539889
G999K	missense	57	2	0	10	48	0	12	9	5	19	28	3	5	3	9	11	36	0.00018213792237156137	8.828800725138832e-06	3.85996062840159e-06	3.64080481645379e-05	0.00012681717363341555	1.6265452179570593e-05	0.00016794129805704837	3.063246857874535e-05	2.4519419380149078e-05	6.586140126717336e-05	0.0001245650960010309	5.099569086412198e-05	7.938503062939099e-05	1.5018961438816506e-05	3.582778301261496e-05	5.225138139589565e-05	6.973001292832132e-05	0.8996464488898165	4.397849578787347e-05	3.287859178589635	0.7894789828790598	6.139459630677467e-05	2.0480223939156383	0.7555898117422442	4.320703469391211e-05	1.8791308973137115	1.0138913644527587	3.1085380665564495	0.19220513691989644	1.1079325361119206	2.4050041566063283	2.108235301334185	4.952670892952009e-05
G999Q	missense	53	13	19	25	71	2	29	22	9	21	45	2	6	9	19	37	88	0.00016957668634593644	4.120107005064789e-05	7.719921256803181e-05	8.605538657072594e-05	0.0001863436020735902	4.8796356538711774e-05	0.0003875568416701116	7.045467773111431e-05	4.086569896691513e-05	7.24475413938907e-05	0.00019758601434646277	3.824676814809149e-05	9.261586906762282e-05	3.754740359704126e-05	7.165556602522992e-05	0.00016546270775366956	0.0001677289500167729	0.7671074074152162	9.769981781574896e-05	2.016443647619027	0.7603650169648335	9.533848310959572e-05	1.821062530326305	0.7618551263388411	0.0001105986568481784	1.9304483590069832	0.8999480121459219	2.8492707274558113	0.3840906631588095	1.4227626686390773	1.9226515123174384	2.1360166980474444	0.00010121231925784102
R1000V	missense	172	67	77	131	212	20	47	115	72	217	148	14	66	144	105	187	333	0.0005432734581082778	0.00020011948310314688	0.00030107692901532404	0.0004368965779744548	0.0005512664894677043	0.00034157449577098246	0.0006200909466721786	0.0003553366355134461	0.00029831960245848047	0.0007178892738121896	0.0006400068725570207	0.00019123384074045744	0.0008864661753615326	0.0005444373521570983	0.0003797744999337186	0.0008186049752023653	0.0006294547112989005	0.7248130978764478	0.00037233986989015753	1.6107243861773055	0.7041416366035615	0.0005028880960852842	1.3827694178414074	0.6615621378816664	0.0005930678846480207	1.108976186476284	0.2589699547875898	1.3907856821354452	0.6660974215093604	1.8854563738147045	1.3674899968316658	1.6381210279750749	0.0004894319502078208
R1000L	missense	113	60	38	72	151	16	10	81	78	91	84	7	3	89	82	94	222	0.00035799522673031026	0.00017951894807782294	0.00015053846450766202	0.00024161704691011516	0.00039339204882202374	0.0002765126870527001	0.00014210417527904092	0.0002511862423457119	0.00032283902183862954	0.00030296244582899746	0.0003651045917271595	0.00010199138172824396	5.292335375292732e-05	0.0003379266323733714	0.00029737059900470416	0.0004136567693841739	0.0004202646725139366	0.7199025116818568	0.00024126662707940594	1.5636182996649077	0.6573927690079547	0.0003105230754351246	1.0183355017025495	0.6559093106262263	0.00036730466831904647	1.0626754394559674	-0.28910822407412706	0.14368553828549957	-0.284916117799766	0.32511086738486816	1.214876413607808	0.23439820283518387	0.000306364790277859
R1000T	missense	74	58	37	41	68	16	12	84	71	66	46	12	8	101	82	48	103	0.00023552317548046728	0.0001736330809277304	0.00014667850387926044	0.00013901254753732653	0.00017857928532052393	0.0002765126870527001	0.00016794129805704837	0.0002603759829193355	0.00029423303256178896	0.00022063569424503074	0.00020188136248442935	0.00016573599530839644	0.00011907754594408647	0.0003829835166898209	0.00029737059900470416	0.00021335980736657392	0.00019599787417690315	0.626405513875185	0.00015947585441621032	0.6667238164396887	0.5931359951001548	0.00024428151805264614	0.517417533887018	0.5510162502585972	0.0002724279493095006	0.20352534821720294	-0.2165575569255153	0.3087677308029129	-0.14358696500329673	0.5569922227793532	0.4625555661813032	0.4328799767911331	0.00022539510725945236
R1000M	missense	82	73	36	63	43	11	3	59	101	87	34	1	2	105	117	65	83	0.0002606456475317171	0.00021777708455342454	0.00014281854325085884	0.0002118286438664023	0.00011387664571163845	0.0001951854261548471	5.167424555601488e-05	0.00018379481147247213	0.0004168301294625343	0.0002897901655755628	0.0001503371848288304	2.549784543206099e-05	3.9692515314695496e-05	0.0003980024781286374	0.00042276783954885654	0.0002873825976774261	0.00015830597529672947	0.5807972294362721	0.00017157522934558103	0.2292143812468024	0.5976864829279852	0.0002601880728348499	0.5528911653294678	0.540662999735478	0.00031661472266291237	0.11872473223383403	-0.5771732425737406	-0.511779210840455	0.19220513691989644	1.1079325361119206	0.3002767596033681	0.2980766626357328	0.0002494593416144478
R1000G	missense	142	103	49	96	104	21	22	89	49	102	100	9	16	99	53	83	147	0.00044906418791609094	0.0003060650918048129	0.0001929980314200795	0.000321052788360016	0.000271751086357319	0.000357839947950553	0.0002971269119470856	0.0002756922172087082	0.00020432849483457564	0.0003391862165259428	0.0004338301619346248	0.00012748922716030494	0.00022492425344994112	0.0003754740359704126	0.00019347002826812078	0.0003657596697712696	0.0002789200517132853	0.6278749770627721	0.00027296674948555687	0.6808200276247219	0.6857794813583816	0.00031325927262596285	1.2396260116173934	0.6129109662474292	0.00030340594643077205	0.7104878746477247	-0.08074683265869141	0.6177922099771773	0.24656279924248914	1.19711815822904	0.8769779712966134	0.9074551841031087	0.00029654398951409726
R1000C	missense	72	73	50	46	40	25	9	65	57	57	23	13	11	66	45	38	48	0.00022924255746765483	0.00021777708455342454	0.0001968579920484811	0.0001555616603393892	0.00010611232895857219	0.0004229017566688354	0.0001291856138900372	0.00020217429261971934	0.00023702105400810777	0.00019099806367480274	0.00010308835531119797	0.00017848491802442692	0.00015877006125878198	0.00025156760410017647	0.00016480780185802884	0.00016981698953666088	9.234515225642552e-05	0.5554514353225153	0.00016907726647496677	-0.013921799024951127	0.5664821119321866	0.00018332044140345694	0.3096354094677502	0.5379270426118948	0.00016963438693782292	0.09631526296948527	-0.5150253358248962	-0.3703675173345697	-0.050832911766397974	0.709175513751728	0.13067629113742812	0.16940399820857918	0.00017401069827208221
R1000I	missense	82	82	53	97	122	8	20	79	52	90	70	6	7	70	84	71	163	0.0002606456475317171	0.00024426348672884103	0.00020843787393368587	0.0003243626109204286	0.00031833698687571657	0.00014638906961613534	0.00027128978916907815	0.0002450597486299628	0.00021658820452465018	0.0002996693757656388	0.00030496971779562734	8.924245901221346e-05	0.00010584670750585465	0.000266586565538993	0.0003045361556072272	0.0003135082883753739	0.0003090735708174242	0.6635869250451416	0.000273850239614668	1.0233962587550824	0.655809138067867	0.0002665717616789698	1.005990201058966	0.6392867371511523	0.00029842614508475456	0.9265245304474985	0.2679247974405162	1.411161581033321	0.07410582484190192	0.914164810105388	0.9853036634205158	1.1626631955693545	0.00027961604879279744
R1000S	missense	169	186	59	98	273	33	46	143	97	138	111	40	36	150	122	91	308	0.0005338525310890591	0.0005503285785336539	0.00023159763770409542	0.0003276724334808411	0.0007091409301133849	0.0005530253741054002	0.0006071723852831748	0.0004411075475339331	0.00040048384987576827	0.00045773673880685487	0.0004810789914522572	0.0005227058313572503	0.0004895410222145777	0.000566965794315323	0.00044068173105516405	0.0004005939240352	0.0005823398376986834	0.6643481189435071	0.0004546848949579938	1.030698210947391	0.6374386732908413	0.00044510178191720334	0.8627820173250871	0.6253789297107087	0.0004976453217760927	0.8126095203456887	0.04056695303938417	0.893830274308184	-0.028468254788525358	0.7458696201717262	0.9020299162060557	0.8198499472399551	0.0004658106662170966
R1000Y	missense	61	82	62	83	38	14	5	92	49	41	44	16	0	44	59	29	125	0.0001946991583971863	0.00024426348672884103	0.00024317751958930018	0.00027802509507465306	0.00010093611778986136	0.00024398178269355888	7.751136833402232e-05	0.0002848819577823318	0.00020432849483457564	0.00013830894266106405	0.0001932906662084962	0.00021673168617251842	1.323083843823183e-05	0.0001689633161866857	0.00021496669807568978	0.00013062845348973912	0.0002374589629450942	0.567992047662293	0.00021660055479566392	0.10637731525324194	0.5731010524106743	0.00020520251537161692	0.36123380154285545	0.645137281854118	0.0001880043576743022	0.9744447264807979	-0.4979919965261158	-0.33160976212915133	-1.2143350435140587	-1.1998039570483003	0.4806852810922984	-0.7657068595887259	0.00020326914261386102
R1000_	nonsense	101	91	73	113	104	10	20	201	137	94	60	19	26	177	175	93	153	0.0003203115186534355	0.0002707498889042575	0.00028563708650171767	0.00037731977188702916	0.000271751086357319	0.0001789199739752765	0.00027128978916907815	0.0006187758652906562	0.0005639466457434288	0.00031284165601907344	0.0002620162364159615	0.0002549784543206099	0.0003572326378322594	0.0006683437840273345	0.0006305689810220234	0.00040930248760118263	0.0002902276213773374	0.6348184974933725	0.0003013644584125809	0.7474275691978132	0.5310225158305499	0.00043939510086728	0.03320776241098998	0.5402080477888155	0.0004996107185069695	0.11499834647376118	0.18077462172161615	1.2128595853192932	0.1464476463592213	1.0328573748963166	0.2985445593608548	1.122858480107805	0.00041345675926227673
R1000W	missense	107	48	35	80	160	9	17	99	82	120	107	6	16	109	99	98	294	0.0003391533726918729	0.0001442037451772676	0.00013895858262245726	0.0002680956273934154	0.0004166849990812225	0.00016265452179570593	0.00023253410500206697	0.00030632468578745353	0.0003391853014253956	0.0003984614776663988	0.0004638975989003909	8.924245901221346e-05	0.00022492425344994112	0.0004130214395674539	0.0003582778301261496	0.00043107389651613913	0.0005559555084825618	0.7472412956133925	0.00024198573856859068	1.8258727576848515	0.6691015510198141	0.0003769672659449097	1.109612093014017	0.6606587394861693	0.00043958216867307615	1.1015766996923533	0.15522051724922792	1.1547136335325272	0.4014647592282323	1.451268669457844	1.3456871834637407	1.3029911514951857	0.0003528450577288588
R1000Q	missense	53	4	25	61	32	4	12	7	7	36	33	4	9	29	29	59	66	0.00016957668634593644	1.4714667875231389e-05	0.00010035897633844135	0.00020520899874557725	8.540748428372885e-05	8.132726089785297e-05	0.00016794129805704837	2.4505974862996284e-05	3.26925591735321e-05	0.00012184359234427071	0.0001460418366908638	6.374461358015247e-05	0.0001323083843823183	0.0001126422107911238	0.00010748334903784489	0.00026125690697947825	0.00012626786124858184	0.7226510304140367	0.00010142253181074471	1.5899841867603475	0.7994774697461441	8.127099076791572e-05	2.1259662653256246	0.6650416366795204	0.0001519125820142572	1.1374758002654533	0.3149213601167398	1.5180978217639682	0.31714387352819634	1.3129218324655807	1.6178087507838086	1.4155098271147746	0.00011153536819763922
R1000F	missense	86	160	94	79	56	16	13	122	77	62	38	14	13	74	78	49	100	0.00027320688355734205	0.0004738123055824507	0.0003666962596981511	0.0002647858048330029	0.0001475220183082589	0.0002765126870527001	0.0001808598594460521	0.0003767793635185679	0.00031875245194193803	0.0002074634139915961	0.0001675185773806967	0.00019123384074045744	0.00018523173813524564	0.00028160552697780946	0.0002830394857996582	0.00021771408914956524	0.0001903440893448771	0.5171648329040905	0.00031320409710546595	-0.3811960783716199	0.5387013236486695	0.00026762845170819966	0.09306842104003402	0.5814217388469923	0.00024317579781797752	0.4525683087650546	-0.18437287355411405	0.3820009387835692	-0.013849345513228046	0.7698551350500807	0.054813550477822916	0.5759280369168249	0.0002746694488772144
R1000R	silent	115	161	141	154	243	46	48	141	69	156	158	78	71	73	67	95	298	0.00036427584474312273	0.00047675523915749696	0.0005481144092330259	0.0005130224968639431	0.0006314977625827223	0.0007644762524398178	0.0006330095080611823	0.00043498105381818404	0.00028605989276840593	0.0005170119999473109	0.0006829603539366865	0.001007164894566409	0.0009526203675526918	0.00027785078661810535	0.00024362892448578176	0.0004180110511671652	0.0005634938882585965	0.6497267478494927	0.000542347476959297	0.8904388723692018	0.6884359225477249	0.0004802533251176468	1.2603344761303585	0.7107719530967451	0.00037574616263241225	1.5120401936060177	-0.0819537657612819	0.6150459476665999	-0.024180716994957798	0.7529042627433781	1.220937847368526	0.6839751052049889	0.0004661156549031187
R1000A	missense	109	100	85	70	284	11	39	66	75	72	107	19	17	75	64	73	191	0.00034543399070468536	0.000297236291079674	0.00033195661404253677	0.00023499740178929007	0.0007376100915412945	0.0001951854261548471	0.0005167424555601488	0.00020523753947759388	0.000310579312148555	0.00024039411462518277	0.0004638975989003909	0.0002549784543206099	0.00023815509188817295	0.00028536026733751364	0.00023288058958199724	0.00032221685194135655	0.0003618422292496674	0.7205301757879798	0.0004004500996131989	1.5696393322895517	0.697308624914994	0.0003050271412879306	1.329502219366609	0.6581429514789794	0.00030057498452763375	1.0809705748606515	0.4228267574262594	1.7636263644006565	-0.029643612696459955	0.7439411887096202	1.3267040421722707	1.2537837765551383	0.00033535074180958776
R1000N	missense	49	69	60	54	33	10	2	71	38	50	25	21	2	48	44	36	86	0.00015701545032031152	0.00020600535025323943	0.000235457598332497	0.0001820402408226895	8.799558986808426e-05	0.0001789199739752765	3.875568416701116e-05	0.00022055377376696656	0.00015937622597096901	0.00016794657323129206	0.00011167905158713113	0.0002804762997526709	3.9692515314695496e-05	0.0001839822776255022	0.00016122502355676732	0.00016110842597067828	0.00016395976012875552	0.5534175443210904	0.00017787469481912754	-0.03343243210892871	0.5647219492493303	0.00016488890613908968	0.2959139438463011	0.6137762287264142	0.00016756887182042582	0.7175750006707428	-0.6643234182926407	-0.7100812065544829	-0.8491875482383286	-0.6006997068064996	0.32668550413603836	-0.6553904566804913	0.00017011082425954767
R1000D	missense	64	76	75	129	76	6	30	67	42	43	46	15	31	67	60	33	106	0.00020412008541640498	0.00022660588527856338	0.0002933570077585209	0.00043027693285362974	0.0001992841299953673	0.00011385816525699414	0.00040047540305911534	0.0002083007863354684	0.00017572250555773506	0.0001448950827877814	0.00020188136248442935	0.00020398276345648793	0.0004233868300234186	0.0002553223444598806	0.00021854947637695127	0.00014804558062170436	0.0002016516590089292	0.6309758062200584	0.0002873809889715203	0.7105655449122898	0.6164330678132595	0.00018269993429135357	0.6990314184596215	0.589860877608629	0.00020589226511686634	0.5216909638923364	0.5462116659659377	2.044377073192455	0.31714387352819634	1.3129218324655807	0.6437626424214159	1.678649452829018	0.00022532439612658008
R1000E	missense	62	6	7	17	51	1	5	33	18	21	19	1	3	33	17	20	55	0.0001978394674035925	2.0600535025323943e-05	3.087968502721272e-05	5.957680608742565e-05	0.00013458149038648182	3.2530904359141185e-05	7.751136833402232e-05	0.0001041503931677342	7.764482803713875e-05	7.24475413938907e-05	8.590696275933165e-05	2.549784543206099e-05	5.292335375292732e-05	0.0001276611722299403	6.449000942270693e-05	9.14399174428174e-05	0.00010553731686448631	0.8136104795294722	6.140962913161103e-05	2.462536568362247	0.6029775002738256	8.503743133952382e-05	0.5941376440331452	0.6123365525173095	9.728210398998773e-05	0.7057830104087409	0.37706926686558434	1.659509515269854	0.31714387352819634	1.3129218324655807	1.2541524076013777	1.4862156738677172	8.124305482037419e-05
R1000K	missense	58	99	53	70	75	6	13	119	75	69	46	10	13	83	85	40	65	0.0001852782313779676	0.0002942933575046278	0.00020843787393368587	0.00023499740178929007	0.00019669602441101187	0.00011385816525699414	0.0001808598594460521	0.00036758962294494425	0.000310579312148555	0.00023051490443510677	0.00020188136248442935	0.00014023814987633546	0.00018523173813524564	0.00031539819021514663	0.0003081189339084887	0.00017852555310264348	0.00012438326630457317	0.5893855086056323	0.0002336061644096539	0.31159970257363956	0.5600342973955101	0.00027764130050325885	0.25937104108850706	0.5301950458852076	0.00023160648588271297	0.03298461297310822	0.20097800780990308	1.2588304826633299	0.1208492283842281	0.9908575769880658	0.2013184522117516	1.1248440298256979	0.0002476179835985419
R1000H	missense	45	9	3	14	21	1	10	6	1	47	11	3	4	14	7	44	59	0.0001444542142946866	2.9429335750462777e-05	1.543984251360636e-05	4.964733840618804e-05	5.6938322855819224e-05	3.2530904359141185e-05	0.00014210417527904092	2.1442728005121748e-05	8.173139793383025e-06	0.00015806736304121606	5.1544177655598985e-05	5.099569086412198e-05	6.615419219115915e-05	5.63211053955619e-05	2.866222641009197e-05	0.00019594268023460871	0.00011307569664052105	0.7213442779163821	3.78637098815191e-05	1.5774488205605623	0.7505074479707684	5.9806852123829956e-05	1.7442171935966146	0.7320884402664066	9.850042717019591e-05	1.6866376534619656	0.6403107016401657	2.2584905435904057	0.11302389087227156	0.9780184009738648	1.6694345558730477	1.6182544722821353	6.539032972518166e-05
R1000P	missense	54	46	25	37	82	9	9	55	41	41	15	3	1	67	54	53	45	0.00017271699535234268	0.00013831787802717505	0.00010035897633844135	0.00012577325729567639	0.0002148127635014998	0.00016265452179570593	0.0001291856138900372	0.00017154182404097398	0.00017163593566104355	0.00013830894266106405	6.872557020746531e-05	5.099569086412198e-05	2.646167687646366e-05	0.0002553223444598806	0.0001970528065693823	0.00023513121628153044	8.669136742439947e-05	0.6800050219661872	0.00014481571879069815	1.1808911612544217	0.5473536597739458	0.00013755306814263672	0.16051828453534708	0.5494678554965182	0.00019354943368379818	0.19084287431043193	-0.10005198785407819	0.5738651522146992	-0.284916117799766	0.32511086738486816	0.5107507733667336	0.4494880097997837	0.0001586394068723777
L1001L	silent	146	367	247	156	312	45	50	275	150	181	249	71	80	212	187	145	462	0.00046162542394171584	0.00108299955561703	0.0009572702358435944	0.0005196421419847682	0.0008100770479032462	0.0007482108002602472	0.0006588466308391897	0.0008454561327733718	0.0006170720544004185	0.0005993387515312776	0.0010738370344916454	0.0009179224355541956	0.0010716979134967784	0.000799759696616979	0.0006735623206371613	0.0006357251403167304	0.0008725674590760208	0.5783976363144746	0.0008424972453371598	0.20619565462014086	0.6516052459029354	0.0007839259932991782	0.9732184792293782	0.6325708185947494	0.0007454036541617228	0.8715162961537997	-0.05523964343771581	0.6758314105393152	0.06726640031159653	0.9029432397582605	0.6836434766677728	0.7893873251487878	0.0007906089642660203
L1001Y	missense	58	142	85	72	105	18	29	88	75	103	74	14	33	70	61	48	194	0.0001852782313779676	0.0004208395012316177	0.00033195661404253677	0.00024161704691011516	0.00027433919194167443	0.00030904359141184127	0.0003875568416701116	0.00027262897035083367	0.000310579312148555	0.00034247928658930147	0.0003221511103474937	0.00019123384074045744	0.00044984850689988224	0.000266586565538993	0.00022213225467821276	0.00021335980736657392	0.0003674960140816934	0.5727990628668366	0.000317188088531486	0.15248986986862847	0.6430778971477574	0.00031195966985904594	0.9067429631160556	0.6593542992308995	0.0002673936604163683	1.0908923897827874	0.09831566591275526	1.0252320175432506	0.371501535850789	1.4021074545827001	0.7167084075891571	1.2136697360629753	0.0002988471396023001
L1001I	missense	55	54	8	48	35	6	11	30	41	66	30	6	1	41	48	48	121	0.0001758573043587489	0.00016186134662754526	3.4739645655614314e-05	0.0001621813054602143	9.31718010367951e-05	0.00011385816525699414	0.00015502273666804465	9.49606525941106e-05	0.00017163593566104355	0.00022063569424503074	0.00013315579227696404	8.924245901221346e-05	2.646167687646366e-05	0.00015769909510757332	0.00017555613676181332	0.00021335980736657392	0.00022992058316905948	0.6032536055155086	0.00011298852469504225	0.4446330608962222	0.6579602518736577	0.00015509701869428723	1.022759352241108	0.665962083297786	0.000194133905601255	1.145014924334211	0.13403121817928987	1.1064993842933388	-0.5279541664860604	-0.07364615497532452	0.870802445823847	0.5164266146590072	0.00015407314966352814
L1001N	missense	44	21	29	30	26	5	6	22	27	25	16	4	9	13	37	29	47	0.00014131390528828035	6.47445386510181e-05	0.00011579881885204771	0.00010260449937278863	6.987885077759632e-05	9.759271307742355e-05	9.042992972302605e-05	7.045467773111431e-05	0.00011442395710736236	8.561982164732537e-05	7.30209183454319e-05	6.374461358015247e-05	0.0001323083843823183	5.256636503585777e-05	0.00013614557544793687	0.00013062845348973912	9.046055731241685e-05	0.6257820289699737	8.825667691336269e-05	0.6607428738963308	0.6173201516554004	8.587984370780849e-05	0.7059467397318168	0.6579932905633996	0.00010245023782148765	1.0797447436300194	-0.0331051982234649	0.7261962505846906	0.31714387352819634	1.3129218324655807	0.8154781190860557	1.0195590415251357	9.219558614755295e-05
L1001S	missense	124	133	144	114	83	14	25	181	135	133	68	23	12	142	149	78	137	0.0003925386258007788	0.0003943530990562012	0.0005596942911182306	0.0003806295944474417	0.00021740086908585523	0.00024398178269355888	0.00033588259611409674	0.0005575109281331655	0.0005557735059500458	0.0004412713884900615	0.00029637902151969416	0.0003059741451847319	0.0001720008996970138	0.0005369278714376901	0.0005374167451892244	0.00034398826085631305	0.00026007410227319843	0.5678249213718637	0.0003880194634269322	0.10477411246166209	0.5643618689384227	0.0004627337110232417	0.29310691376027415	0.5487379696807065	0.0004196017449391065	0.18486458115118293	0.13883010106105856	1.1174187891574443	-0.25015401154055406	0.38214569817707933	0.19424853579103973	0.7497822436672619	0.0004234516397964268
L1001V	missense	217	52	76	94	193	8	42	76	68	205	156	1	42	100	110	158	409	0.0006845873633965582	0.0001559754794774527	0.00029721696838692246	0.00031443314323919094	0.0005020924833649514	0.00014638906961613534	0.0005554981397271599	0.00023587000805633924	0.0002819733228717144	0.0006783724330518856	0.0006743696576607534	2.549784543206099e-05	0.0005689260528439688	0.0003792287763301168	0.0003976883914400261	0.0006923308034956174	0.0007726839270435605	0.7289174766174576	0.00031742951861712937	1.6500967161583218	0.7393958756967584	0.00046764635541017314	1.6575961906387167	0.7072397786317823	0.0005604829745773302	1.4831091279739528	0.5791739582861835	2.1193796569106698	1.3485523377798205	3.0051727794477365	1.5969340115903305	2.5622762181792034	0.00044851961620154425
L1001R	missense	227	236	158	316	399	44	79	281	266	378	227	51	177	267	241	187	416	0.0007159904534606205	0.0006974752572859678	0.0006137337399158529	0.001049213751650774	0.0010352422337421678	0.0007319453480806766	0.0010334849111202976	0.0008638356139206191	0.001091114162416634	0.001248073554012935	0.0009793393754563807	0.0006629439812335857	0.002355089242005266	0.0010062704164007059	0.0008670323489052821	0.0008186049752023653	0.0007858760916516213	0.6783320037654471	0.0008489162456486905	1.1648422951969057	0.6400474358520064	0.0010455906764516422	0.8831187999112646	0.5994948801378833	0.0008694459580399936	0.6006004181783864	0.14982548536252177	1.1424377478989125	0.55053053653831	1.6958436478090677	0.8828538377621854	1.4191406978539902	0.000921317626713442
L1001W	missense	106	100	42	62	62	11	14	129	47	83	37	4	12	65	78	64	130	0.00033601306368546665	0.000297236291079674	0.00016597830702126838	0.00020851882130598978	0.00016305065181439142	0.0001951854261548471	0.0001937784208350558	0.0003982220915236896	0.00019615535504119262	0.0002766178853221281	0.00016322322924273012	6.374461358015247e-05	0.0001720008996970138	0.00024781286374047235	0.0002830394857996582	0.0002830283158944348	0.00024688193766513766	0.5710913881920975	0.0002086960178053309	0.13610855249110282	0.5495161902867362	0.0002585546402824351	0.17737643541855744	0.6246695834530938	0.00026519065077492576	0.806799461035627	-0.003141974846021727	0.7943747361099196	0.43108722583503317	1.499870798395848	0.37342814964842913	1.1471227672528839	0.0002441471029542306
L1001K	missense	64	30	25	49	82	12	17	57	56	66	47	23	9	37	24	28	145	0.00020412008541640498	9.12309408264346e-05	0.00010035897633844135	0.00016549112802062682	0.0002148127635014998	0.0002114508783344177	0.00023253410500206697	0.00017766831775672305	0.00023293448411141625	0.00022063569424503074	0.00020617671062239594	0.0003059741451847319	0.0001323083843823183	0.00014268013366875682	8.95694575315374e-05	0.00012627417170674784	0.0002751508618252679	0.720270663252174	0.00014297345217175063	1.567149890198873	0.6359304184085822	0.0002093538016838915	0.8510243157689351	0.7106348198470415	0.00015841865618307748	1.5109169730270602	0.0412771649423912	0.8954462944318887	-0.3640973638473909	0.19519673224681222	1.3096970596649562	0.5453215133393505	0.00017024863667957323
L1001_	nonsense	69	114	100	125	97	5	5	101	129	71	36	16	7	73	101	43	81	0.0002198216304484361	0.0003384373611303219	0.00038985602346856065	0.00041703764261197956	0.0002536343472668311	9.759271307742355e-05	7.751136833402232e-05	0.0003124511795032026	0.0005312540865698966	0.0002371010445618241	0.00015892788110476354	0.00021673168617251842	0.00010584670750585465	0.00027785078661810535	0.0003654433867286726	0.0001915883984516174	0.0001545367854087121	0.6046968328708735	0.0003497413436194233	0.45847759797690024	0.5489027464282176	0.0003099335479349217	0.1725942928942695	0.5562984696599929	0.00024735483930177687	0.24679054864844857	-0.10005198785407812	0.5738651522146996	-0.31124505652211515	0.28191249057276874	0.29262081317320615	0.4278888213937342	0.0003023432436187073
L1001G	missense	227	180	122	207	279	30	55	244	146	205	132	35	34	215	242	208	376	0.0007159904534606205	0.0005326709770833763	0.00047477515729339563	0.0006884430925658075	0.0007246695636195174	0.0005042290175666884	0.0007234394377842084	0.0007504954801792612	0.0006007257748136525	0.0006783724330518856	0.0005712813023495554	0.0004589612177770978	0.0004630793453381141	0.0008110239176960913	0.0008706151272065436	0.0009100448926451826	0.0007104922938912739	0.6657789979094798	0.0006051396976405241	1.0444242928628507	0.6028922537151075	0.0006502187475985887	0.5934730987975314	0.6150760480512891	0.0008255440578597728	0.7282214618155146	0.1567743453178496	1.1582492225828351	0.003879421447203596	0.7989430509606653	0.7887062844919656	0.9785961367717502	0.0006936341676996284
L1001C	missense	94	77	55	109	112	31	27	69	52	85	93	55	61	52	69	87	121	0.0002983293556085919	0.00022954881885360967	0.00021615779519048906	0.000364080481645379	0.0002924559310321624	0.000520494469746259	0.0003617197188921042	0.00021442728005121748	0.00021658820452465018	0.00028320402544884546	0.0004037627249688587	0.0007139396720977077	0.0008203119831703735	0.0001990012390643187	0.00025079448108830476	0.0003831767969032348	0.00022992058316905948	0.6631771549954614	0.00027556075668041	1.0194654320379608	0.6959561985661569	0.000279495558748393	1.31895928953867	0.6514773037948867	0.0002657232750562294	1.0263740953997371	-0.15804393483176488	0.4419099527425841	0.06031754035626861	0.8915421166848889	1.1215996056587894	0.6667260347137365	0.00027359319682834413
L1001A	missense	75	102	51	74	102	22	28	68	61	116	91	22	53	62	89	75	114	0.00023866348448687351	0.0003031221582297666	0.0002007179526768827	0.00024823669203094024	0.0002665748751886082	0.0003741054001301236	0.0003746382802811079	0.00021136403319334295	0.0002533673335948738	0.00038528919741296415	0.00039517202869292553	0.0002932252224687014	0.0007144652756645188	0.00023654864266135997	0.00032245004711353465	0.00033092541550733913	0.00021672841856099868	0.6173767968109947	0.00025466291953154944	0.5801134790444937	0.693598409416389	0.0003112981482235266	1.300578986924444	0.6192410441840617	0.0002766631309608081	0.762335794974822	0.000618174027285098	0.8029305998199785	0.3867798016695908	1.4271747879392014	0.8810094203145865	1.11505269387959	0.00028087473290529474
L1001P	missense	45	16	18	72	47	6	19	24	12	84	41	12	16	21	21	49	139	0.0001444542142946866	5.002987077578672e-05	7.333925193963022e-05	0.00024161704691011516	0.00012422906804906013	0.00011385816525699414	0.0002583712277800744	7.658117144686338e-05	5.312540865698967e-05	0.0002799109553854868	0.00018040462179459645	0.00016573599530839644	0.00022492425344994112	8.260428791349079e-05	7.882112262775292e-05	0.00021771408914956524	0.0002638432921612158	0.7248730611520477	0.00012230380941864806	1.611299599631677	0.7390329840004364	0.00014750553932098406	1.6547672442101335	0.7577037807067164	0.0001607456979630062	1.8964458333288947	0.35587996779564623	1.6112952660306654	0.13261944693565234	1.010169192298773	1.7208375590569016	1.3107322291647192	0.00014351834890087944
L1001D	missense	38	10	6	14	44	0	4	30	30	24	29	0	3	11	11	19	60	0.00012247205124984298	3.237226932550905e-05	2.7019724398811132e-05	4.964733840618804e-05	0.00011646475129599387	1.6265452179570593e-05	6.45928069450186e-05	9.49606525941106e-05	0.0001266836667974369	8.23267515839667e-05	0.00012886044413899745	1.2748922716030496e-05	5.292335375292732e-05	4.505688431644952e-05	4.299333961513795e-05	8.708563565982608e-05	0.00011496029158452974	0.7773836374388927	5.6376020856625526e-05	2.1150210804008434	0.6415602715545158	0.00010820787877862791	0.8949122115572824	0.7343613776070911	7.252403779398582e-05	1.705254655547565	0.5989180164819407	2.1643053970071806	0.6181738691921775	1.806827315005937	1.5717293158352303	1.9855663560065588	7.903597914307976e-05
L1001M	missense	87	117	95	101	79	22	7	180	124	94	51	9	4	91	108	101	173	0.0002763471925637483	0.0003472661618554608	0.00037055622032655265	0.0003376019011620787	0.00020704844674843356	0.0003741054001301236	0.00010334849111202976	0.000554447681275291	0.0005108212370864391	0.00031284165601907344	0.00022335810317426226	0.00012748922716030494	6.615419219115915e-05	0.0003454361130927796	0.0003905228348375031	0.00044413674186511305	0.00032791952025751104	0.5800873997440413	0.0003156181825231314	0.2224051536787938	0.5320190747354243	0.0004003671693887664	0.04097650383822726	0.6250882060501372	0.0003770038025132267	0.810228283125324	-0.5586898368797274	-0.46972196647485404	-0.284916117799766	0.32511086738486816	0.35786998021411504	-0.07230554954499294	0.0003643297181417082
L1001F	missense	61	38	46	40	106	22	17	57	46	57	53	23	6	64	35	50	125	0.0001946991583971863	0.00011477440942680483	0.00018141814953487475	0.000135702724976914	0.00027692729752602985	0.0003741054001301236	0.00023253410500206697	0.00017766831775672305	0.0001920687851445011	0.00019099806367480274	0.00023194879945019544	0.0003059741451847319	9.261586906762282e-05	0.0002440581233807682	0.00012898001884541387	0.00022206837093255652	0.0002374589629450942	0.70272453418968	0.00017720564536615586	1.398834043409345	0.6505099652799976	0.0001981709915065556	0.9646801460628704	0.636003769806055	0.00020814136902595819	0.8996346515156731	-0.20650731876836492	0.33163609873819383	-0.5189993238331341	-0.05895377898199173	1.0877162803292961	0.13634115987810105	0.00019450600196622322
L1001E	missense	40	43	35	44	73	9	6	85	67	54	31	2	1	62	73	40	86	0.00012875266926265546	0.0001294890773020362	0.00013895858262245726	0.00014894201521856415	0.00019151981324230102	0.00016265452179570593	9.042992972302605e-05	0.00026343922977721003	0.0002778867529750229	0.00018111885348472674	0.00013745114041493063	3.824676814809149e-05	2.646167687646366e-05	0.00023654864266135997	0.0002651255942933507	0.00017852555310264348	0.00016395976012875552	0.6652513928910916	0.00015222737209633967	1.0393631032908304	0.5559898841739029	0.00021497399416297257	0.22784254800105955	0.5799305151020595	0.0002110398875465274	0.4403541068719441	-0.2549539478398213	0.22140036884736392	-0.15997738119146607	0.5301001637385283	0.5691865860546114	0.3757502662929461	0.00019274708460194652
L1001T	missense	98	108	80	66	53	9	12	79	49	61	33	11	2	78	65	47	101	0.0003108905916342168	0.0003207797596800443	0.0003126568109005288	0.00022175811154763993	0.00013975770155519264	0.00016265452179570593	0.00016794129805704837	0.0002450597486299628	0.00020432849483457564	0.00020417034392823742	0.0001460418366908638	0.00015298707259236595	3.9692515314695496e-05	0.000296624488416626	0.00023646336788325876	0.0002090055255835826	0.0001922286842888858	0.5453523600571156	0.0002487380959208514	-0.11079982830608877	0.5785374360474723	0.0001999001060209099	0.4036134928656391	0.579426146639346	0.00023358051654308827	0.4362229640752754	0.013891364452758636	0.833132491315338	-0.5859461134637473	-0.16879461515548824	0.24301220954494193	0.33216893807992487	0.00022740623949494987
L1001Q	missense	39	17	20	56	24	1	0	16	12	42	18	1	0	22	20	42	25	0.00012561236025624922	5.2972804350832996e-05	8.10591731964334e-05	0.00018865988594351458	6.470263960888549e-05	3.2530904359141185e-05	1.291856138900372e-05	5.20751965838671e-05	5.312540865698967e-05	0.00014160201272442273	8.161161462136506e-05	2.549784543206099e-05	1.323083843823183e-05	8.63590282731949e-05	7.523834432649142e-05	0.00018723411666862608	4.899946854422579e-05	0.6710739044367979	9.684862577491662e-05	1.095217073004995	0.6924018665334514	8.210355814666114e-05	1.2912512570545125	0.624973950354056	9.945773945313455e-05	0.8092924462704489	-0.4010819835180594	-0.11110017823393115	-0.284916117799766	0.32511086738486816	1.0652535921099855	0.10700534457546851	9.280330779157075e-05
L1001H	missense	38	34	13	27	7	2	1	35	42	15	6	2	6	37	25	18	29	0.00012247205124984298	0.00010300267512661972	5.4039448797622264e-05	9.267503169155101e-05	2.0704844674843356e-05	4.8796356538711774e-05	2.583712277800744e-05	0.00011027688688348328	0.00017572250555773506	5.2689121013738686e-05	3.0067436965766077e-05	3.824676814809149e-05	9.261586906762282e-05	0.00014268013366875682	9.31522358327989e-05	8.273135387683478e-05	5.6537848320260525e-05	0.5287347607454391	6.760550007265909e-05	-0.2702085098330404	0.5017268250579289	9.218898760518077e-05	-0.1951687494355258	0.5354083539346512	9.377539292466275e-05	0.07568537955039419	-0.2761432469097594	0.17318611960817545	0.3840906631588095	1.4227626686390773	-0.12989729323939067	0.7979743941236264	8.452329353416754e-05
Q1002M	missense	34	7	9	31	31	6	0	28	28	15	6	1	1	42	31	25	39	0.00010991081522421806	2.3543468600370222e-05	3.8599606284015906e-05	0.00010591432193320116	8.281937869937342e-05	0.00011385816525699414	1.291856138900372e-05	8.883415887836153e-05	0.00011851052700405388	5.2689121013738686e-05	3.0067436965766077e-05	2.549784543206099e-05	2.646167687646366e-05	0.00016145383546727743	0.00011464890564036788	0.00011321132635777392	7.538379776034737e-05	0.7471428555119591	6.271919387924018e-05	1.8249284451831147	0.5206736756343656	7.252531096548004e-05	-0.04746731174941808	0.5551568524859593	0.00011617446630644165	0.23743987763367283	-0.9451500278683349	-1.3490756396590764	0.01611387786421517	0.8190163499252244	0.6716336703557899	-0.265029644866926	8.380632371705395e-05
Q1002Y	missense	31	38	56	31	20	8	4	15	17	29	33	6	21	11	9	8	44	0.00010048988820499937	0.00011477440942680483	0.00022001775581889066	0.00010591432193320116	5.435021727146381e-05	0.00014638906961613534	6.45928069450186e-05	4.901194972599257e-05	7.355825814044724e-05	9.879210190076005e-05	0.0001460418366908638	8.924245901221346e-05	0.00029107844564110026	4.505688431644952e-05	3.582778301261496e-05	3.918853604692174e-05	8.480677248039078e-05	0.5504186420221155	0.00012376417611259012	-0.06220018926454942	0.7326210991711795	9.185103661451592e-05	1.6047829682620887	0.6998062475442218	5.121999396409425e-05	1.422223127606337	-0.3553244929573843	-0.006983329103128431	0.5134385186721646	1.6349860879430957	0.9882686355346255	0.8140013794199836	8.894506889706676e-05
Q1002K	missense	44	9	10	41	127	12	6	58	28	53	54	8	4	62	51	43	138	0.00014131390528828035	2.9429335750462777e-05	4.245956691241749e-05	0.00013901254753732653	0.0003312775147974937	0.0002114508783344177	9.042992972302605e-05	0.0001807315646145976	0.00011851052700405388	0.00017782578342136806	0.00023624414758816203	0.00011474030444427445	6.615419219115915e-05	0.00023654864266135997	0.0001863044716655978	0.0001915883984516174	0.0002619586972172071	0.856034764916196	0.00013554474124942512	2.869502657228575	0.664578227720363	0.0001783280056570454	1.0743502244647989	0.6366262652501465	0.00021910005249894558	0.9047333397960278	-0.368897300146658	-0.03786697025327451	-0.23915862723909093	0.40018602860047237	1.616195407163134	0.18115952917359893	0.00017765759980180535
Q1002S	missense	95	44	31	69	136	5	28	81	52	91	79	7	35	45	66	57	153	0.00030146966461499814	0.0001324320108770825	0.0001235187401088509	0.00023168757922887754	0.00035457046505669244	9.759271307742355e-05	0.0003746382802811079	0.0002511862423457119	0.00021658820452465018	0.00030296244582899746	0.0003436278510373266	0.00010199138172824396	0.0004763101837763459	0.0001727180565463898	0.00024004614618452024	0.0002525483434134957	0.0002902276213773374	0.7399632083527983	0.00021055219881787584	1.75605579601132	0.6657966814078796	0.0002785911859341715	1.0838487614735808	0.6727519030765277	0.00023888504188043577	1.2006284631322548	0.5841947596612344	2.1308040163516386	0.6693263916395589	1.8907542048389732	1.3468443402057186	2.0107791105953057	0.0002426761422108277
Q1002G	missense	164	136	101	113	376	49	67	92	50	167	234	48	128	56	59	63	230	0.000518150986057028	0.00040318189978134005	0.0003937159840969622	0.00037731977188702916	0.0009757158053019931	0.0008132726089785296	0.000878462174452253	0.0002848819577823318	0.00020841506473126716	0.0005532357706442562	0.0010094068124221467	0.0006246972130854942	0.001706778158531906	0.00021402020050313521	0.00021496669807568978	0.0002786740341114435	0.0004353414320660061	0.7239103578761147	0.0005374833652668312	1.6020646158629726	0.7781170506539496	0.0005139849013950004	1.9594496932564613	0.7045789069604778	0.00028575059118906865	1.4613146629143607	0.03348692051613937	0.8777203288319043	0.4365075081349505	1.5087639558333341	1.6742763240112648	1.1932421423326192	0.0004457396192836334
Q1002L	missense	122	97	65	77	123	9	11	136	61	126	75	7	5	92	93	74	214	0.00038625800778796634	0.0002884074903545352	0.00025475740147450494	0.00025816615971217783	0.000320925092460072	0.00016265452179570593	0.00015502273666804465	0.0004196648195288114	0.0002533673335948738	0.00041821989804655086	0.00032644645848546025	0.00010199138172824396	7.938503062939099e-05	0.00034919085345248374	0.00033678116031858065	0.00032657113372434784	0.0004051879129618671	0.6362453789063605	0.0002805640360003225	0.7611153035373878	0.6148777386467859	0.0003544246274139241	0.6869067461803676	0.6389114141897817	0.00035443276511431984	0.9234503637163977	-0.020870741806453322	0.7540346009260032	-0.10882485874408475	0.6140270535715644	0.790490804478051	0.6840308272487838	0.0003298071428428555
Q1002_	nonsense	74	182	171	138	65	27	7	255	153	89	47	23	17	158	190	67	91	0.00023552317548046728	0.0005385568442334688	0.0006639132280850735	0.00046006533589734255	0.0001708149685674577	0.0004554326610279766	0.00010334849111202976	0.0007841911956158811	0.000629331764090493	0.0002963763057022801	0.00020617671062239594	0.0003059741451847319	0.00023815509188817295	0.0005970037171929561	0.0006843106555409458	0.0002960911612434087	0.00017338273484879895	0.535882179441945	0.0004583375941958356	-0.2016450206453747	0.4901541653863435	0.00047901899400776255	-0.2853841899621413	0.5065474670130722	0.00043769706720652737	-0.16070617528652184	-0.6441200322043538	-0.664110309210446	-0.10882485874408482	0.6140270535715643	-0.21591179529801263	-0.02504162781944086	0.0004583512184700418
Q1002F	missense	46	38	35	33	46	15	29	60	29	30	30	20	8	73	60	40	89	0.00014759452330109283	0.00011477440942680483	0.00013895858262245726	0.00011253396705402623	0.0001216409624647047	0.0002602472348731295	0.0003875568416701116	0.00018685805833034666	0.00012259709690074538	0.00010208517196411871	0.00013315579227696404	0.0002677273770366404	0.00011907754594408647	0.00027785078661810535	0.00021854947637695127	0.00017852555310264348	0.00016961354496078157	0.6235076701470609	0.00012197698039199826	0.6389254901407259	0.5833210902822368	0.0001361740298680437	0.44090478858877374	0.5710155936679573	0.00021113484026462042	0.3673344472619452	0.17294928420965947	1.1950537687164435	-0.35186290743037923	0.21527003121137156	0.4823882419971482	0.7051618999639075	0.0001564286168415541
Q1002T	missense	64	18	14	49	207	5	56	17	22	67	72	7	92	24	24	47	134	0.00020412008541640498	5.591573792587927e-05	5.7899409426023855e-05	0.00016549112802062682	0.0005383259615459273	9.759271307742355e-05	0.000736357999173212	5.513844344174164e-05	9.39911076239048e-05	0.00022392876430838942	0.0003135604140715605	0.00010199138172824396	0.0012304679747555602	9.386850899260315e-05	8.95694575315374e-05	0.0002090055255835826	0.00025442031744117235	0.8627019763975209	0.00020440805922961432	2.933459632707732	0.7897937075108699	0.00017165468236139908	2.050475850779408	0.7411549549774892	0.00016171595238722387	1.760898971741207	0.8776716174347696	2.7985828947337836	1.0815068394262066	2.5670262903124907	2.2482781517427823	2.682804592523137	0.00017925956465941243
Q1002R	missense	172	169	116	115	220	21	44	102	92	183	172	26	26	133	115	106	353	0.0005432734581082778	0.0005002987077578672	0.00045161539352298605	0.0003839394170078542	0.0005719713341425477	0.000357839947950553	0.0005813352625051674	0.00031551442636107717	0.0003800510003923107	0.0006059248916579949	0.0007430952278682187	0.0003442209133328234	0.0003572326378322594	0.0005031352082003529	0.00041560228294633357	0.0004659081507800696	0.0006671466101790742	0.634653788609784	0.0004769562131078138	0.7458475560156347	0.7172324024624599	0.0005111463865699003	1.4848193564299415	0.6580406302839187	0.0005129480630264576	1.0801324902079208	0.21073784509905932	1.2810380708445221	0.01611387786421517	0.8190163499252244	1.103599800884499	1.0500272103848733	0.0005003502209013905
Q1002Q	silent	80	78	35	82	82	12	11	83	67	100	87	6	12	62	84	61	189	0.0002543650295189047	0.00023249175242865593	0.00013895858262245726	0.00027471527251424053	0.0002148127635014998	0.0002114508783344177	0.00015502273666804465	0.00025731273606146096	0.0002778867529750229	0.0003326000763992255	0.00037799063614105924	8.924245901221346e-05	0.0001720008996970138	0.00023654864266135997	0.0003045361556072272	0.0002699654705454609	0.00035807303936165	0.6370095530111597	0.0002152445927667134	0.7684458441418593	0.6668155303292169	0.00031144755039419215	1.0917912662112077	0.6602831158539256	0.0002922808270439245	1.0985000702491612	-0.13481409411329007	0.4947672618253647	0.28495919015679516	1.2601158270842954	0.9862457268674095	0.87744154445483	0.00027299099006827663
Q1002W	missense	68	47	15	27	46	3	5	42	24	32	23	12	14	52	37	26	47	0.0002166813214420299	0.00014126081160222131	6.175937005442545e-05	9.267503169155101e-05	0.0001216409624647047	6.506180871828237e-05	7.751136833402232e-05	0.00013171961488860502	0.00010216424741728782	0.00010867131209083605	0.00010308835531119797	0.00016573599530839644	0.00019846257657347746	0.0001990012390643187	0.00013614557544793687	0.00011756560814076522	9.046055731241685e-05	0.6166302829125123	0.00010433404395322562	0.572952348602806	0.6027325629212258	0.00011141088242698171	0.5922282185602379	0.5457890429801989	0.00013579324499135939	0.16071073689382318	0.07603927120160313	0.9745441848212235	0.07826178461305969	0.9209835701816537	0.4419637680189557	0.9477638775014385	0.0001171793904571889
Q1002I	missense	39	13	8	8	10	2	1	13	31	25	18	0	1	34	21	28	65	0.00012561236025624922	4.120107005064789e-05	3.4739645655614314e-05	2.9788403043712825e-05	2.8469161427909612e-05	4.8796356538711774e-05	2.583712277800744e-05	4.2885456010243496e-05	0.0001307702366941284	8.561982164732537e-05	8.161161462136506e-05	1.2748922716030496e-05	2.646167687646366e-05	0.00013141591258964444	7.882112262775292e-05	0.00012627417170674784	0.00012438326630457317	0.5848104308574937	3.3549570044471154e-05	0.26771206886462284	0.6510453001703734	8.52217822432656e-05	0.968853384915051	0.6321478157568138	0.00011522361830717959	0.8680515967205586	-0.2761432469097594	0.17318611960817545	0.31714387352819634	1.3129218324655807	0.7015390168334109	0.7430539760368781	7.799832353163878e-05
Q1002V	missense	112	34	28	44	154	9	40	48	32	102	101	7	48	44	57	68	238	0.000354854917723904	0.00010300267512661972	0.00011193885822364612	0.00014894201521856415	0.00040115636557509	0.00016265452179570593	0.0005296610169491525	0.00015009909603585223	0.00013485680659081992	0.0003391862165259428	0.0004381255100725914	0.00010199138172824396	0.0006483110834733597	0.0001689633161866857	0.00020780114147316678	0.0003004454430264	0.00045041819161807553	0.7771920966343694	0.00019125997853598	2.113183674976931	0.7507226313138025	0.00026556690730630155	1.7458946697029476	0.7288694555237409	0.00028190702307608203	1.6602718383578532	0.5127318688656574	1.968196956212536	0.8032199709007852	2.1104358771859664	1.8397833943459105	2.0393164166992515	0.0002462446363061212
Q1002C	missense	60	7	18	12	22	1	2	26	24	24	18	5	3	35	23	17	59	0.00019155884939078005	2.3543468600370222e-05	7.333925193963022e-05	4.302769328536297e-05	5.952642844017465e-05	3.2530904359141185e-05	3.875568416701116e-05	8.270766516261246e-05	0.00010216424741728782	8.23267515839667e-05	8.161161462136506e-05	7.649353629618297e-05	5.292335375292732e-05	0.00013517065294934856	8.59866792302759e-05	7.837707209384348e-05	0.00011307569664052105	0.6736603427827145	4.985921056638452e-05	1.1200281614685133	0.6167126698725734	8.720256969630801e-05	0.7012110749663357	0.6026137096803893	0.00010315252522849725	0.6261458896958625	0.07603927120160313	0.9745441848212235	-0.15997738119146607	0.5301001637385283	0.8157950420435705	0.7523221742798759	8.007143516372993e-05
Q1002E	missense	42	6	13	14	29	1	2	10	7	18	31	8	3	8	17	14	62	0.0001350332872754679	2.0600535025323943e-05	5.4039448797622264e-05	4.964733840618804e-05	7.764316753066258e-05	3.2530904359141185e-05	3.875568416701116e-05	3.369571543661989e-05	3.26925591735321e-05	6.256833120381469e-05	0.00013745114041493063	0.00011474030444427445	5.292335375292732e-05	3.379266323733714e-05	6.449000942270693e-05	6.531422674486956e-05	0.0001187294814725471	0.7282136029351732	5.04826224399492e-05	1.6433446231784627	0.7850657506182767	6.660193655722433e-05	2.013618747402954	0.7381822463921407	7.058159521936518e-05	1.7365503366324864	0.07603927120160313	0.9745441848212235	-0.33606864024714733	0.24118397755183207	1.7978379024046343	0.6078640811865278	6.255538473884624e-05
Q1002D	missense	38	16	12	18	26	3	3	12	6	14	40	3	8	23	30	11	85	0.00012247205124984298	5.002987077578672e-05	5.017948816922067e-05	6.288662864783819e-05	6.987885077759632e-05	6.506180871828237e-05	5.167424555601488e-05	3.982220915236896e-05	2.860598927684059e-05	4.939605095038002e-05	0.00017610927365662986	5.099569086412198e-05	0.00011907754594408647	9.011376863289904e-05	0.00011106612733910638	5.225138139589565e-05	0.00016207516518474684	0.6637671051675753	5.824370959261048e-05	1.0251246838552315	0.8077161677359013	7.348338075905486e-05	2.190191585140103	0.6722524092368408	0.00010387661063816198	1.1965372470266697	-0.10005198785407819	0.5738651522146992	0.3682963959755776	1.3968487222986168	1.4706178386740014	0.985356937256658	7.85345669966091e-05
Q1002A	missense	39	128	73	91	64	20	10	83	72	65	5	14	13	66	69	41	42	0.00012561236025624922	0.0003796384311809698	0.00028563708650171767	0.00030450367555795335	0.00016822686298310227	0.00034157449577098246	0.00014210417527904092	0.00025731273606146096	0.00029831960245848047	0.0002173426241816721	2.5772088827799493e-05	0.00019123384074045744	0.00018523173813524564	0.00025156760410017647	0.00025079448108830476	0.0001828798348856348	8.103758259237342e-05	0.5574072011554854	0.0002845015140559358	0.0048393978821229065	0.5036225691705679	0.00019968676288235324	-0.18039034973304502	0.5304677978613669	0.00019156987566662232	0.03521864908933462	-0.3808785974297724	-0.06512928088989425	-0.013849345513228046	0.7698551350500807	-0.0467774342538625	0.35236292708009326	0.00022525271753497046
Q1002P	missense	54	47	30	47	36	4	4	40	29	48	7	4	4	35	65	37	59	0.00017271699535234268	0.00014126081160222131	0.0001196587794804493	0.00015887148289980173	9.575990662115051e-05	8.132726089785297e-05	6.45928069450186e-05	0.00012559312117285594	0.00012259709690074538	0.00016136043310457473	3.436278510373266e-05	6.374461358015247e-05	6.615419219115915e-05	0.00013517065294934856	0.00023646336788325876	0.00016546270775366956	0.00011307569664052105	0.6014111564170749	0.00012888774515090572	0.4269588844972606	0.5588475554008832	0.00011097835907047716	0.2501197146972557	0.5986059382616499	0.00016254310630669947	0.5933193407515749	-0.10005198785407819	0.5738651522146992	0.01611387786421517	0.8190163499252244	0.4234659799820304	0.6964407510699618	0.00013413640350936078
Q1002N	missense	31	14	14	29	23	2	12	30	12	46	24	0	1	32	45	37	38	0.00010048988820499937	4.414400362569416e-05	5.7899409426023855e-05	9.929467681237608e-05	6.211453402453006e-05	4.8796356538711774e-05	0.00016794129805704837	9.49606525941106e-05	5.312540865698967e-05	0.0001547742929778574	0.00010738370344916456	1.2748922716030496e-05	2.646167687646366e-05	0.00012390643187023618	0.00016480780185802884	0.00016546270775366956	7.349920281633868e-05	0.6702201126221993	6.586315597215604e-05	1.0870268510053562	0.6673278638307008	0.00010256101441953055	1.0957851962017693	0.5893325781132569	0.0001319190360745683	0.5173638086157187	0.5367701097330962	2.0228937035012953	0.31714387352819634	1.3129218324655807	0.9000586186076148	1.667907767983438	0.0001001144021554183
Q1002H	missense	23	8	6	10	56	1	1	18	12	27	24	1	0	13	14	18	34	7.536741615374953e-05	2.6486402175416498e-05	2.7019724398811132e-05	3.64080481645379e-05	0.0001475220183082589	3.2530904359141185e-05	2.583712277800744e-05	5.8201690299616175e-05	5.312540865698967e-05	9.22059617740427e-05	0.00010738370344916456	2.549784543206099e-05	1.323083843823183e-05	5.256636503585777e-05	5.3741674518922446e-05	8.273135387683478e-05	6.596082304030395e-05	0.8211027757520949	5.935904826175611e-05	2.5344083857082365	0.7000307695123855	7.772919104495327e-05	1.350722879180342	0.6589083307106076	6.375005411797973e-05	1.0872395847873424	-0.10005198785407819	0.5738651522146992	-0.284916117799766	0.32511086738486816	1.6574569498919736	0.4494880097997837	6.69460978082297e-05
S1003G	missense	178	164	92	133	164	33	50	100	84	183	165	26	42	108	149	93	201	0.0005621153121467152	0.00048558403988263583	0.0003589763384413479	0.00044351622309527985	0.0004270374214186442	0.0005530253741054002	0.0006588466308391897	0.0003093879326453281	0.0003473584412187786	0.0006059248916579949	0.0007130277909024527	0.0003442209133328234	0.0005689260528439688	0.0004092666992077498	0.0005374167451892244	0.00040930248760118263	0.0003806881786897542	0.6183605018729815	0.00042877850570947695	0.5895499279563728	0.7179725367606047	0.0004939247641061386	1.4905891227283434	0.6096078045223089	0.0004341685276719778	0.6834325891258108	0.07603927120160305	0.9745441848212232	0.2182185692848144	1.150613255806935	0.921190546603509	1.062578720314079	0.0004522905991625311
S1003_	nonsense	82	212	164	206	47	50	17	263	138	146	50	62	9	164	176	62	77	0.0002606456475317171	0.0006268448514848571	0.0006368935036862624	0.000685133270005395	0.00012422906804906013	0.0008295380611581002	0.00023253410500206697	0.0008086971704788774	0.0005680332156401204	0.00048408129931372417	0.0002190627550362957	0.0008031821311099213	0.0001323083843823183	0.0006195321593511809	0.0006341517593232848	0.00027431975232845217	0.00014699840563267737	0.5369912753901724	0.0005182751733063937	-0.19100572675714245	0.5136438090563104	0.0005199686101172543	-0.10226910564816713	0.49235589070727515	0.00041875051915889883	-0.27694545780163277	-0.5523496588487083	-0.4552954900350521	-0.7832266715893665	-0.4924764763000767	-0.1900734300689808	-0.47388598316756436	0.0004856647675275156
S1003S	silent	178	156	114	240	345	40	62	196	131	230	181	26	60	134	220	148	293	0.0005621153121467152	0.00046204057128226557	0.0004438954722661829	0.0007976672370594212	0.0008954845321869751	0.0006668835393623943	0.0008138693675072344	0.0006034596310012835	0.0005394272263632797	0.0007606991846358523	0.000781753361109918	0.0003442209133328234	0.0008070811447321417	0.0005068899485600571	0.0007917940045787907	0.0006487879856657044	0.0005540709135385531	0.7045521239877174	0.0006497719531987112	1.4163656780704688	0.6601982112448546	0.0006713348507775834	1.0402055138221764	0.6249268889209599	0.0006253857130857763	0.80890697906798	0.08650470487976807	0.998357290959836	0.37007994871599487	1.3997750302731724	1.0884927236535418	1.1990661606165043	0.0006488308390206903
S1003R	missense	188	203	160	201	176	24	33	151	102	163	99	15	19	130	161	89	117	0.0005935184022107775	0.0006003584493094406	0.000621453661172656	0.0006685841572033323	0.0004580946884309092	0.0004066363044892648	0.0004392310872261265	0.0004656135223969294	0.0004209166993592258	0.0005400634903908215	0.00042953481379665823	0.00020398276345648793	0.0002646167687646366	0.0004918709871212406	0.0005804100848043624	0.00039188536046921743	0.00022238220339302473	0.6047923010084337	0.0005871227390290845	0.45939340113539956	0.6257347730153301	0.0004640321314859087	0.7715434819150012	0.5511071505466796	0.0004216371589469613	0.20426988737475885	0.03348692051613937	0.8777203288319043	0.11302389087227156	0.9780184009738648	0.47840225680838655	0.9278693649028846	0.0004909306764873182
S1003C	missense	72	36	24	56	56	8	18	78	67	104	39	5	5	70	84	65	118	0.00022924255746765483	0.00010888854227671227	9.649901571003975e-05	0.00018865988594351458	0.0001475220183082589	0.00014638906961613534	0.0002454526663910707	0.0002419965017720883	0.0002778867529750229	0.00034577235665266015	0.0001718139255186633	7.649353629618297e-05	7.938503062939099e-05	0.000266586565538993	0.0003045361556072272	0.0002873825976774261	0.00022426679833703343	0.67302276366085	0.00013539236555963136	1.1139120164538654	0.607811287463632	0.00025936738422960867	0.6318197545518724	0.608362974390957	0.0002706930292901699	0.6732365292799127	0.22445910365942592	1.312259499072105	0.01611387786421517	0.8190163499252244	0.8063227667618835	1.0656379244986647	0.00022181759302646997
S1003W	missense	101	91	45	67	163	18	10	89	57	113	97	16	4	115	108	45	140	0.0003203115186534355	0.0002707498889042575	0.00017755818890647314	0.00022506793410805246	0.00042444931583428876	0.00030904359141184127	0.00014210417527904092	0.0002756922172087082	0.00023702105400810777	0.0003754099872228882	0.00042094411752072506	0.00021673168617251842	6.615419219115915e-05	0.00043554988172567866	0.0003905228348375031	0.0002002969620176	0.00026572788710522446	0.6829108548889837	0.00027445633193826796	1.2087661259994873	0.679823823881639	0.0003272668439901073	1.19319828643256	0.5573104660144431	0.0003230243914215016	0.25507953132482364	-0.3374129036486821	0.0337728010713216	-0.51536503917804	-0.05299094091894741	0.8856813145856236	-0.009609069923812906	0.0003082491891166256
S1003L	missense	150	78	50	88	95	16	15	136	85	122	76	10	31	101	138	94	117	0.0004741866599673408	0.00023249175242865593	0.0001968579920484811	0.0002945742078767157	0.00024845813609812025	0.0002765126870527001	0.00020669698222405952	0.0004196648195288114	0.0003514450111154701	0.00040504761779311616	0.0003307418066234268	0.00014023814987633546	0.0004233868300234186	0.0003829835166898209	0.000498006183875348	0.0004136567693841739	0.00022238220339302473	0.6437188977159749	0.00024309552211299322	0.8328069936222728	0.6073174615586774	0.0003767248137652061	0.6279701017647675	0.5783501439087672	0.00037925716833559186	0.42740972284740036	-0.12638092657642733	0.5139561382556845	0.4798711710258961	1.579911519708586	0.6293956060781468	1.0469338289821353	0.00033302583473793034
S1003T	missense	107	97	53	46	48	9	8	67	62	38	20	21	3	46	55	44	54	0.0003391533726918729	0.0002884074903545352	0.00020843787393368587	0.0001555616603393892	0.00012681717363341555	0.00016265452179570593	0.00011626705250103349	0.0002083007863354684	0.0002574539034915653	0.00012842973247098805	9.020231089729822e-05	0.0002804762997526709	5.292335375292732e-05	0.00017647279690609393	0.00020063558487064378	0.00019594268023460871	0.00010365272192047764	0.5387528125798858	0.00019480604956525647	-0.17410771907226621	0.5367239614145999	0.00017109668329882998	0.07765376182688127	0.5837793923110075	0.000169175945982956	0.47187919722248717	-0.14580947841475328	0.4697483030838967	-0.7242488116300287	-0.39571041045283956	0.12514174665903408	0.03701894631552857	0.0001783595596156808
S1003F	missense	79	22	30	24	31	10	7	33	29	37	26	15	2	66	43	40	51	0.00025122472051249844	6.768747222606438e-05	0.0001196587794804493	8.274556401031341e-05	8.281937869937342e-05	0.0001789199739752765	0.00010334849111202976	0.0001041503931677342	0.00012259709690074538	0.00012513666240762937	0.00011597439972509772	0.00020398276345648793	3.9692515314695496e-05	0.00025156760410017647	0.00015764224525550584	0.00017852555310264348	9.799893708845157e-05	0.6280044753765263	8.822779860405013e-05	0.6820622741772077	0.6351557364400351	0.00011696463805030167	0.8449852308011032	0.5448263329136452	0.00017143358488669436	0.15282544459119407	-0.23835468602035959	0.259170421736254	-0.7108848500720472	-0.3737839115091483	0.5599576498565016	-0.05730674488644716	0.0001255420071803487
S1003A	missense	102	46	50	81	103	16	29	53	35	78	61	7	23	52	49	58	83	0.00032345182765984175	0.00013831787802717505	0.0001968579920484811	0.000271405449953828	0.00026916298077296364	0.0002765126870527001	0.0003875568416701116	0.0001654153303252249	0.00014711651628089448	0.0002601525350053348	0.0002663115845539281	0.00010199138172824396	0.00031754012251756396	0.0001990012390643187	0.0001791389150630748	0.00025690262519648696	0.00015830597529672947	0.6916693984926198	0.00021893607520061194	1.2927847535861383	0.6869378397179031	0.00020974899154134556	1.248656071487598	0.6180166145545677	0.00019833718865515246	0.7523068300060408	0.14662034548731034	1.1351447547574287	0.49323513258387763	1.6018380186522772	1.0979158850265922	1.368491386704853	0.00020900741846570335
S1003M	missense	60	42	41	55	27	9	6	86	75	62	29	17	1	49	53	44	77	0.00019155884939078005	0.00012654614372698995	0.0001621183463928668	0.00018535006338310202	7.246695636195174e-05	0.00016265452179570593	9.042992972302605e-05	0.0002665024766350846	0.000310579312148555	0.0002074634139915961	0.00012886044413899745	0.0002294806088885489	2.646167687646366e-05	0.0001877370179852063	0.00019347002826812078	0.00019594268023460871	0.00014699840563267737	0.5932043576508101	0.00013662037746622763	0.34823301403003665	0.5543794058821825	0.0002283514117285583	0.21528795703673304	0.6043303366086784	0.0001810370330301533	0.6402063068187254	-0.2549539478398213	0.22140036884736392	-0.9381286315751097	-0.7466269875288806	0.4012424259618317	-0.2626133093407583	0.0001820029407416464
S1003E	missense	67	57	30	26	37	6	26	30	9	34	9	5	11	19	26	36	27	0.00021354101243562366	0.0001706901473526841	0.0001196587794804493	8.936520913113848e-05	9.834801220550593e-05	0.00011385816525699414	0.00034880115750310044	9.49606525941106e-05	4.086569896691513e-05	0.00011525745221755339	4.2953481379665825e-05	7.649353629618297e-05	0.00015877006125878198	7.509480719408253e-05	9.673501413406039e-05	0.00016110842597067828	5.2768658432243156e-05	0.5603326819698835	0.00011951553704244446	0.03290284018259512	0.5902978701541352	7.350932128956123e-05	0.4952927415280578	0.6241557597199476	9.642672643276609e-05	0.802590872729919	0.48621373629065234	1.9078574495063867	0.31714387352819634	1.3129218324655807	0.443595484813524	1.6103896409859837	9.648386158825726e-05
S1003K	missense	61	20	15	6	10	3	2	19	3	24	24	2	0	13	18	15	22	0.0001946991583971863	6.180160507597183e-05	6.175937005442545e-05	2.3168757922887753e-05	2.8469161427909612e-05	6.506180871828237e-05	3.875568416701116e-05	6.12649371574907e-05	1.634627958676605e-05	8.23267515839667e-05	0.00010738370344916456	3.824676814809149e-05	1.323083843823183e-05	5.256636503585777e-05	6.807278772396843e-05	6.966850852786088e-05	4.3345683712199736e-05	0.5261209920258659	4.3799723620298656e-05	-0.2952817720768101	0.7205481693242513	6.6830417944347e-05	1.5106676382086348	0.6110550235397367	5.84133362499717e-05	0.6952863604478393	-0.22499072446237806	0.28957885437259306	-0.4610073768554473	0.036194681198171916	0.6368907421932213	0.1628867677853825	5.634782593820579e-05
S1003V	missense	162	191	117	167	186	41	26	207	130	167	105	30	12	179	183	150	204	0.0005118703680442155	0.0005650432464088853	0.00045547535415138763	0.0005560501901493061	0.00048397574427446344	0.0006831489915419649	0.00034880115750310044	0.0006371553464379034	0.0005353406564665882	0.0005532357706442562	0.0004553069026244577	0.00039521660419694534	0.0001720008996970138	0.0006758532647467428	0.0006592312074321154	0.000657496549231687	0.00038634196352178027	0.61634769547662	0.0005151361337460106	0.5702415544786501	0.5947592354145874	0.0005452596690433014	0.530071612050801	0.5792719243441548	0.0005947307462330813	0.43495977184387113	-0.29193751409299135	0.13724775600260172	-0.3613044636632207	0.19977909524391826	0.5117576461244407	0.16851342562326	0.0005517088496741311
S1003P	missense	36	95	38	16	30	8	1	50	21	25	9	16	2	44	30	4	17	0.00011619143323703052	0.00028252162320444263	0.00015053846450766202	5.6266983527013114e-05	8.0231273115018e-05	0.00014638906961613534	2.583712277800744e-05	0.0001562255897516013	8.990453772721329e-05	8.561982164732537e-05	4.2953481379665825e-05	0.00021673168617251842	3.9692515314695496e-05	0.0001689633161866857	0.00011106612733910638	2.177140891495652e-05	3.392270899215632e-05	0.47112144256178	0.00014238958608853394	-0.8228793811060398	0.5102088701419152	9.367585762645145e-05	-0.12904640111336094	0.44091382136782636	8.393089035822622e-05	-0.6982932420268102	-0.7532645016294218	-0.9124582434469789	-0.7372137887943963	-0.41698228832124773	-0.5500730080820703	-0.6647202658841134	0.00010666544469107053
S1003Y	missense	107	29	31	32	91	3	12	56	53	51	46	21	19	41	38	32	89	0.0003391533726918729	8.828800725138832e-05	0.0001235187401088509	0.0001092241444936137	0.0002381057137606986	6.506180871828237e-05	0.00016794129805704837	0.00017460507089884852	0.0002206747744213417	0.00017123964329465073	0.00020188136248442935	0.0002804762997526709	0.0002646167687646366	0.00015769909510757332	0.00013972835374919835	0.00014369129883871304	0.00016961354496078157	0.7222835885593664	0.00013978415140363787	1.5864594043599405	0.6302696687516205	0.00019210021277481757	0.8068955641676423	0.6331267797541137	0.00015268307316406658	0.876070020481405	0.4118313731247963	1.7386074056591885	-0.025278807294009945	0.7511026056765134	1.0898083296696626	1.244855005667851	0.00016152247911417402
S1003H	missense	23	22	16	20	72	2	2	34	19	36	13	6	0	19	14	23	38	7.536741615374953e-05	6.768747222606438e-05	6.561933068282704e-05	6.950627376866327e-05	0.00018893170765794563	4.8796356538711774e-05	3.875568416701116e-05	0.00010721364002560874	8.173139793383026e-05	0.00012184359234427071	6.013487393153215e-05	8.924245901221346e-05	1.323083843823183e-05	7.509480719408253e-05	5.3741674518922446e-05	0.0001045027627917913	7.349920281633868e-05	0.7423020242008637	9.793619608387508e-05	1.7784915006929505	0.5909215098540723	9.273087605881047e-05	0.5001543664143283	0.6437290231802018	7.670961183028374e-05	0.9629100685735689	-0.10005198785407812	0.5738651522146996	-0.8289841621500417	-0.5675516375156809	1.0805186452269493	0.0031567573495093204	8.91255613243231e-05
S1003D	missense	49	25	22	25	15	9	2	43	24	36	21	10	4	20	48	35	64	0.00015701545032031152	7.651627295120322e-05	8.877909445323657e-05	8.605538657072594e-05	4.140968934968671e-05	0.00016265452179570593	3.875568416701116e-05	0.00013478286174647955	0.00010216424741728782	0.00012184359234427071	9.449765903526481e-05	0.00014023814987633546	6.615419219115915e-05	7.884954755378666e-05	0.00017555613676181332	0.00015675414418768696	0.00012249867136056446	0.5788686573141418	7.319011083121311e-05	0.21071404714605166	0.5970993654333542	0.00011332209013582572	0.5483142517311986	0.6512680578672545	0.00013341462496596284	1.0246602197897927	-0.6229307331344157	-0.6158960599712577	-0.32630880295799114	0.25719712313615706	0.594562839555681	-0.17934946841755034	0.00010664227531100056
S1003Q	missense	33	35	12	12	18	8	7	25	21	26	26	4	19	14	23	18	39	0.00010677050621781183	0.00010594560870166599	5.017948816922067e-05	4.302769328536297e-05	4.917400610275297e-05	0.00014638906961613534	0.00010334849111202976	7.964441830473792e-05	8.990453772721329e-05	8.891289171068403e-05	0.00011597439972509772	6.374461358015247e-05	0.0002646167687646366	5.63211053955619e-05	8.59866792302759e-05	8.273135387683478e-05	7.538379776034737e-05	0.5356688216122373	6.208169906475064e-05	-0.20369171160772506	0.6610536336208531	9.360906186693324e-05	1.0468740160228	0.6474403437749245	7.510573406575499e-05	0.9933084706832704	-0.15120451030145948	0.45747241745028183	0.6181738691921775	1.806827315005937	0.6121635916994485	1.1321498662281095	7.693216499914629e-05
S1003I	missense	61	52	18	43	25	5	9	29	22	63	30	4	10	23	35	18	62	0.0001946991583971863	0.0001559754794774527	7.333925193963022e-05	0.0001456321926581516	6.729074519324091e-05	9.759271307742355e-05	0.0001291856138900372	9.189740573623606e-05	9.39911076239048e-05	0.00021075648405495474	0.00013315579227696404	6.374461358015247e-05	0.00014553922282055013	9.011376863289904e-05	0.00012898001884541387	8.273135387683478e-05	0.0001187294814725471	0.5702327120689925	0.00011055941731711886	0.12787147648057115	0.6817525900143159	0.00013245019742301491	1.2082341114952724	0.6367697177135149	0.00010513865570692369	0.9059083193090611	0.1217967617622782	1.0786610339520262	0.35853655868642137	1.380835576714292	0.7473379690949682	1.229748305333159	0.0001160494234823525
S1003N	missense	50	7	2	10	23	0	2	14	8	9	14	0	5	17	9	9	49	0.00016015575932671776	2.3543468600370222e-05	1.157988188520477e-05	3.64080481645379e-05	6.211453402453006e-05	1.6265452179570593e-05	3.875568416701116e-05	4.594870286811803e-05	3.677912907022362e-05	3.293070063358668e-05	6.443022206949873e-05	1.2748922716030496e-05	7.938503062939099e-05	6.758532647467428e-05	3.582778301261496e-05	4.354281782991304e-05	9.422974720043421e-05	0.7564493450522325	3.3411483168660743e-05	1.9142033879371456	0.6608129865397744	4.502218866035676e-05	1.0449980356477555	0.6704257374374907	6.0296418629409126e-05	1.1815754827538516	0.37706926686558434	1.659509515269854	0.7942651282478589	2.0957435011926333	1.380258968779584	1.8776265082312436	4.624336348614221e-05
L1004F	missense	75	19	14	22	45	4	8	46	35	42	34	7	12	27	29	37	62	0.00023866348448687351	5.8858671500925554e-05	5.7899409426023855e-05	7.612591888948834e-05	0.0001190528568803493	8.132726089785297e-05	0.00011626705250103349	0.00014397260232010316	0.00014711651628089448	0.00014160201272442273	0.0001503371848288304	0.00010199138172824396	0.0001720008996970138	0.00010513273007171553	0.00010748334903784489	0.00016546270775366956	0.0001187294814725471	0.70466719118534	7.798421417419676e-05	1.4174694903550231	0.6279113603047792	0.0001457570790385627	0.7885112133384369	0.6498510389252329	0.00012420206708394426	1.0130538089456618	0.15522051724922792	1.1547136335325272	0.22696724317910838	1.1649673669041318	1.0730115042130406	1.1598405002183294	0.00011598112009890123
L1004W	missense	85	23	31	56	151	3	13	56	39	87	64	3	11	80	80	80	207	0.0002700665745509358	7.063040580111066e-05	0.0001235187401088509	0.00018865988594351458	0.00039339204882202374	6.506180871828237e-05	0.0001808598594460521	0.00017460507089884852	0.00016346279586766053	0.0002897901655755628	0.0002791976289678278	5.099569086412198e-05	0.00015877006125878198	0.0003041339691360342	0.0002902050424021812	0.0003526968244222957	0.0003919957483538063	0.7914237046021066	0.00019405027016887498	2.2497041085001643	0.6856502255990655	0.00022676391532747492	1.2386183897224943	0.6554396404361521	0.0003347578960785793	1.0588285006285552	0.4440160564961975	1.8118406136398448	0.49323513258387763	1.6018380186522772	1.5157169996170712	1.7068393161460609	0.00025185736052497643
L1004E	missense	12	21	14	31	13	2	7	35	13	29	4	5	0	29	21	11	9	4.082401708328099e-05	6.47445386510181e-05	5.7899409426023855e-05	0.00010591432193320116	3.623347818097587e-05	4.8796356538711774e-05	0.00010334849111202976	0.00011027688688348328	5.721197855368118e-05	9.879210190076005e-05	2.1476740689832912e-05	7.649353629618297e-05	1.323083843823183e-05	0.0001126422107911238	7.882112262775292e-05	5.225138139589565e-05	1.8845949440086843e-05	0.6072887848850865	6.619793704780475e-05	0.4833415777502302	0.5273395772893658	7.193942700693936e-05	0.004497169310150612	0.478386965751826	6.56401660637148e-05	-0.39136106459124403	0.325916744418203	1.5431167805054362	-0.7620373725194285	-0.45771080134218445	0.03215922748971225	0.5427029895816259	6.792584337281964e-05
L1004_	nonsense	73	115	98	117	9	6	4	140	85	67	10	13	8	133	107	43	43	0.00023238286647406104	0.0003413802947053682	0.00038213610221175744	0.0003905590621286793	2.5881055843554195e-05	0.00011385816525699414	6.45928069450186e-05	0.00043191780696030953	0.0003514450111154701	0.00022392876430838942	4.7248829517632405e-05	0.00017848491802442692	0.00011907754594408647	0.0005031352082003529	0.00038694005653624157	0.0001915883984516174	8.292217753638211e-05	0.5221370021119218	0.0002849891287223398	-0.3334992406465485	0.4730945864341081	0.0002636351029754504	-0.4183732757946164	0.46872225954049973	0.0002911464601811485	-0.4705220042583197	-0.24618002353231616	0.24136460513340458	-0.17577164837469797	0.5041862173980678	-0.40746484023316154	0.3727754112657362	0.00027992356395964625
L1004R	missense	236	182	129	171	269	20	48	221	121	173	134	33	82	216	170	167	395	0.0007442532345182766	0.0005385568442334688	0.0005017948816922067	0.0005692894803909562	0.0006987885077759632	0.00034157449577098246	0.0006330095080611823	0.0006800408024481469	0.0004985615273963645	0.0005729941910244083	0.0005798719986254886	0.00043346337234503684	0.0010981595903732419	0.0008147786580557955	0.0006126550895157158	0.0007315193395425392	0.000746299597827439	0.654684117409966	0.0005771074285231488	0.937993740593857	0.6128792193659472	0.0005828671298736021	0.6713271557976592	0.6212751548640256	0.0007263131712353724	0.7789966338344736	0.2679247974405162	1.411161581033321	0.4037130531980339	1.454957486964545	0.7961058434086633	1.433059533998933	0.0006287625765440411
L1004I	missense	53	42	35	54	166	13	35	65	21	81	68	15	46	54	51	48	109	0.00016957668634593644	0.00012654614372698995	0.00013895858262245726	0.0001820402408226895	0.00043221363258735503	0.0002277163305139883	0.00046506821000413394	0.00020217429261971934	8.990453772721329e-05	0.00027003174519541075	0.00029637902151969416	0.00020398276345648793	0.0006218494065968961	0.00020651071978372695	0.0001863044716655978	0.00021335980736657392	0.00020730544384095528	0.7614130065116435	0.00021993964993987294	1.96181861285323	0.6923772570674905	0.0002146223992655094	1.2910594123208223	0.6295236963190705	0.00020337011066421347	0.8465581590569328	0.31012247723497105	1.5071784168998628	0.4840917531440078	1.5868363068649263	1.366478728076995	1.5470073618823945	0.00021264405328986526
L1004A	missense	107	550	354	221	153	64	20	308	175	181	77	115	20	191	217	103	255	0.0003391533726918729	0.001621556399850499	0.0013702860230825646	0.000734780608411583	0.0003985682599907346	0.0010572543916720885	0.00027128978916907815	0.0009465432790832315	0.0007192363018177063	0.0005993387515312776	0.0003350371547613934	0.0014788750350595375	0.00027784760720286846	0.0007209101490631923	0.0007810456696750062	0.0004528453054310957	0.00048245630566622316	0.4945675688030682	0.0010312978228338454	-0.5979662633362539	0.5310433148672304	0.0006500388717984023	0.03336990268901686	0.5714786791877148	0.0006093143574588794	0.3711274528731513	-0.5907460497630145	-0.5426628519906014	-0.726124816628784	-0.3987884065578942	-0.06448963592469525	-0.47072562927424777	0.0007635503506970423
L1004Y	missense	47	39	61	56	29	5	2	67	24	44	15	4	3	57	62	35	57	0.00015073483230749907	0.00011771734300185111	0.0002393175589608986	0.00018865988594351458	7.764316753066258e-05	9.759271307742355e-05	3.875568416701116e-05	0.0002083007863354684	0.00010216424741728782	0.00014818815285114005	6.872557020746531e-05	6.374461358015247e-05	5.292335375292732e-05	0.00021777494086283933	0.00022571503297947427	0.00015675414418768696	0.00010930650675250369	0.5907328344238296	0.00015583448885923173	0.32452427899636865	0.5366617473361112	0.0001318446892028404	0.07716876782748128	0.5555253604625326	0.00017738765619562604	0.24045822470625905	-0.40108198351805935	-0.11110017823393102	-0.08079613514384125	0.6600142988765841	0.21405042384336967	0.27445706032132655	0.00015502227808589938
L1004T	missense	88	106	74	95	46	14	15	136	108	96	26	19	0	105	134	68	85	0.0002794875015701545	0.0003148938925299517	0.00028949704713011925	0.00031774296579960347	0.0001216409624647047	0.00024398178269355888	0.00020669698222405952	0.0004196648195288114	0.0004454361187393749	0.0003194277961457908	0.00011597439972509772	0.0002549784543206099	1.323083843823183e-05	0.0003980024781286374	0.000483675070670302	0.0003004454430264	0.00016207516518474684	0.5589521279355266	0.00026094371698109475	0.019659513377927908	0.5253193884369928	0.0003251257835347687	-0.011251347663114804	0.5421428369927375	0.00033604953925252154	0.13084567055079174	-0.07202326425383464	0.6376418661615856	-1.284916117799766	-1.3156076312848413	0.04641794542186828	-0.33898288256162784	0.0003073730132561283
L1004S	missense	183	609	393	298	294	71	62	252	191	217	167	83	78	218	146	142	359	0.0005778168571787464	0.0017951894807782293	0.0015208244875902265	0.0009896369455633484	0.0007634911473848487	0.0011711125569290827	0.0008138693675072344	0.0007750014550422574	0.0007846214201647705	0.0007178892738121896	0.0007216184871783858	0.0010709095081465616	0.0010452362366203147	0.0008222881387752037	0.00052666841028544	0.0006226622949677566	0.0006784541798431263	0.5355794802566369	0.0012672855153291634	-0.2045487420027277	0.6155438826502801	0.0007497826590494008	0.6920997162006437	0.6091745874032668	0.0006625182559678816	0.6798842273367017	-0.15804393483176488	0.4419099527425841	-0.010538316907225035	0.7752876009335745	0.3891450671782059	0.6085987768380793	0.0008931954767821484
L1004V	missense	135	66	46	90	149	36	17	126	101	117	129	49	9	85	107	115	265	0.00042708202487124733	0.0001971765495281006	0.00018141814953487475	0.0003011938529975408	0.0003882158376533129	0.0006018217306441119	0.00023253410500206697	0.00038903235095006603	0.0004168301294625343	0.00038858226747632283	0.0005583952579356556	0.0006374461358015248	0.0001323083843823183	0.00032290767093455487	0.00038694005653624157	0.0005050966868269913	0.00050130225510631	0.7060967602885933	0.0002670010974284573	1.4311830070686637	0.6592188147075656	0.00043821000145614474	1.032570562776419	0.6725849709174426	0.0004290616673510245	1.1992611679155272	-0.4129812068177671	-0.13817573727112503	-0.6828561264718037	-0.3277966662041287	1.22100491258687	-0.23298620173762685	0.0003780909220785422
L1004L	silent	190	106	64	152	489	25	102	113	75	221	229	17	79	86	119	140	339	0.00059979902022359	0.0003148938925299517	0.00025089744084610336	0.0005064028517431181	0.0012681717363341556	0.0004229017566688354	0.0013306118230673831	0.00034921014179769704	0.000310579312148555	0.0007310615540656243	0.0009879300717323138	0.0002294806088885489	0.0010584670750585464	0.000326662411294259	0.00042993339615137957	0.000613953731401774	0.0006407622809629527	0.7913916587654299	0.0005850914803633322	2.249396700403649	0.7477856806379696	0.0005946952699360476	1.7229994747741826	0.6949990879809644	0.0005028279549525912	1.3828490111214446	0.49781188888027605	1.9342479505713135	0.6639313597528527	1.8819024762215413	1.7850817287664251	1.9080752133964274	0.0005608715684173237
L1004G	missense	208	265	150	183	277	33	45	299	244	208	105	23	6	206	274	191	398	0.0006563245823389022	0.0007828203309623099	0.0005828540548886401	0.0006090073511159067	0.0007194933524508066	0.0005530253741054002	0.0005942538238941712	0.0009189740573623607	0.0010012096246894207	0.0006882516432419616	0.0004553069026244577	0.0003059741451847319	9.261586906762282e-05	0.0007772312544587542	0.0009852640328469114	0.0008360221023343304	0.000751953382659465	0.617398988843063	0.0006735437723544159	0.5803263619348598	0.5554788344245348	0.0007659355569795502	0.22385862558576017	0.6166028387797284	0.0008376176930748652	0.7407269830486995	0.031226926785240788	0.8725779264966077	-0.5189993238331341	-0.05895377898199173	0.5149706568564398	0.406812073757308	0.0007590323408029438
L1004H	missense	32	47	38	82	66	11	13	64	43	87	30	12	36	50	65	53	135	0.00010363019721140561	0.00014126081160222131	0.00015053846450766202	0.00027471527251424053	0.0001734030741518131	0.0001951854261548471	0.0001808598594460521	0.0001991110457618448	0.00017980907545442657	0.0002897901655755628	0.00013315579227696404	0.00016573599530839644	0.0004895410222145777	0.00019149175834491045	0.00023646336788325876	0.00023513121628153044	0.00025630491238518103	0.6622682696128588	0.00018497940569398426	1.0107467105317807	0.6112999769182832	0.00020046651976719955	0.659016065939538	0.6512547785682878	0.00022984781372372017	1.024551452719037	-0.0331051982234649	0.7261962505846906	0.4703722496243734	1.564326463647698	0.898104743063452	1.1452613571161943	0.00020509791306163466
L1004K	missense	82	10	13	29	47	4	3	20	46	39	34	3	0	41	38	48	133	0.0002606456475317171	3.237226932550905e-05	5.4039448797622264e-05	9.929467681237608e-05	0.00012422906804906013	8.132726089785297e-05	5.167424555601488e-05	6.432818401536524e-05	0.0001920687851445011	0.00013172280253434673	0.0001503371848288304	5.099569086412198e-05	1.323083843823183e-05	0.00015769909510757332	0.00013972835374919835	0.00021335980736657392	0.0002525357224971637	0.7543921083989433	7.74838657461419e-05	1.8944688055622225	0.6708906272440788	0.00013461423913076087	1.1235589560764494	0.6836483942201089	0.00019083074468012734	1.2898786130218594	-0.19696200086213458	0.3533555683194792	-0.5859461134637473	-0.16879461515548824	1.4359687915535104	0.09228047658199547	0.00013430961651901002
L1004Q	missense	57	29	28	41	52	2	6	50	26	46	50	4	6	25	27	24	110	0.00018213792237156137	8.828800725138832e-05	0.00011193885822364612	0.00013901254753732653	0.00013716959597083722	4.8796356538711774e-05	9.042992972302605e-05	0.0001562255897516013	0.00011033738721067085	0.0001547742929778574	0.0002190627550362957	6.374461358015247e-05	9.261586906762282e-05	9.762324935230729e-05	0.00010031779243532189	0.00010885704457478262	0.00020919003878496395	0.6705801769583438	0.00011910225224579954	1.0904808626235898	0.6704693145955618	0.00016010000624410632	1.120274585217543	0.7081510464362418	0.00012899703128684394	1.4905730709135558	0.2679247974405163	1.4111615810333211	0.16224191354245326	1.0587713212367769	1.2337761729182295	1.2349664511350489	0.00013606642992558326
L1004M	missense	58	18	18	31	69	4	5	31	25	47	48	6	3	15	25	24	119	0.0001852782313779676	5.591573792587927e-05	7.333925193963022e-05	0.00010591432193320116	0.00018116739090487936	8.132726089785297e-05	7.751136833402232e-05	9.802389945198513e-05	0.00010625081731397933	0.00015806736304121606	0.00021047205876036253	8.924245901221346e-05	5.292335375292732e-05	6.007584575526602e-05	9.31522358327989e-05	0.00010885704457478262	0.0002261513932810421	0.7475960941825974	0.0001040841756758975	1.8292762560520837	0.7099230573780787	0.00014320353464188575	1.4278388691900392	0.7565785052049898	0.00012205912986097242	1.8872290124392308	-0.020870741806453322	0.7540346009260032	-0.22692417082207927	0.42025932756503176	1.7147813792271178	0.5871469642455175	0.00012311561339291855
L1004N	missense	47	17	15	11	21	2	1	45	45	29	8	1	0	36	51	14	20	0.00015073483230749907	5.2972804350832996e-05	6.175937005442545e-05	3.9717870724950433e-05	5.6938322855819224e-05	4.8796356538711774e-05	2.583712277800744e-05	0.00014090935546222862	0.0001879822152478096	9.879210190076005e-05	3.865813324169924e-05	2.549784543206099e-05	1.323083843823183e-05	0.00013892539330905267	0.0001863044716655978	6.531422674486956e-05	3.957649382418237e-05	0.6190010039866604	5.284709199650703e-05	0.5956941125369353	0.5188697498702609	0.0001165854514631244	-0.06152993539034323	0.5032210857085441	0.00010753014638592561	-0.18795164597127473	-0.2761432469097594	0.17318611960817545	-0.284916117799766	0.32511086738486816	0.1154041770584391	0.2491484934965218	9.232089661518569e-05
L1004C	missense	94	94	119	63	34	20	19	103	75	60	32	73	15	62	73	51	99	0.0002983293556085919	0.0002795786896293964	0.00046319527540819084	0.0002118286438664023	9.058369545243968e-05	0.00034157449577098246	0.0002583712277800744	0.0003185776732189517	0.000310579312148555	0.00020087727386487874	0.00014174648855289722	0.0009434202809862567	0.0002116934150117093	0.00023654864266135997	0.0002651255942933507	0.00022642265271554784	0.00018845949440086842	0.5271284996438319	0.0002612965760891073	-0.28561699090138093	0.5426517447813121	0.00024294518694632065	0.12386419252738266	0.6000464906552495	0.00022913909601778173	0.6051185075988156	-0.12124128692401627	0.525650902975511	-0.6489978592108363	-0.27224478077615644	0.14778856974160579	0.12670306109967727	0.0002444602863510699
L1004P	missense	49	26	21	20	29	3	2	29	24	53	40	3	2	32	47	22	83	0.00015701545032031152	7.94592065262495e-05	8.491913382483498e-05	6.950627376866327e-05	7.764316753066258e-05	6.506180871828237e-05	3.875568416701116e-05	9.189740573623606e-05	0.00010216424741728782	0.00017782578342136806	0.00017610927365662986	5.099569086412198e-05	3.9692515314695496e-05	0.00012390643187023618	0.0001719733584605518	0.0001001484810088	0.00015830597529672947	0.6166295679423776	7.788194541260258e-05	0.5729454900641942	0.6998857460354462	0.00013699917755788043	1.3495923389907858	0.63207464697926	0.00013858356165907936	0.867452291469183	-0.22499072446237806	0.28957885437259306	-0.10882485874408475	0.6140270535715644	0.9299967068413877	0.4518029539720787	0.00011782156154318747
L1004D	missense	1	1	1	1	2	1	0	2	1	1	1	0	0	2	2	2	0	6.280618012812461e-06	5.885867150092556e-06	7.71992125680318e-06	6.619645120825072e-06	7.764316753066258e-06	3.2530904359141185e-05	1.291856138900372e-05	9.189740573623606e-06	8.173139793383025e-06	6.586140126717336e-06	8.590696275933164e-06	1.2748922716030496e-05	1.323083843823183e-05	1.126422107911238e-05	1.0748334903784488e-05	1.3062845348973913e-05	1.8845949440086842e-06	0.6452532740889438	6.997437570196767e-06	0.8475259015700183	0.6119999922567985	8.134929192414283e-06	0.6644730822116575	0.5376610844081209	9.239999068969865e-06	0.09413687276676594	-0.4010819835180594	-0.11110017823393115	0.01611387786421517	0.8190163499252244	0.5353786188494806	0.35395808584564664	8.124121943860304e-06
Q1005L	missense	228	159	98	115	133	32	40	192	123	122	99	23	18	128	151	101	229	0.0007191307624670268	0.00047086937200740444	0.00038213610221175744	0.0003839394170078542	0.0003468061483036262	0.0005367599219258296	0.0005296610169491525	0.0005912066435697854	0.0005067346671897476	0.00040504761779311616	0.00042953481379665823	0.0003059741451847319	0.0002513859303264048	0.0004843615064018323	0.0005445823017917475	0.00044413674186511305	0.00043345683712199735	0.5957666840407406	0.00039593775988266055	0.3728128022292578	0.5870507548071068	0.0004831309355873268	0.4699796372127066	0.6084018749469358	0.0004766343467951726	0.6735551529915411	-0.005782071012230144	0.7883674465741562	-0.0853437628945619	0.6525529219009131	0.5054491974778351	0.7204601842375347	0.00045190101408838665
Q1005Q	silent	27	35	34	43	50	1	2	23	23	29	29	0	6	20	16	23	44	8.792865217937445e-05	0.00010594560870166599	0.00013509862199405565	0.0001456321926581516	0.0001319933848021264	3.2530904359141185e-05	3.875568416701116e-05	7.351792458898885e-05	9.807767752059631e-05	9.879210190076005e-05	0.00012886044413899745	1.2748922716030496e-05	9.261586906762282e-05	7.884954755378666e-05	6.090723112144544e-05	0.0001045027627917913	8.480677248039078e-05	0.6463712311693892	0.0001296674520389999	0.8582501981940376	0.6772049957536115	9.981203703733567e-05	1.1727830370483945	0.6483490955488614	8.226657848685354e-05	1.000751805511665	0.07603927120160313	0.9745441848212235	0.8612119178784721	2.20558433736613	1.010595013584699	1.5900642610936768	0.00010391535585439636
Q1005M	missense	55	168	168	148	59	24	25	143	99	81	20	32	12	58	103	46	34	0.0001758573043587489	0.0004973557741828209	0.0006523333461998687	0.000493163561501468	0.00015528633506132515	0.0004066363044892648	0.00033588259611409674	0.0004411075475339331	0.0004086569896691513	0.00027003174519541075	9.020231089729822e-05	0.0004207144496290064	0.0001720008996970138	0.00022152968122254345	0.0003726089433311956	0.00020465124380059132	6.596082304030395e-05	0.5425968813526093	0.0004495347542363707	-0.13723248076222933	0.5019274442771591	0.00030249964832394836	-0.1936048089279347	0.5332590681347472	0.00021618767284865858	0.058081173088937975	-0.08301864855529774	0.6126229074201179	-0.3884567097068356	0.1552299028797279	-0.09091870553374203	0.38392640514992293	0.0003227406918029925
Q1005K	missense	52	84	52	52	64	20	5	76	24	29	31	38	7	26	22	32	31	0.0001664363773395302	0.0002501493538789336	0.0002045779133052843	0.00017542059570186443	0.00016822686298310227	0.00034157449577098246	7.751136833402232e-05	0.00023587000805633924	0.00010216424741728782	9.879210190076005e-05	0.00013745114041493063	0.0004972079859251893	0.00010584670750585465	0.00010137798971201142	8.240390092901442e-05	0.00014369129883871304	6.0307038208277895e-05	0.5819555527337733	0.00019959368146729617	0.2403259013992275	0.5599990314807899	0.00014356937444732945	0.2590961232975801	0.6050384817933127	9.69450569220042e-05	0.6460065284716782	-0.6441200322043538	-0.664110309210446	-0.6718607421703404	-0.3097563357807353	0.3818095177228286	-0.4869333224955906	0.0001467027042788766
Q1005F	missense	94	135	143	185	91	47	23	119	99	105	66	106	10	91	114	62	95	0.0002983293556085919	0.00040023896620629376	0.000555834330489829	0.0006156269962367318	0.0002381057137606986	0.0007807417046193884	0.0003100454733360893	0.00036758962294494425	0.0004086569896691513	0.0003490654267160188	0.000287788325243761	0.001364134730615263	0.00014553922282055013	0.0003454361130927796	0.00041201950464507205	0.00027431975232845217	0.0001809211146248337	0.5955350262671745	0.00045245150167338825	0.37059056425390224	0.5985514667294312	0.0003532750911434688	0.5596342042600461	0.5599337658176244	0.0003031741211727844	0.27656625558809445	-0.40108198351805935	-0.11110017823393102	-0.9718772146627694	-0.8019989121046956	0.4022636747006809	-0.45654954516931334	0.00036963357132988056
Q1005Y	missense	81	36	47	99	80	3	20	40	51	88	42	15	2	72	60	89	122	0.0002575053385253109	0.00010888854227671227	0.00018527811016327633	0.00033098225604125364	0.00020963655233278896	6.506180871828237e-05	0.00027128978916907815	0.00012559312117285594	0.00021250163462795867	0.00029308323563892143	0.00018469996993256303	0.00020398276345648793	3.9692515314695496e-05	0.00027409604625840123	0.00021854947637695127	0.00039188536046921743	0.00023180517811306815	0.6920753440664557	0.0002086963652035078	1.296678893015256	0.6645129785795868	0.00020396949034307476	1.073841570434856	0.6302026537158518	0.0002790840153044095	0.852119311599794	0.6201073155518787	2.2125196462463688	-0.7108848500720472	-0.3737839115091483	1.0742132583499686	0.9193678673686102	0.00023058329028366402
Q1005R	missense	188	179	113	424	2563	96	95	137	138	543	1303	122	43	141	114	181	1035	0.0005935184022107775	0.00052972804350833	0.0004400355116377813	0.001406674588175328	0.006635902718287295	0.0015777488614183474	0.0012401818933443572	0.0004227280663866859	0.0005680332156401204	0.0017914301144671154	0.005601133971908423	0.001568117494071751	0.0005821568912822005	0.000533173131077986	0.00041201950464507205	0.0007924792845044174	0.001952440361992997	0.8924827133845219	0.0022530852154021837	3.219139166132456	0.8748801770022734	0.002095831342100586	2.71377310014627	0.7821178977043678	0.0009225280705551181	2.0964151236950213	-0.10455248908075455	0.5636246866321405	-0.4303385570889953	0.0865135811213569	2.6764424633245825	0.3250691338767487	0.001757148209352629
Q1005G	missense	259	163	104	131	142	34	36	111	49	158	175	49	18	130	105	126	199	0.0008164803416656199	0.00048264110630758954	0.00040529586598216696	0.0004368965779744548	0.000370099098562825	0.0005692908262849707	0.00047798677139313764	0.00034308364808194797	0.00020432849483457564	0.0005235981400740282	0.0007559812722821185	0.0006374461358015248	0.0002513859303264048	0.0004918709871212406	0.0003797744999337186	0.0005529937864398956	0.00037691898880173685	0.602430864918601	0.00042373316220675907	0.4367407058495111	0.7315934400013856	0.0004567478888181676	1.5967717826448529	0.613091093690641	0.00045038956557414794	0.7119632487928546	-0.0759183081373588	0.628779061593206	-0.4041025255189747	0.12955952344997226	0.9151585790957396	0.3791692925215891	0.0004436235388663582
Q1005A	missense	132	183	120	174	101	29	26	188	107	127	81	27	23	122	93	65	165	0.0004176610978520286	0.000541499777808515	0.0004670552360365924	0.0005792189480721938	0.0002639867696042528	0.00048796356538711777	0.00034880115750310044	0.0005789536561382873	0.0004413495488426834	0.0004215129681099095	0.0003522185473132597	0.00035696983604885385	0.00031754012251756396	0.00046183306424360754	0.00033678116031858065	0.0002873825976774261	0.0003128427607054416	0.5763722736748184	0.0004629401828803885	0.18676683208410294	0.5762243339519818	0.000448508680101035	0.38558155116427845	0.5806445321440453	0.00034970989573626394	0.44620242328694937	-0.14580947841475328	0.4697483030838967	-0.050832911766397974	0.709175513751728	0.3395169355117769	0.5894619084178123	0.00042038625290589585
Q1005D	missense	91	80	33	54	135	12	24	67	33	87	146	8	11	44	32	65	179	0.0002889084285893732	0.00023837761957874848	0.00013123866136565408	0.0001820402408226895	0.000351982359472337	0.0002114508783344177	0.000322964034725093	0.0002083007863354684	0.00013894337648751146	0.0002897901655755628	0.0006314161762810876	0.00011474030444427445	0.00015877006125878198	0.0001689633161866857	0.00011823168394162938	0.0002873825976774261	0.00033922708992156314	0.6791720546874684	0.00022590972030985725	1.1729007040791577	0.764953525352927	0.0003171126261699075	1.8568325535827845	0.7180097870026653	0.00022845117193182607	1.5713232924006197	0.1839446685111227	1.2200727274579115	0.1410526144725152	1.0240056462788847	1.5336855166875207	1.122039186868398	0.0002571578394705303
Q1005W	missense	88	122	65	70	112	19	24	101	66	131	78	19	30	79	92	100	240	0.0002794875015701545	0.00036198082973069217	0.00025475740147450494	0.00023499740178929007	0.0002924559310321624	0.00032530904359141186	0.000322964034725093	0.0003124511795032026	0.00027380018307833135	0.0004346852483633442	0.00033933250289936	0.0002549784543206099	0.00041015599158518673	0.0003003792287763301	0.00033319838201731914	0.00043978246008212176	0.0004541873815060929	0.6000550188710047	0.0002860478910066624	0.41394977926288723	0.6471949679860501	0.00034006727846105954	0.938837863501645	0.6714804330111326	0.000381886863095466	1.1902142029432303	-0.0031419748460217757	0.7943747361099195	0.20644557603450667	1.1312970879964415	0.8476672819025876	0.9628359120531804	0.0003360006775210626
Q1005I	missense	102	162	156	50	50	21	9	75	63	43	31	27	2	58	62	47	81	0.00032345182765984175	0.00047969817273254325	0.0006060138186590497	0.00016880095058103935	0.0001319933848021264	0.000357839947950553	0.0001291856138900372	0.0002328067611984647	0.0002615404733882568	0.0001448950827877814	0.00013745114041493063	0.00035696983604885385	3.9692515314695496e-05	0.00022152968122254345	0.00022571503297947427	0.0002090055255835826	0.0001545367854087121	0.49154160863867596	0.0003466265816936897	-0.6269935801653403	0.56018803188821	0.00019417336444735837	0.26056948858256973	0.5914387520901043	0.00020269675629857808	0.5346148980398538	-0.4424746686762843	-0.20528532481715614	-0.9539228987583416	-0.772540933869341	0.05606360215236108	-0.48891312934324854	0.0002478322341465421
Q1005V	missense	178	125	77	116	203	23	54	93	101	138	110	24	36	75	95	110	232	0.0005621153121467152	0.000370809630455831	0.00030107692901532404	0.00038724923956826675	0.0005279735392085056	0.0003903708523096942	0.0007105208763952046	0.0002879452046402063	0.0004168301294625343	0.00045773673880685487	0.0004767836433142906	0.0003187230679007624	0.0004895410222145777	0.00028536026733751364	0.0003439467169211036	0.0004833252779120348	0.00043911062195402343	0.6689213625183028	0.0003967773345619818	1.0745682498673654	0.6713172934080015	0.00040982392905597156	1.1268850606218548	0.6733834685972534	0.00038793572103116886	1.2058014419056173	0.2600994599285597	1.3933557644304717	0.18637559325917252	1.0983678959889682	1.1357515841316124	1.24586183020972	0.0003981789948830407
Q1005E	missense	63	74	47	55	118	12	14	47	23	77	66	13	10	53	43	32	123	0.00020097977640999874	0.00022072001812847083	0.00018527811016327633	0.00018535006338310202	0.0003079845645382949	0.0002114508783344177	0.0001937784208350558	0.0001470358491779777	9.807767752059631e-05	0.0002568594649419761	0.000287788325243761	0.00017848491802442692	0.00014553922282055013	0.00020275597942402283	0.00015764224525550584	0.00014369129883871304	0.00023368977305707685	0.6613972054059203	0.000224833189053286	1.0023907985766876	0.7169643699932957	0.00019744032922107776	1.482729891435092	0.6383594211115003	0.00018444482414382962	0.9189291408451566	-0.03790408110523366	0.7152768457205848	-0.08862147265579781	0.6471751228623831	1.134683276952312	0.681225984291484	0.00020223944747273115
Q1005_	nonsense	55	77	58	67	40	10	3	103	60	50	28	12	3	60	53	51	69	0.0001758573043587489	0.00022954881885360967	0.00022773767707569382	0.00022506793410805246	0.00010611232895857219	0.0001789199739752765	5.167424555601488e-05	0.0003185776732189517	0.0002492807636981823	0.00016794657323129206	0.0001245650960010309	0.00016573599530839644	5.292335375292732e-05	0.0002290391619419517	0.00019347002826812078	0.00022642265271554784	0.0001319216460806079	0.5658695407261487	0.00019711668974898203	0.08601661056439805	0.5286211397020841	0.00021509252653736423	0.014487674596469253	0.583635018160471	0.00019521337225155704	0.4706966684243837	-0.5393846816843407	-0.4257949087123763	-0.4957694831146592	-0.020840149594039122	0.19040031786175035	-0.2233175291532077	0.0002024741961793011
Q1005T	missense	64	56	77	58	32	13	8	42	28	36	17	7	2	33	67	19	47	0.00020412008541640498	0.00016774721377763784	0.00030107692901532404	0.00019527953106433964	8.540748428372885e-05	0.0002277163305139883	0.00011626705250103349	0.00013171961488860502	0.00011851052700405388	0.00012184359234427071	7.731626648339847e-05	0.00010199138172824396	3.9692515314695496e-05	0.0001276611722299403	0.00024362892448578176	8.708563565982608e-05	9.046055731241685e-05	0.5661588835935775	0.00018737778953525759	0.08879220793805946	0.580529445576466	0.00011234750018008202	0.4191423360435499	0.563928707290161	0.00013720907242199124	0.30928771798602556	-0.29193751409299135	0.13724775600260172	-0.40985485440806596	0.12012157103120802	0.27240742065587825	0.12868466351690488	0.00014564478737911027
Q1005P	missense	64	104	74	66	33	7	5	114	107	44	14	0	5	84	54	37	49	0.00020412008541640498	0.0003090080253798592	0.00028949704713011925	0.00022175811154763993	8.799558986808426e-05	0.00013012361743656474	7.751136833402232e-05	0.0003522733886555716	0.0004413495488426834	0.00014818815285114005	6.443022206949873e-05	1.2748922716030496e-05	7.938503062939099e-05	0.00031915293057485075	0.0001970528065693823	0.00016546270775366956	9.422974720043421e-05	0.5244262066196149	0.00022706469348142565	-0.31153944576447445	0.48131044940785583	0.0002515603281047234	-0.354325967870852	0.5112029103604614	0.00019397454802458423	-0.12257472442935255	-0.22499072446237806	0.28957885437259306	0.7942651282478589	2.0957435011926333	-0.262813379354893	1.1926611777826133	0.0002241998565369111
Q1005C	missense	99	136	70	69	77	24	5	87	60	77	62	27	2	82	87	65	179	0.00031403090064062303	0.00040318189978134005	0.00027405720461651294	0.00023168757922887754	0.00020187223557972272	0.0004066363044892648	7.751136833402232e-05	0.0002695657234929591	0.0002492807636981823	0.0002568594649419761	0.0002706069326918947	0.00035696983604885385	3.9692515314695496e-05	0.0003116434498554425	0.0003152844905110117	0.0002873825976774261	0.00033922708992156314	0.552270970603055	0.0002776997298016133	-0.04443124133747048	0.6262785765371692	0.000261578221206253	0.775782738548729	0.6304694237074677	0.00031338440699136085	0.8543043509325514	-0.7198407461424721	-0.8364056438664778	-0.9539228987583416	-0.772540933869341	0.5285519493812699	-0.8044732888679094	0.0002842207859997424
Q1005S	missense	156	109	57	99	118	14	25	71	60	88	68	7	14	69	75	65	127	0.0004930285140057782	0.0003237226932550905	0.00022387771644729224	0.00033098225604125364	0.0003079845645382949	0.00024398178269355888	0.00033588259611409674	0.00022055377376696656	0.0002492807636981823	0.00029308323563892143	0.00029637902151969416	0.00010199138172824396	0.00019846257657347746	0.0002628318251792889	0.00027229115089587373	0.0002873825976774261	0.00024122815283311158	0.6313091824798399	0.0002966418075704828	0.7137635441555866	0.65701159209767	0.0002648241986559411	1.0153640116686427	0.6191574229275678	0.0002659334316464251	0.7616508763549018	0.13883010106105856	1.1174187891574443	0.28911514992795284	1.266934587160561	0.8302594773930437	1.1921766881590026	0.000275799812624283
Q1005H	missense	35	8	5	10	20	1	3	11	6	10	16	0	0	9	19	9	38	0.0001130511242306243	2.6486402175416498e-05	2.315976377040954e-05	3.64080481645379e-05	5.435021727146381e-05	3.2530904359141185e-05	5.167424555601488e-05	3.6758962294494424e-05	2.860598927684059e-05	3.622377069694535e-05	7.30209183454319e-05	1.2748922716030496e-05	1.323083843823183e-05	3.754740359704126e-05	7.165556602522992e-05	4.354281782991304e-05	7.349920281633868e-05	0.711214986885738	3.510110784545694e-05	1.4802809386232978	0.7083313449673979	4.365241015342807e-05	1.4154305689033018	0.6690576879558369	5.6561247567130725e-05	1.1703701672366704	0.200978007809903	1.2588304826633299	0.01611387786421517	0.8190163499252244	1.3553605582544233	1.038923416294277	4.510492185533858e-05
Q1005N	missense	79	54	29	38	44	7	2	43	18	51	37	5	7	43	43	29	69	0.00025122472051249844	0.00016186134662754526	0.00011579881885204771	0.00012908307985608892	0.00011646475129599387	0.00013012361743656474	3.875568416701116e-05	0.00013478286174647955	7.764482803713875e-05	0.00017123964329465073	0.00016322322924273012	7.649353629618297e-05	0.00010584670750585465	0.00016520857582698158	0.00015764224525550584	0.00013062845348973912	0.0001319216460806079	0.5956365523410724	0.00013080199915791894	0.37156447975620355	0.6658939032031714	0.0001367226405802498	1.084606660464819	0.5979086134543061	0.00014635023016320862	0.5876077458209599	-0.5260207201263593	-0.3953864760760374	0.14105261447251513	1.0240056462788847	0.6812596286806608	0.31430958510142365	0.0001379582899671258
T1006E	missense	77	31	26	72	180	20	19	51	47	79	79	18	28	43	60	75	313	0.00024494410249968596	9.417387440148089e-05	0.00010421893696684294	0.00024161704691011516	0.0004684471107683309	0.00034157449577098246	0.0002583712277800744	0.00015928883660947584	0.00019615535504119262	0.00026344560506869345	0.0003436278510373266	0.00024222953160457942	0.0003836943147087231	0.00016520857582698158	0.00021854947637695127	0.00033092541550733913	0.0005917628124187268	0.7984008684481432	0.00022711424226169247	2.3166343833631937	0.7055579116856694	0.00024062941193917213	1.3938100847291535	0.7581894267370017	0.0003266115700324997	1.9004236258517464	-0.12124128692401627	0.525650902975511	0.19975827481034225	1.1203251091717783	1.8702893646480312	0.8229880060736446	0.0002647850747444548
T1006L	missense	192	247	173	197	127	48	32	317	199	263	127	39	25	283	262	186	282	0.0006060796382364025	0.0007298475266114768	0.0006716331493418767	0.0006553448669616822	0.0003312775147974937	0.000797007156798959	0.0004263125258371228	0.0009741125008041022	0.0008173139793383026	0.0008693704967266884	0.0005498045616597225	0.0005099569086412198	0.0003440017993940276	0.001066346262155972	0.0009422706932317735	0.000814250693419374	0.0005333403691544576	0.5615606148199971	0.0005970257644281324	0.04468210823262547	0.5774673458620706	0.0008026503846322039	0.3952715334354955	0.560677494155075	0.0008390520044903942	0.2826579290194729	-0.2717341280047043	0.18321865334663875	-0.17097276549292922	0.5120598333151352	0.24087052356253127	0.34763924333088697	0.0007462427178502436
T1006Y	missense	111	109	86	92	103	19	16	97	85	95	85	29	4	58	82	64	179	0.0003517146087174978	0.0003237226932550905	0.00033581657467093834	0.0003078134981183659	0.00026916298077296364	0.00032530904359141186	0.00021961554361306325	0.00030019819207170446	0.0003514450111154701	0.0003161347260824321	0.00036939993986512607	0.0003824676814809149	6.615419219115915e-05	0.00022152968122254345	0.00029737059900470416	0.0002830283158944348	0.00033922708992156314	0.6056227483867149	0.00030912893670433957	0.4673596855045443	0.6411062116645255	0.0003342944672836832	0.8913725573927764	0.662106017514725	0.0002852889215108114	1.1134309543582341	-0.17063306213978544	0.413264582278494	-0.7620373725194285	-0.45771080134218445	0.8240543990851851	-0.022223109531845225	0.00030957077516627807
T1006R	missense	217	78	46	171	462	39	78	139	92	283	186	50	84	95	105	157	669	0.0006845873633965582	0.00023249175242865593	0.00018141814953487475	0.0005692894803909562	0.0011982928855565592	0.0006506180871828237	0.001020566349731294	0.00042885456010243497	0.0003800510003923107	0.0009352318979938617	0.0008032301017997509	0.0006501950585175553	0.0011246212672497056	0.00036045507453159615	0.0003797744999337186	0.0006879765217126261	0.0012626786124858185	0.8132469845621838	0.0005453730669777615	2.459049647514637	0.7073549940758999	0.0006368418900720896	1.407819360392494	0.7650502512210334	0.0006727211771659398	1.956618744582862	0.19551511210840086	1.246400179327171	0.23796262748057148	1.183007697327525	1.941162584163331	1.214703938327348	0.000618312044738597
T1006A	missense	135	157	84	151	274	22	40	135	132	128	164	10	20	123	129	93	292	0.00042708202487124733	0.00046498350485731186	0.0003280966534141352	0.0005030930291827055	0.0007117290356977404	0.0003741054001301236	0.0005296610169491525	0.0004166015726709368	0.0005435137962599712	0.00042480603817326816	0.0007087324427644861	0.00014023814987633546	0.00027784760720286846	0.00046558780460331166	0.0004657611791639945	0.00040930248760118263	0.0005521863185945445	0.681976938277725	0.0005019755557879733	1.199807285864723	0.6702369939425203	0.0005234134624671656	1.1184635140677515	0.638428042506409	0.0004732094474907583	0.9194911997410465	0.15100403284806452	1.1451194214182028	0.29694048743990936	1.279773763174762	1.0792539998911737	1.2124465922964824	0.0004995328219152991
T1006N	missense	89	35	21	73	203	9	38	39	33	101	160	13	38	29	33	40	243	0.0002826278105765607	0.00010594560870166599	8.491913382483498e-05	0.00024492686947052766	0.0005279735392085056	0.00016265452179570593	0.0005038238941711451	0.0001225298743149814	0.00013894337648751146	0.0003358931464625841	0.0006915510502126198	0.00017848491802442692	0.0005160026990910413	0.0001126422107911238	0.00012181446224289088	0.00017852555310264348	0.00045984116633811896	0.8099635678077761	0.00024094128780138355	2.4275526107943053	0.809652370618652	0.0003222293618694242	2.20528538388415	0.7822924097489283	0.00021820584811869427	2.0978445036604927	0.4910126191724211	1.9187768543704924	0.46105044921247634	1.5490320132709916	2.2435608327796497	1.7339044338207419	0.0002604588325965007
T1006G	missense	185	95	121	158	301	26	75	130	153	197	149	44	53	158	170	145	326	0.0005840974751915588	0.00028252162320444263	0.000470915196664994	0.0005262617871055932	0.0007816078864753366	0.000439167208848406	0.0009818106655642828	0.0004012853383815642	0.000629331764090493	0.0006520278725450163	0.0006443022206949874	0.0005737015222213723	0.0007144652756645188	0.0005970037171929561	0.0006126550895157158	0.0006357251403167304	0.0006162625466908397	0.7191517785677772	0.0005153266233625916	1.5564166952905647	0.665382671595431	0.0005817367989280152	1.0806213203604453	0.6291053081494967	0.0006154116234290605	0.8431312570979026	0.3493978402677259	1.5965457969142116	0.09529512391184	0.9489304850632804	1.1600564242496374	1.272738140988746	0.0005708250152398891
T1006D	missense	74	176	104	213	300	40	37	90	100	120	138	77	120	64	60	80	268	0.00023552317548046728	0.0005208992427831911	0.00040529586598216696	0.0007083020279282828	0.0007790197808909813	0.0006668835393623943	0.0004909053327821414	0.00027875546406658274	0.0004127435595658428	0.0003984614776663988	0.0005970533911773549	0.0009944159718503786	0.0016009314510260515	0.0002440581233807682	0.00021854947637695127	0.0003526968244222957	0.0005069560399383361	0.680798644315475	0.0006033792293961555	1.1885041918707875	0.6946950173045295	0.0004217534731190448	1.3091276668753866	0.7122408578680993	0.0003305651160295878	1.5240715869499333	-0.1330522479570035	0.49877617639209626	0.20680464549018482	1.13188621989468	1.3405678152320357	0.8153311981433882	0.00045189927284826266
T1006_	nonsense	91	1535	1166	1119	186	143	65	1028	559	520	107	287	42	450	492	156	229	0.0002889084285893732	0.004520345971271082	0.004504574053344656	0.0037070012676620407	0.00048397574427446344	0.0023422251138581654	0.0008526250516742456	0.003152081016752897	0.0022884791421472475	0.001715689503009866	0.0004638975989003909	0.0036716897422167825	0.0005689260528439688	0.001693387902226561	0.0017663097025219176	0.0006836222399296348	0.00043345683712199735	0.502924636604543	0.0033039742591380603	-0.5177988977211516	0.4833140916266177	0.0019050368152026002	-0.33870644128379185	0.49219691073081007	0.0011441941704500276	-0.2782476188865167	-0.43887054440745915	-0.19708448036200954	-0.8098101543154291	-0.5360924881677942	-0.37825098596382006	-0.36658848426490187	0.0021177350815968963
T1006C	missense	121	39	17	83	160	10	11	58	43	93	121	7	10	43	59	75	225	0.0003831176987815601	0.00011771734300185111	6.947929131122863e-05	0.00027802509507465306	0.0004166849990812225	0.0001789199739752765	0.00015502273666804465	0.0001807315646145976	0.00017980907545442657	0.0003095485859557148	0.000524032472831923	0.00010199138172824396	0.00014553922282055013	0.00016520857582698158	0.00021496669807568978	0.00033092541550733913	0.00042591845734596265	0.7816844792533596	0.00022047668211723883	2.156278033962024	0.74639070878031	0.0002985304247141655	1.7121248785938432	0.7237327659071228	0.0002842547866889933	1.6181986322056503	-0.062263426964678306	0.6598494543427781	0.1544165760304966	1.0459321452225758	1.8288671815871727	0.8528907997826769	0.0002677539645067992
T1006W	missense	81	59	45	72	186	10	18	123	43	74	86	14	32	87	73	70	217	0.0002575053385253109	0.00017657601450277665	0.00017755818890647314	0.00024161704691011516	0.00048397574427446344	0.0001789199739752765	0.0002454526663910707	0.0003798426103764424	0.00017980907545442657	0.00024698025475190013	0.0003736952880030926	0.00019123384074045744	0.00043661766846165044	0.00033041715165396315	0.0002651255942933507	0.00030915400659238263	0.00041084169779389315	0.7391790994687635	0.0002699317486484571	1.748534025806539	0.6301605617278488	0.00029508180714646543	0.80604501308488	0.652108866586765	0.0003288846125833974	1.0315470518218643	0.1373089279405258	1.1139575033580773	0.35853655868642137	1.380835576714292	1.1953753635710944	1.2473965400361846	0.0002979660561261066
T1006V	missense	207	225	130	180	370	41	68	216	185	261	192	35	49	196	184	184	469	0.0006531842733324959	0.0006651029879604588	0.0005056548423206084	0.0005990778834346691	0.0009601871717958606	0.0006831489915419649	0.0008913807358412567	0.0006647245681587743	0.0007601020007846214	0.000862784356599971	0.0008290021906275503	0.0004589612177770978	0.0006615419219115915	0.0007396838508617129	0.0006628139857333768	0.0008055421298533913	0.0008857596236840816	0.6698107778607901	0.0006825057213778992	1.0831001999051861	0.6488847107831486	0.0007791532790427292	0.9520103662056865	0.648472571738326	0.0007734498975331406	1.0017631648816028	0.11554781248527671	1.064442139927738	0.1587813814329467	1.053093562189469	1.0122912436641585	1.0587678510586036	0.000745036299317923
T1006M	missense	87	50	41	47	40	10	11	63	41	89	55	10	2	66	66	51	174	0.0002763471925637483	0.00015008961232736015	0.0001621183463928668	0.00015887148289980173	0.00010611232895857219	0.0001789199739752765	0.00015502273666804465	0.00019604779890397027	0.00017163593566104355	0.0002963763057022801	0.0002405394957261286	0.00014023814987633546	3.9692515314695496e-05	0.00025156760410017647	0.00024004614618452024	0.00022642265271554784	0.0003298041152015197	0.5957249131722894	0.0001442979426446502	0.3724121042137887	0.6606809077157194	0.00022614988399835562	1.0439684063633472	0.6513740087344674	0.00026196012955044106	1.0255280340847872	-0.062263426964678306	0.6598494543427781	-0.5481575525743475	-0.1067942242661434	0.8139695148873077	0.27652761503831735	0.0002108026520644823
T1006S	missense	216	274	201	223	362	29	59	316	176	231	236	58	46	218	224	159	454	0.000681447054390152	0.0008093067331377264	0.0007797120469371213	0.0007414002535324081	0.0009394823271210172	0.00048796356538711777	0.0007751136833402232	0.0009710492539462277	0.0007233228717143978	0.000763992254699211	0.00101799750869808	0.0007521864402457992	0.0006218494065968961	0.0008222881387752037	0.0008061251177838367	0.0006966850852786087	0.0008574906995239513	0.6384642818578292	0.0008174753401820683	0.7824007122956407	0.6315267279785981	0.0008690904722644791	0.8166950532348167	0.624849479849221	0.0007956472603404001	0.8082729427378919	0.200978007809903	1.2588304826633299	-0.08264027584221151	0.6569885831186184	0.8024562360894497	0.9579095328909741	0.0008274043575956492
T1006H	missense	45	97	87	123	295	28	66	109	96	129	147	9	79	84	122	66	248	0.0001444542142946866	0.0002884074903545352	0.0003396765352993399	0.0004104179974911545	0.0007660792529692041	0.0004716981132075472	0.0008655436130632492	0.0003369571543661989	0.00039639727997907675	0.00042809910823662684	0.0006357115244190541	0.00012748922716030494	0.0010584670750585464	0.00031915293057485075	0.00044068173105516405	0.00029173687946041743	0.0004692641410581624	0.7291624426909872	0.00045114531902855847	1.6524466174929109	0.689543663479718	0.00044929126675023913	1.2689699444673814	0.6497716422780627	0.00038020892053714867	1.0124034929340855	0.26362481694779216	1.4013773814467485	0.9192038648561588	2.3007327975462935	1.3112733516314592	1.851055089496521	0.0004268818354386487
T1006K	missense	76	117	103	169	211	17	36	97	81	124	119	5	20	111	88	71	244	0.00024180379349327975	0.0003472661618554608	0.0004014359053537654	0.0005626698352701312	0.0005486783838833489	0.00029277813923227067	0.00047798677139313764	0.00030019819207170446	0.0003350987315287041	0.0004116337579198335	0.0005154417765559898	7.649353629618297e-05	0.00027784760720286846	0.00042053092028686214	0.0003188672688122732	0.0003135082883753739	0.00046172576128212763	0.6764415256412835	0.00046501257159067654	1.146707387766762	0.6827859792738954	0.000390593114519058	1.2162899664097087	0.6347569511862124	0.00037865805968915925	0.8894223045096695	0.21287723110961074	1.2859060417005237	0.5601819222144908	1.7116788548257738	1.0841398862287133	1.4987924482631487	0.00041142124859963125
T1006T	silent	94	208	132	107	111	29	12	250	136	111	97	48	13	182	128	74	187	0.0002983293556085919	0.0006150731171846721	0.0005133747635774115	0.00035746083652455393	0.00028986782544780697	0.00048796356538711777	0.00016794129805704837	0.0007688749613265084	0.0005598600758467373	0.0003688238470961708	0.00042094411752072506	0.0006246972130854942	0.00018523173813524564	0.0006871174858258551	0.00046217840086273303	0.00032657113372434784	0.00035430384947363264	0.5453496487992053	0.0004439441356836111	-0.11082583675897376	0.5521402519181893	0.0005296257504475354	0.1978324829278248	0.547544924981148	0.00045754271747164223	0.17509268147655074	-0.4632298902669038	-0.25251187173981643	-0.5279541664860604	-0.07364615497532452	0.08736644254846726	-0.16307901335757047	0.00047703753453426297
T1006I	missense	90	70	66	87	86	15	24	68	22	70	61	39	19	38	61	56	118	0.00028576811958296695	0.00020894828382828572	0.00025861736210290657	0.0002912643853163032	0.0002251651858389215	0.0002602472348731295	0.000322964034725093	0.00021136403319334295	9.39911076239048e-05	0.00023380797449846542	0.0002663115845539281	0.0005099569086412198	0.0002646167687646366	0.00014643487402846094	0.00022213225467821276	0.00024819406163050433	0.00022426679833703343	0.6353275056414938	0.00024599880427160427	0.7523103634123465	0.6722794988169124	0.0002013686749674103	1.1343859970794545	0.6635774289579788	0.00021025699716855286	1.1254828791594615	0.09376803816203468	1.0148843200051398	-0.284916117799766	0.32511086738486816	1.0040597465504209	0.669997593695004	0.0002192081588025225
T1006F	missense	143	41	41	93	175	7	28	77	48	104	123	19	59	84	110	64	146	0.0004522044969224972	0.00012360321015194366	0.0001621183463928668	0.0003111233206787784	0.0004555065828465538	0.00013012361743656474	0.0003746382802811079	0.00023893325491421377	0.00020024192493788413	0.00034577235665266015	0.0005326231691078562	0.0002549784543206099	0.0007938503062939099	0.00031915293057485075	0.0003976883914400261	0.0002830283158944348	0.00027703545676927656	0.7609711008874167	0.0002630878650175357	1.9575795172055312	0.7223951691854724	0.00032939267640315356	1.5250660488472705	0.6014065769289827	0.0003192262736696471	0.6162585986789598	0.45925602305293434	1.846517718509532	0.49323513258387763	1.6018380186522772	1.3663013882439206	1.7241778685809046	0.0003039022716967788
T1006P	missense	37	16	14	20	34	3	14	19	11	43	29	9	9	22	31	16	65	0.00011933174224343676	5.002987077578672e-05	5.7899409426023855e-05	6.950627376866327e-05	9.058369545243968e-05	6.506180871828237e-05	0.0001937784208350558	6.12649371574907e-05	4.9038838760298155e-05	0.0001448950827877814	0.00012886044413899745	0.00012748922716030494	0.0001323083843823183	8.63590282731949e-05	0.00011464890564036788	7.402279031085218e-05	0.00012438326630457317	0.6871542756068573	6.700481235572838e-05	1.2494722526254354	0.7221994307780337	9.601482571114194e-05	1.5235401570336178	0.647985736762546	9.985349763224704e-05	0.9977756340345322	0.47397927987364064	1.8800190991650738	0.01611387786421517	0.8190163499252244	1.2569293478978618	1.349517724545149	8.762437856637245e-05
T1006Q	missense	54	30	46	33	109	5	14	38	54	63	51	4	11	37	36	62	161	0.00017271699535234268	9.12309408264346e-05	0.00018141814953487475	0.00011253396705402623	0.0002846916142790961	9.759271307742355e-05	0.0001937784208350558	0.00011946662745710689	0.0002247613443180332	0.00021075648405495474	0.00022335810317426226	6.374461358015247e-05	0.00015877006125878198	0.00014268013366875682	0.00013256279714667535	0.00027431975232845217	0.00030530438092940684	0.720446555059194	0.0001674686679236079	1.5688371785082462	0.6728050383222591	0.00019458563975108928	1.1384828753541527	0.7170654396783711	0.0002137167660183228	1.5635884042489647	0.29788802081795945	1.47934006655855	0.3963251195758213	1.4428359676036369	1.4236361527037882	1.4610880170810936	0.00019192369123100666
Y1007N	missense	49	82	53	70	25	4	5	80	68	50	10	1	2	67	68	23	17	0.00015701545032031152	0.00024426348672884103	0.00020843787393368587	0.00023499740178929007	6.729074519324091e-05	8.132726089785297e-05	7.751136833402232e-05	0.0002481229954878374	0.0002819733228717144	0.00016794657323129206	4.7248829517632405e-05	2.549784543206099e-05	3.9692515314695496e-05	0.0002553223444598806	0.00024721170278704324	0.0001045027627917913	3.392270899215632e-05	0.5414957440394804	0.00018874737691126447	-0.1477954293550906	0.504803903080199	0.00018632293027711906	-0.17118118242917374	0.4676367378827474	0.00016023987975771788	-0.47941321239001977	-0.020870741806453322	0.7540346009260032	0.19220513691989644	1.1079325361119206	-0.26612994139142804	0.9309835685189618	0.0001784367289820338
Y1007R	missense	198	180	134	119	139	28	18	170	124	144	66	27	28	137	152	113	203	0.0006249214922748399	0.0005326709770833763	0.0005210946848342147	0.00039717870724950433	0.0003623347818097587	0.0004716981132075472	0.0002454526663910707	0.0005238152126965456	0.0005108212370864391	0.0004774951591870069	0.000287788325243761	0.00035696983604885385	0.0003836943147087231	0.0005181541696391694	0.0005481650800930089	0.0004963881232610087	0.0003844573685777716	0.5812309143724841	0.0004533197877442135	0.23337461778777352	0.5735111305394225	0.0004499799835534381	0.3644305929534057	0.5959277706228633	0.00048679118539273966	0.5713832091986213	-0.2836963848002052	0.15599966754169017	0.03135384442095206	0.8440208449739703	0.3897294733132668	0.5000102562578302	0.0004633636522301304
Y1007K	missense	44	11	11	27	74	9	5	6	19	27	44	5	10	25	39	23	45	0.00014131390528828035	3.531520290055533e-05	4.631952754081908e-05	9.267503169155101e-05	0.00019410791882665645	0.00016265452179570593	7.751136833402232e-05	2.1442728005121748e-05	8.173139793383026e-05	9.22059617740427e-05	0.0001932906662084962	7.649353629618297e-05	0.00014553922282055013	9.762324935230729e-05	0.00014331113205045984	0.0001045027627917913	8.669136742439947e-05	0.8023576835968899	9.210442023989547e-05	2.3545911708676543	0.7941722277606036	9.716768848037273e-05	2.0846088974941845	0.6042874072419656	0.00010803212790473946	0.6398546842309312	-0.3219007374704345	0.06906927047737274	0.2793553126387965	1.2509214415762357	1.6930182508642566	0.6599953560268043	9.910141220833588e-05
Y1007F	missense	71	20	28	31	29	4	13	44	28	40	32	1	8	35	24	32	73	0.0002261022484612486	6.180160507597183e-05	0.00011193885822364612	0.00010591432193320116	7.764316753066258e-05	8.132726089785297e-05	0.0001808598594460521	0.0001378461086043541	0.00011851052700405388	0.00013501587259770538	0.00014174648855289722	2.549784543206099e-05	0.00011907754594408647	0.00013517065294934856	8.95694575315374e-05	0.00014369129883871304	0.00013946002585664264	0.6395187478519849	8.932448819087042e-05	0.7925159540156198	0.6316135528865874	0.00013327974918975264	0.8173719025974717	0.641487273507037	0.0001269728587940604	0.9445485160601453	0.3471060434881411	1.5913310297446248	0.6693263916395589	1.8907542048389732	0.851478790891079	1.741042617291799	0.00011652569872489449
Y1007T	missense	61	19	21	28	61	7	21	30	49	58	27	8	10	35	32	32	80	0.0001946991583971863	5.8858671500925554e-05	8.491913382483498e-05	9.598485425196355e-05	0.000160462546230036	0.00013012361743656474	0.00028420835055808184	9.49606525941106e-05	0.00020432849483457564	0.00019429113373816141	0.0001202697478630643	0.00011474030444427445	0.00014553922282055013	0.00013517065294934856	0.00011823168394162938	0.00014369129883871304	0.00015265219046470342	0.7236561253610126	0.00010005630145194002	1.599625823756268	0.6384173498400283	0.00015346250725747798	0.8704113556555628	0.6427136923399761	0.0001374364565485986	0.9545937740450263	0.3392807059761845	1.5735252131417752	0.10326405358311529	0.9620052553895396	1.1415436511522856	1.2677652342656573	0.0001303184217526722
Y1007G	missense	167	112	84	201	223	14	47	137	97	156	130	14	24	122	135	101	285	0.0005275719130762467	0.0003325514939802294	0.0003280966534141352	0.0006685841572033323	0.0005797356508956139	0.00024398178269355888	0.0006200909466721786	0.0004227280663866859	0.00040048384987576827	0.0005170119999473109	0.0005626906060736223	0.00019123384074045744	0.00033077096095579576	0.00046183306424360754	0.0004872578489715635	0.00044413674186511305	0.0005389941539864837	0.695852418673506	0.0004772419888733277	1.3329114722131281	0.6602364598390292	0.0004757286305708468	1.0405036832897765	0.6371855938871966	0.000483055452266692	0.9093146462034282	0.4050979904658278	1.7232862292167401	0.23796262748057148	1.183007697327525	1.0942432672354443	1.4531469632721326	0.00047867535723695553
Y1007E	missense	53	66	53	41	88	13	22	85	46	49	45	9	19	58	48	43	128	0.00016957668634593644	0.0001971765495281006	0.00020843787393368587	0.00013901254753732653	0.00023034139700763232	0.0002277163305139883	0.0002971269119470856	0.00026343922977721003	0.0001920687851445011	0.0001646535031679334	0.00019758601434646277	0.00012748922716030494	0.0002646167687646366	0.00022152968122254345	0.00017555613676181332	0.0001915883984516174	0.00024311274777712025	0.6298500715131726	0.00019374209200168633	0.6997666393659451	0.5906105767145211	0.00020443688310902683	0.4977304663814075	0.6371397462374813	0.0002079467410532736	0.908939120765444	0.11554781248527678	1.0644421399277382	0.31714387352819634	1.3129218324655807	0.7021454088375988	1.1886819861966593	0.00020204190538799559
Y1007Y	silent	52	53	30	57	146	9	17	67	33	77	47	18	25	39	66	53	95	0.0001664363773395302	0.000158918413052499	0.0001196587794804493	0.0001919697085039271	0.0003804515209002466	0.00016265452179570593	0.00023253410500206697	0.0002083007863354684	0.00013894337648751146	0.0002568594649419761	0.00020617671062239594	0.00024222953160457942	0.0003440017993940276	0.00015018961438816505	0.00024004614618452024	0.00023513121628153044	0.0001809211146248337	0.7332420122015763	0.0002127496054842805	1.6915809584216637	0.6422076033489296	0.00020257008459683798	0.8999585297466364	0.6385310771251302	0.00020157202286976236	0.9203351278499683	0.15522051724922792	1.1547136335325272	0.15233362488220417	1.042514608741747	1.1706248720060894	1.0986141211371372	0.00020563057098362696
Y1007L	missense	102	173	126	157	157	35	29	208	139	174	58	31	32	207	181	139	172	0.00032345182765984175	0.0005120704420580523	0.0004902149998070019	0.0005229519645451807	0.0004089206823281563	0.0005855562784645413	0.0003875568416701116	0.000640218593295778	0.0005721197855368119	0.000576287261087767	0.00025342554014002835	0.00040796552691297586	0.00043661766846165044	0.0007809859948184583	0.0006520656508295923	0.0006095994496187826	0.00032603492531350236	0.6071167465535351	0.0004835395221845978	0.48169125491536424	0.5542248588572286	0.0005105127950150963	0.21408317539327684	0.5507331175650668	0.0005921715051450838	0.20120628651162603	-0.17923323390170298	0.39369570350339567	0.029477839422196644	0.8409428488689155	0.2989935722734223	0.6173192761861556	0.000528741274114926
Y1007I	missense	68	10	9	19	28	4	16	19	13	38	30	6	11	36	32	30	56	0.0002166813214420299	3.237226932550905e-05	3.8599606284015906e-05	6.619645120825072e-05	7.505506194630717e-05	8.132726089785297e-05	0.00021961554361306325	6.12649371574907e-05	5.721197855368118e-05	0.00012842973247098805	0.00013315579227696404	8.924245901221346e-05	0.00015877006125878198	0.00013892539330905267	0.00011823168394162938	0.00013498273527273044	0.000107421911808495	0.7166753471972707	5.305584719102071e-05	1.5326608776023232	0.7193563112054553	9.501561011478099e-05	1.501376428730108	0.6055430967328	0.00012489043108297688	0.6501396900915372	0.431426929188177	1.7831952431757547	0.2501970838975832	1.2030809962920843	1.2280589988079893	1.4931381197339195	9.098729612959287e-05
Y1007H	missense	43	6	6	4	13	1	2	12	14	18	17	0	3	11	13	21	59	0.00013817359628187414	2.0600535025323943e-05	2.7019724398811132e-05	1.654911280206268e-05	3.623347818097587e-05	3.2530904359141185e-05	3.875568416701116e-05	3.982220915236896e-05	6.129854845037269e-05	6.256833120381469e-05	7.731626648339847e-05	1.2748922716030496e-05	5.292335375292732e-05	4.505688431644952e-05	5.0158896217660946e-05	9.57941992258087e-05	0.00011307569664052105	0.6703525693275595	2.5100712601793407e-05	1.0882974767055462	0.6839986655118487	6.0251338822488705e-05	1.2257435428806511	0.7276403738150559	7.602141910011005e-05	1.65020476949309	0.07603927120160313	0.9745441848212235	0.6181738691921775	1.806827315005937	1.321415263026429	1.3906857499135803	5.379115684146405e-05
Y1007W	missense	78	48	32	55	77	5	4	123	79	58	50	3	10	41	89	60	107	0.0002480844115060922	0.0001442037451772676	0.00012737870073725247	0.00018535006338310202	0.00020187223557972272	9.759271307742355e-05	6.45928069450186e-05	0.0003798426103764424	0.00032692559173532105	0.00019429113373816141	0.0002190627550362957	5.099569086412198e-05	0.00014553922282055013	0.00015769909510757332	0.00032245004711353465	0.0002656111887624696	0.0002035362539529379	0.668824979185642	0.0001647011862193362	1.0736436674597345	0.5563719873684658	0.0002800305227215552	0.23082125894585273	0.6356226836092567	0.00023732414623412888	0.8965132797147016	-0.17923323390170298	0.39369570350339567	0.4554465716944778	1.539837627762932	0.7336594020400963	0.9667666656331638	0.00022735195172500676
Y1007A	missense	70	63	47	49	101	10	21	59	45	57	28	10	16	84	44	38	90	0.00022296193945484235	0.00018834774880296178	0.00018527811016327633	0.00016549112802062682	0.0002639867696042528	0.0001789199739752765	0.00028420835055808184	0.00018379481147247213	0.0001879822152478096	0.00019099806367480274	0.0001245650960010309	0.00014023814987633546	0.00022492425344994112	0.00031915293057485075	0.00016122502355676732	0.00016981698953666088	0.00017149813990479027	0.657238997539436	0.00020077593914777944	0.9625020985858597	0.5932338343071458	0.00017183504659902882	0.5181802459523475	0.5589211296294698	0.0002054232708932673	0.2682720322105372	0.20097800780990308	1.2588304826633299	0.20517011408426403	1.129204413980329	0.5829847922495814	1.1940174483218295	0.00019267808554669186
Y1007_	nonsense	42	6	2	10	32	2	3	33	9	15	17	2	0	10	18	21	52	0.0001350332872754679	2.0600535025323943e-05	1.157988188520477e-05	3.64080481645379e-05	8.540748428372885e-05	4.8796356538711774e-05	5.167424555601488e-05	0.0001041503931677342	4.086569896691513e-05	5.2689121013738686e-05	7.731626648339847e-05	3.824676814809149e-05	1.323083843823183e-05	4.1302143956745394e-05	6.807278772396843e-05	9.57941992258087e-05	9.988353203246026e-05	0.802966543087214	3.849898733969886e-05	2.3604318152812884	0.5937847299699397	6.875536990794663e-05	0.5224747898440321	0.7083731353828906	7.62631657347457e-05	1.4923921401456641	0.024886748754221824	0.8581514500568059	-0.4610073768554473	0.036194681198171916	1.4584329150903284	0.44717306562748893	6.117250766079706e-05
Y1007S	missense	146	92	52	148	95	26	24	141	82	175	88	23	21	127	115	113	194	0.00046162542394171584	0.0002736928224793038	0.0002045779133052843	0.000493163561501468	0.00024845813609812025	0.000439167208848406	0.000322964034725093	0.00043498105381818404	0.0003391853014253956	0.0005795803311511256	0.0003822859842790258	0.0003059741451847319	0.00029107844564110026	0.0004806067660421282	0.00041560228294633357	0.0004963881232610087	0.0003674960140816934	0.6468135615103031	0.0003049731083460441	0.8624933680479951	0.6309265748924753	0.0004340081676684328	0.8120165198134187	0.6066383006327098	0.000440023296582791	0.6591102027949967	-0.13347574334102788	0.4978125526341983	-0.021674683025184695	0.7570159590358794	0.7778733635521368	0.6274142558350388	0.0003930015241990893
Y1007P	missense	46	74	32	27	34	2	5	48	17	31	21	2	4	28	35	29	52	0.00014759452330109283	0.00022072001812847083	0.00012737870073725247	9.267503169155101e-05	9.058369545243968e-05	4.8796356538711774e-05	7.751136833402232e-05	0.00015009909603585223	7.355825814044724e-05	0.00010537824202747737	9.449765903526481e-05	3.824676814809149e-05	6.615419219115915e-05	0.00010888747043141967	0.00012898001884541387	0.00013062845348973912	9.988353203246026e-05	0.5249937235597656	0.0001328393615024285	-0.30609539061084823	0.5851612372095353	0.00010588331380976042	0.45524977672382966	0.6182310813354291	0.00011709486869975822	0.754063468183047	0.20097800780990308	1.2588304826633299	0.23796262748057148	1.183007697327525	0.3010726180986762	1.2209190899954274	0.00011860584800398238
Y1007C	missense	76	37	21	29	62	8	11	59	43	64	45	7	6	60	56	41	109	0.00024180379349327975	0.00011183147585175854	8.491913382483498e-05	9.929467681237608e-05	0.00016305065181439142	0.00014638906961613534	0.00015502273666804465	0.00018379481147247213	0.00017980907545442657	0.00021404955411831342	0.00019758601434646277	0.00010199138172824396	9.261586906762282e-05	0.0002290391619419517	0.0002042183631719053	0.0001828798348856348	0.00020730544384095528	0.6707510775134561	0.00011477398457584027	1.0921202710394327	0.6371920534939196	0.0001938098638479187	0.8608594762452264	0.6118631309021028	0.00020586070096011177	0.7019053446940244	0.024886748754221824	0.8581514500568059	-0.04187806911347157	0.7238678897450609	0.8849616973262279	0.7910096699009335	0.00017148151646129023
Y1007V	missense	118	165	85	133	72	16	21	102	96	101	44	34	15	89	73	80	139	0.0003736967717623414	0.0004885269734576821	0.00033195661404253677	0.00044351622309527985	0.00018893170765794563	0.0002765126870527001	0.00028420835055808184	0.00031551442636107717	0.00039639727997907675	0.0003358931464625841	0.0001932906662084962	0.00044621229506106735	0.0002116934150117093	0.0003379266323733714	0.0002651255942933507	0.0003526968244222957	0.0002638432921612158	0.5572726003895917	0.00036323287956336106	0.0035482047187066577	0.5819759733003306	0.00031027387975280854	0.4304188394183809	0.6111963311703196	0.00030489808581255835	0.6964437722278225	0.011921771589854156	0.82865086873413	-0.32383418383013574	0.26125727651639136	0.37680360545497	0.5449540726252606	0.0003261349483762426
Y1007M	missense	53	48	46	64	51	16	29	115	60	65	33	11	4	52	92	46	90	0.00016957668634593644	0.0001442037451772676	0.00018141814953487475	0.00021513846642681487	0.00013458149038648182	0.0002765126870527001	0.0003875568416701116	0.0003553366355134461	0.0002492807636981823	0.0002173426241816721	0.0001460418366908638	0.00015298707259236595	6.615419219115915e-05	0.0001990012390643187	0.00033319838201731914	0.00020465124380059132	0.00017149813990479027	0.6258983510552137	0.00016883546288135975	0.6618587240196125	0.5397958073232824	0.00024200046502104107	0.10160054154270667	0.5959560374670088	0.00022708725119675486	0.5716147351131242	0.14662034548731034	1.1351447547574287	-0.3640973638473909	0.19519673224681222	0.44502466689181447	0.6651707435021205	0.00021264105969971857
Y1007D	missense	57	30	28	22	50	8	11	50	29	63	61	10	11	50	25	20	135	0.00018213792237156137	9.12309408264346e-05	0.00011193885822364612	7.612591888948834e-05	0.0001319933848021264	0.00014638906961613534	0.00015502273666804465	0.0001562255897516013	0.00012259709690074538	0.00021075648405495474	0.0002663115845539281	0.00014023814987633546	0.00015877006125878198	0.00019149175834491045	9.31522358327989e-05	9.14399174428174e-05	0.00025630491238518103	0.6512815109908305	0.00010282227568542387	0.9053533457416112	0.6941927650670545	0.0001889726888153074	1.3052123260509658	0.6630950643842125	0.00015809720600142694	1.1215319641407828	0.024886748754221824	0.8581514500568059	0.05390243875361493	0.8810167408145693	1.1106992119777865	0.8695840954356876	0.00014996405683405273
Y1007Q	missense	21	16	8	11	9	0	0	15	11	3	2	0	0	14	12	5	8	6.908679814093707e-05	5.002987077578672e-05	3.4739645655614314e-05	3.9717870724950433e-05	2.5881055843554195e-05	1.6265452179570593e-05	1.291856138900372e-05	4.901194972599257e-05	4.9038838760298155e-05	1.3172280253434671e-05	1.2886044413899746e-05	1.2748922716030496e-05	1.323083843823183e-05	5.63211053955619e-05	4.657611791639945e-05	2.6125690697947826e-05	1.696135449607816e-05	0.5689142462496237	3.759211074997642e-05	0.11522374716889802	0.47972030339082256	3.102727828840628e-05	-0.3667220572314102	0.5063830410164869	3.6496067126496836e-05	-0.1620529432182912	-0.10005198785407819	0.5738651522146992	0.01611387786421517	0.8190163499252244	-0.13785041776026782	0.6964407510699618	3.503848538829318e-05
V1008S	missense	171	163	121	118	107	30	35	137	82	100	74	23	14	90	215	79	157	0.0005401331491018716	0.00048264110630758954	0.000470915196664994	0.0003938688846890918	0.0002795154031103853	0.0005042290175666884	0.00046506821000413394	0.0004227280663866859	0.0003391853014253956	0.0003326000763992255	0.0003221511103474937	0.0003059741451847319	0.00019846257657347746	0.0003416813727330755	0.0007738801130724831	0.00034834254263930433	0.0002977660011533721	0.572261179552216	0.0004067351476930152	0.14733008304317752	0.5977955982812241	0.00035416613863970014	0.5537417813451476	0.5854577137170103	0.0004404175073995588	0.48562586439037775	-0.03511118092106355	0.7216318263707374	-0.18800610479170962	0.4841129184335084	0.39556590959290094	0.6028723724021229	0.00040043959791075806
V1008G	missense	263	275	211	275	257	66	71	238	89	205	110	93	51	150	173	146	232	0.0008290415776912449	0.0008122496667127726	0.0008183116532211372	0.00091351102667386	0.0006677312407636982	0.0010897852960312297	0.0009301364200082679	0.000732115999032014	0.00036779129070223617	0.0006783724330518856	0.0004767836433142906	0.0011983987353068667	0.0006880035987880552	0.000566965794315323	0.0006234034244195003	0.0006400794220997218	0.00043911062195402343	0.6118315459215468	0.0008029508968428671	0.5269192049232057	0.5997559241765871	0.0005637658415251066	0.5690236326433529	0.6047929092765303	0.0005673898156971422	0.6439951118015967	-0.06879429412363615	0.6449890827981263	-0.24101063210068438	0.39714740996442977	0.5799793164560517	0.521068246381278	0.0006447021846883719
V1008K	missense	50	61	31	28	32	11	23	39	16	15	30	2	2	28	17	29	31	0.00016015575932671776	0.0001824618816528692	0.0001235187401088509	9.598485425196355e-05	8.540748428372885e-05	0.0001951854261548471	0.0003100454733360893	0.0001225298743149814	6.947168824375573e-05	5.2689121013738686e-05	0.00013315579227696404	3.824676814809149e-05	3.9692515314695496e-05	0.00010888747043141967	6.449000942270693e-05	0.00013062845348973912	6.0307038208277895e-05	0.5432614999378945	0.00012184324007435313	-0.130856952600097	0.629993822762934	9.446161896235997e-05	0.8047451883600869	0.5976873393145844	9.107824288803591e-05	0.5857953504473822	0.20097800780990308	1.2588304826633299	0.01611387786421517	0.8190163499252244	0.4198945287357907	1.038923416294277	0.00010246103397491633
V1008W	missense	94	46	34	44	102	10	9	25	14	38	31	10	9	22	41	41	82	0.0002983293556085919	0.00013831787802717505	0.00013509862199405565	0.00014894201521856415	0.0002665748751886082	0.0001789199739752765	0.0001291856138900372	7.964441830473792e-05	6.129854845037269e-05	0.00012842973247098805	0.00013745114041493063	0.00014023814987633546	0.0001323083843823183	8.63590282731949e-05	0.00015047668865298284	0.0001828798348856348	0.0001564213803527208	0.6973245509375253	0.00017223334760710075	1.3470332872141502	0.698911398162977	0.00010170595991025732	1.3419967451484467	0.6776329308468005	0.00014403423304113334	1.240607613702096	-0.14144467301230315	0.4796800056314742	-0.025278807294009945	0.7511026056765134	1.3098792153548977	0.6153913056539938	0.00013932451351949716
V1008C	missense	97	33	38	37	47	6	12	44	38	58	34	5	5	72	61	48	84	0.00030775028262781056	0.00010005974155157344	0.00015053846450766202	0.00012577325729567639	0.00012422906804906013	0.00011385816525699414	0.00016794129805704837	0.0001378461086043541	0.00015937622597096901	0.00019429113373816141	0.0001503371848288304	7.649353629618297e-05	7.938503062939099e-05	0.00027409604625840123	0.00022213225467821276	0.00021335980736657392	0.00016019057024073817	0.6369213747502864	0.000125150132850993	0.7675999710381993	0.6390975428018631	0.00016046266328557872	0.875713845267843	0.574629589111196	0.00021744466963598153	0.3969356859321941	0.16879332443850184	1.1855972746826735	0.01611387786421517	0.8190163499252244	0.6800831674127455	1.002306812303949	0.0001676858219241844
V1008R	missense	203	316	164	191	117	47	15	206	123	154	96	26	24	152	193	110	162	0.000640623037306871	0.00093290994328967	0.0006368935036862624	0.0006354859315992069	0.0003053964589539395	0.0007807417046193884	0.00020669698222405952	0.0006340920995800288	0.0005067346671897476	0.0005104258598205935	0.0004166487693827585	0.0003442209133328234	0.00033077096095579576	0.0005744752750347314	0.0006950589904447303	0.0004833252779120348	0.0003071889758734155	0.5312035163393664	0.0006276714593822696	-0.24652632404560834	0.5857912399000217	0.0005169753489932821	0.4601610047274264	0.5634970426340782	0.000515012129816228	0.3057520719923032	-0.5771732425737406	-0.511779210840455	-0.01730987762273456	0.7641773760027729	0.1731289175580404	0.12619908258115897	0.0005532196460639266
V1008_	nonsense	76	293	219	216	34	37	11	297	108	103	35	31	7	208	150	60	27	0.00024180379349327975	0.0008652224710636057	0.0008491913382483499	0.0007182314956095204	9.058369545243968e-05	0.0006180871828236825	0.00015502273666804465	0.0009128475636466116	0.0004454361187393749	0.00034247928658930147	0.00015463253296679695	0.00040796552691297586	0.00010584670750585465	0.0007847407351781624	0.0005409995234904859	0.0002656111887624696	5.2768658432243156e-05	0.5033861785281608	0.0006308072500934789	-0.5133714357193672	0.46481838901053524	0.00046384887548552126	-0.48289092494713687	0.43711039904015697	0.00041103002646584026	-0.7294460239971717	-0.6006543384232635	-0.5652082272492305	-0.5859461134637473	-0.16879461515548824	-0.5752361282212252	-0.36700142120235935	0.0005018953840149468
V1008T	missense	77	78	47	72	89	12	26	51	34	73	88	8	45	42	56	57	165	0.00024494410249968596	0.00023249175242865593	0.00018527811016327633	0.00024161704691011516	0.00023292950259198774	0.0002114508783344177	0.00034880115750310044	0.00015928883660947584	0.00014302994638420297	0.00024368718468854142	0.0003822859842790258	0.00011474030444427445	0.0006086185681586642	0.00016145383546727743	0.0002042183631719053	0.0002525483434134957	0.0003128427607054416	0.6330761973072897	0.0002230791030235088	0.7307140975176731	0.7286377456045638	0.0002320729879903115	1.5737304697886532	0.6924627539378257	0.00023276582568953	1.362074599383077	0.2173684239980724	1.2961253270384125	0.7246292001064644	1.9814905457190128	1.2221730555631345	1.6388079363787127	0.0002293059722344501
V1008L	missense	188	194	142	156	97	34	35	127	91	158	68	81	29	155	126	116	153	0.0005935184022107775	0.0005738720471340241	0.0005519743698614274	0.0005196421419847682	0.0002536343472668311	0.0005692908262849707	0.00046506821000413394	0.00039209559780794054	0.0003759644304956192	0.0005235981400740282	0.00029637902151969416	0.0010454116627145007	0.00039692515314695493	0.0005857394961138437	0.00045501284426021	0.0005094509686099826	0.0002902276213773374	0.5596378975649974	0.0004747807265617627	0.026237938481026065	0.614018202771486	0.0003970092974743205	0.6802061769215134	0.5684848731530254	0.0004601077325903435	0.34660601438294303	-0.08781753143706651	0.6017035025560121	-0.42057871979983913	0.10252672670568189	0.3510167099284942	0.352115114630847	0.0004439659188754756
V1008P	missense	67	59	40	46	49	6	7	61	60	30	16	5	2	51	47	28	55	0.00021354101243562366	0.00017657601450277665	0.0001582583857644652	0.0001555616603393892	0.00012940527921777097	0.00011385816525699414	0.00010334849111202976	0.0001899213051882212	0.0002492807636981823	0.00010208517196411871	7.30209183454319e-05	7.649353629618297e-05	3.9692515314695496e-05	0.00019524649870461457	0.0001719733584605518	0.00012627417170674784	0.00010553731686448631	0.5959162997048075	0.0001549503349561005	0.3742480297430134	0.5236875021906532	0.00015357703979898855	-0.023972825765882035	0.5593050379343742	0.00014975783643410013	0.2714165191196802	-0.042060040876391376	0.7058203516868148	-0.284916117799766	0.32511086738486816	0.20723057436560385	0.5154656095358414	0.00015276173706306307
V1008F	missense	92	152	109	89	36	14	21	74	55	86	36	28	14	68	56	45	68	0.0002920487375957794	0.00045026883698208046	0.00042459566912417496	0.0002978840304371283	9.575990662115051e-05	0.00024398178269355888	0.00028420835055808184	0.00022974351434059016	0.00022884791421472472	0.00028649709551220413	0.00015892788110476354	0.00036971875876488436	0.00019846257657347746	0.0002590770848195847	0.0002042183631719053	0.0002002969620176	0.00013003705113659922	0.5077127998059909	0.00031712711079113354	-0.4718671858918527	0.6035958366567888	0.00022600410129307064	0.5989579265581408	0.563409307909457	0.0001984073652864223	0.30503346109088675	0.0662794339124468	0.952336596640031	-0.2701928609790597	0.349267587211266	0.14404140058572495	0.6508020919256485	0.00024717952579020883
V1008Y	missense	91	28	12	16	25	1	5	28	18	33	27	4	1	35	30	22	49	0.0002889084285893732	8.534507367634205e-05	5.017948816922067e-05	5.6266983527013114e-05	6.729074519324091e-05	3.2530904359141185e-05	7.751136833402232e-05	8.883415887836153e-05	7.764482803713875e-05	0.00011196438215419471	0.0001202697478630643	6.374461358015247e-05	2.646167687646366e-05	0.00013517065294934856	0.00011106612733910638	0.0001001484810088	9.422974720043421e-05	0.601804913032401	6.477057264145418e-05	0.43073609814373187	0.6653254607161746	9.967827923318984e-05	1.080175329134444	0.5870586109762104	0.00011015375212442229	0.498738371752496	0.37706926686558434	1.659509515269854	-0.38182613080782246	0.1661088163362278	0.6698832663435573	0.912809165803041	9.15342013330221e-05
V1008E	missense	38	17	16	15	12	0	5	17	8	17	11	1	3	20	5	8	18	0.00012247205124984298	5.2972804350832996e-05	6.561933068282704e-05	5.295716096660058e-05	3.3645372596620455e-05	1.6265452179570593e-05	7.751136833402232e-05	5.513844344174164e-05	3.677912907022362e-05	5.9275261140456025e-05	5.1544177655598985e-05	2.549784543206099e-05	5.292335375292732e-05	7.884954755378666e-05	2.1496669807568976e-05	3.918853604692174e-05	3.5807303936165e-05	0.5819649729072336	5.129866714922026e-05	0.24041626688481263	0.6322220007068717	5.0684252827005064e-05	0.8221150981723998	0.545558944684183	4.383551433611059e-05	0.15882606529283144	0.6780992625295655	2.344474845718484	0.31714387352819634	1.3129218324655807	0.4071191434500146	1.8286983390920324	4.860614477077864e-05
V1008V	silent	154	248	176	123	167	46	31	194	120	146	96	53	25	145	128	105	204	0.0004867478959929657	0.0007327904601865231	0.0006832130312270815	0.0004104179974911545	0.00043480173817171046	0.0007644762524398178	0.00041339396444811904	0.0005973331372855344	0.000494474957499673	0.00048408129931372417	0.0004166487693827585	0.0006884418266656468	0.0003440017993940276	0.0005481920925168025	0.00046217840086273303	0.00046155386899707825	0.00038634196352178027	0.5605016575868503	0.0005653058067691173	0.03452378312421233	0.5903427741047033	0.0004981345408704226	0.49564279327042726	0.5922964719806998	0.00046456658147459853	0.5416402448042601	-0.26699986746988963	0.19399101616220005	-0.3013065339879354	0.2982188083440432	0.3572689403996332	0.24610491225312162	0.0005093356430380462
V1008I	missense	65	40	23	13	85	10	11	20	12	20	49	3	9	16	19	45	100	0.00020726039442281122	0.00012066027657689738	9.263905508163816e-05	4.6337515845775506e-05	0.00022257708025456607	0.0001789199739752765	0.00015502273666804465	6.432818401536524e-05	5.312540865698967e-05	6.915447133053203e-05	0.00021476740689832912	5.099569086412198e-05	0.0001323083843823183	6.383058611497015e-05	7.165556602522992e-05	0.0002002969620176	0.0001903440893448771	0.692254608603631	0.00012055348193971929	1.2983985351235825	0.7705453699852072	0.00010034386772530402	1.900424151467252	0.7457364640857963	0.00013153180087566927	1.798424847663005	-0.062263426964678306	0.6598494543427781	0.41405388653625275	1.471923883514221	1.665749178084613	1.0658866689284996	0.00011747638351356419
V1008M	missense	69	78	51	39	43	14	15	31	38	40	23	14	6	41	64	25	44	0.0002198216304484361	0.00023249175242865593	0.0002007179526768827	0.00013239290241650144	0.00011387664571163845	0.00024398178269355888	0.00020669698222405952	9.802389945198513e-05	0.00015937622597096901	0.00013501587259770538	0.00010308835531119797	0.00019123384074045744	9.261586906762282e-05	0.00015769909510757332	0.00023288058958199724	0.00011321132635777392	8.480677248039078e-05	0.5469677480230662	0.00016986981330841962	-0.09530379539682532	0.6226874608330923	0.00012387608833296437	0.7477879565004153	0.553145704805855	0.00014714944588193382	0.22096712236463667	-0.07202326425383464	0.6376418661615856	-0.3148793411772092	0.2759496525097244	0.2911504278227422	0.45679575933565497	0.00014696511584110593
V1008N	missense	64	88	60	82	90	3	6	37	16	51	42	11	3	65	34	23	48	0.00020412008541640498	0.0002619210881791187	0.000235457598332497	0.00027471527251424053	0.00023551760817634316	6.506180871828237e-05	9.042992972302605e-05	0.00011640338059923235	6.947168824375573e-05	0.00017123964329465073	0.00018469996993256303	0.00015298707259236595	5.292335375292732e-05	0.00024781286374047235	0.00012539724054415238	0.0001045027627917913	9.234515225642552e-05	0.6200436300148976	0.0002519028918005499	0.6056957762772684	0.6957478343608161	0.00013545367051755045	1.317334972475156	0.518147364900067	0.0001425145048332104	-0.0656946150074823	0.14298606083221632	1.1268752831912145	-0.4610073768554473	0.036194681198171916	0.6191120445816473	0.5815349821946932	0.0001766236890504369
V1008A	missense	106	50	49	83	86	11	28	76	46	115	91	11	13	39	52	53	182	0.00033601306368546665	0.00015008961232736015	0.0001929980314200795	0.00027802509507465306	0.0002251651858389215	0.0001951854261548471	0.0003746382802811079	0.00023587000805633924	0.0001920687851445011	0.0003819961273496055	0.00039517202869292553	0.00015298707259236595	0.00018523173813524564	0.00015018961438816505	0.0001898872499668593	0.00023513121628153044	0.0003448808747535892	0.6708262255147344	0.00021156948116525358	1.0928411479590452	0.6942711759456457	0.0003012767373108428	1.3058235832861156	0.7104968619778855	0.000230022238847536	1.5097869982178875	0.28316476399725315	1.4458386859030083	0.08306066749482832	0.9288571860987209	1.3028172431543494	1.1873479360008647	0.00024762281910787747
V1008D	missense	58	54	31	61	125	13	30	32	10	91	58	11	47	36	40	52	91	0.0001852782313779676	0.00016186134662754526	0.0001235187401088509	0.00020520899874557725	0.00032610130362878284	0.0002277163305139883	0.00040047540305911534	0.00010108714630985967	4.4952268863606643e-05	0.00030296244582899746	0.00025342554014002835	0.00015298707259236595	0.0006350802450351279	0.00013892539330905267	0.00014689391035172135	0.00023077693449853913	0.00017338273484879895	0.7129173639881262	0.00020417259727768908	1.496611437648069	0.7522418610971244	0.00017560685028562302	1.7577379268325137	0.6589240498789547	0.00017249474325202802	1.0873683361544229	0.2451816703019565	1.3594117427438246	0.6181738691921775	1.806827315005937	1.447239233545002	1.5831195288748807	0.0001840913969384467
V1008H	missense	68	77	67	44	45	17	11	92	42	47	42	20	14	27	41	49	90	0.0002166813214420299	0.00022954881885360967	0.00026247732273130815	0.00014894201521856415	0.0001190528568803493	0.00029277813923227067	0.00015502273666804465	0.0002848819577823318	0.00017572250555773506	0.00015806736304121606	0.00018469996993256303	0.0002677273770366404	0.00019846257657347746	0.00010513273007171553	0.00015047668865298284	0.00021771408914956524	0.00017149813990479027	0.5518074195614191	0.0001900052534209578	-0.048877976330996074	0.5754897502741189	0.0002008429490784615	0.37985505509658685	0.6766293208581655	0.00016120541194476347	1.2323873214322176	-0.2761432469097594	0.17318611960817545	-0.13001415781402287	0.579261378613672	0.5211214667326028	0.3762237491109237	0.00018401787148139426
V1008Q	missense	45	6	9	3	4	0	0	5	1	13	9	0	0	3	8	4	20	0.0001444542142946866	2.0600535025323943e-05	3.8599606284015906e-05	1.3239290241650144e-05	1.2940527921777098e-05	1.6265452179570593e-05	1.291856138900372e-05	1.8379481147247212e-05	8.173139793383025e-06	4.610298088702135e-05	4.2953481379665825e-05	1.2748922716030496e-05	1.323083843823183e-05	1.5018961438816506e-05	3.2245004711353466e-05	2.177140891495652e-05	3.957649382418237e-05	0.5542276289841397	2.1344989868191776e-05	-0.025661482428419778	0.7457213121726269	2.8902270801829354e-05	1.7069065526806197	0.6977349160892691	2.7152967222327215e-05	1.4052574236572741	-0.10005198785407819	0.5738651522146992	0.01611387786421517	0.8190163499252244	1.0288341646364914	0.6964407510699618	2.5800075964116115e-05
T1009_	nonsense	53	96	105	147	68	17	22	127	62	137	73	20	24	92	112	63	65	0.00016957668634593644	0.0002854645567794889	0.0004091558266105686	0.0004898537389410553	0.00017857928532052393	0.00029277813923227067	0.0002971269119470856	0.00039209559780794054	0.0002574539034915653	0.0004544436687434962	0.0003178557622095271	0.0002677273770366404	0.00033077096095579576	0.00034919085345248374	0.0004048539480425491	0.0002786740341114435	0.00012438326630457317	0.6029944515839053	0.0003407633519129092	0.4421470588104472	0.6227380032294862	0.00035546223306313224	0.7481819631233821	0.53851209693892	0.0002892755254777624	0.1011072813993186	0.006403343060208703	0.816094205691205	0.09183459180233351	0.9432527260159727	0.430478767777716	0.8796734658535889	0.00032850037015126794
T1009D	missense	44	71	65	93	35	29	12	61	37	69	46	46	12	55	58	21	68	0.00014131390528828035	0.00021189121740333198	0.00025475740147450494	0.0003111233206787784	9.31718010367951e-05	0.00048796356538711777	0.00016794129805704837	0.0001899213051882212	0.0001552896560742775	0.00023051490443510677	0.00020188136248442935	0.0005991993676534333	0.0001720008996970138	0.00021026546014343107	0.00021138391977442827	9.57941992258087e-05	0.00013003705113659922	0.5819730632527602	0.00021773593514835262	0.24049387564702357	0.6428601445920851	0.00019440180704550873	0.9050454585411988	0.5562189950348594	0.00016187015757006682	0.24613959394090856	-0.4632298902669038	-0.25251187173981643	-0.5420406277646656	-0.09675807257592653	0.46389297604304364	-0.1746349721578715	0.00019133596658797605
T1009T	silent	61	52	36	110	151	10	30	40	18	100	70	1	20	36	35	77	141	0.0001946991583971863	0.0001559754794774527	0.00014281854325085884	0.0003673903042057915	0.00039339204882202374	0.0001789199739752765	0.00040047540305911534	0.00012559312117285594	7.764482803713875e-05	0.0003326000763992255	0.00030496971779562734	2.549784543206099e-05	0.00027784760720286846	0.00013892539330905267	0.00012898001884541387	0.00033963397907332176	0.0002676124820492332	0.7355183980154473	0.0002648940939390317	1.7134177866198774	0.742905229294572	0.00021020193585121188	1.68495359073299	0.7102302389832691	0.00021878796831925536	1.5076031628969595	0.3499170208219695	1.5977271432418942	1.0373031769341532	2.494500523552826	1.6353248467499422	2.04611383339736	0.00023129466603649963
T1009R	missense	156	32	27	56	56	5	16	36	22	69	78	4	19	42	65	67	205	0.0004930285140057782	9.711680797652717e-05	0.00010807889759524453	0.00018865988594351458	0.0001475220183082589	9.759271307742355e-05	0.00021961554361306325	0.00011334013374135781	9.39911076239048e-05	0.00023051490443510677	0.00033933250289936	6.374461358015247e-05	0.0002646167687646366	0.00016145383546727743	0.00023646336788325876	0.0002960911612434087	0.00038822655846578895	0.6785200881827697	0.0001353444024558863	1.1666465443197067	0.7560028436910743	0.00019429466217493234	1.7870569175533078	0.7104650347384469	0.0002705587307649335	1.5095263100887422	0.35224568314055216	1.6030257944644513	0.6181738691921775	1.806827315005937	1.4877432573205855	1.7049265547351942	0.00020006593179858404
T1009W	missense	37	54	35	24	178	7	25	32	24	50	109	8	40	29	20	44	130	0.00011933174224343676	0.00016186134662754526	0.00013895858262245726	8.274556401031341e-05	0.00046327089959962006	0.00013012361743656474	0.00033588259611409674	0.00010108714630985967	0.00010216424741728782	0.00016794657323129206	0.00047248829517632405	0.00011474030444427445	0.0005424643759675051	0.0001126422107911238	7.523834432649142e-05	0.00019594268023460871	0.00024688193766513766	0.7501740665986499	0.00021170909821498397	1.8540061328620885	0.7998259135788968	0.0002109215655336909	2.1286825824698807	0.7287377563485893	0.0001576762932543404	1.6591931267829305	0.4118313731247963	1.7386074056591885	0.6746552251446258	1.8994973205470678	1.8806272807049667	1.8190523631031281	0.00019343565233433842
T1009G	missense	170	64	49	96	284	7	43	76	54	132	169	4	44	84	73	104	382	0.0005369928400954654	0.00019129068237800804	0.0001929980314200795	0.000321052788360016	0.0007376100915412945	0.00013012361743656474	0.0005684167011161637	0.00023587000805633924	0.0002247613443180332	0.00043797831842670287	0.000730209183454319	6.374461358015247e-05	0.0005953877297204324	0.00031915293057485075	0.0002651255942933507	0.00045719958721408696	0.0007217998635553261	0.7780727877623721	0.0003607378984248495	2.1216319356982467	0.7551736604926237	0.0004072047135638486	1.7805929646117762	0.7242480206755196	0.0004408194939094037	1.6224189417259167	0.6403107016401657	2.2584905435904057	0.97035638730354	2.3846596873793295	1.8415479473453134	2.3215751154848676	0.00040292070196603394
T1009N	missense	54	1	5	101	273	4	63	8	8	79	83	1	92	13	9	50	109	0.00017271699535234268	5.885867150092556e-06	2.315976377040954e-05	0.0003376019011620787	0.0007091409301133849	8.132726089785297e-05	0.0008267879288962381	2.756922172087082e-05	3.677912907022362e-05	0.00026344560506869345	0.0003608092435891929	2.549784543206099e-05	0.0012304679747555602	5.256636503585777e-05	3.582778301261496e-05	0.00022206837093255652	0.00020730544384095528	0.9066779752095854	0.00026894711554899145	3.355310939745581	0.8476221397505829	0.00017215079986224521	2.501281252261896	0.7820341038459707	0.00012944199070549612	2.095728791340576	1.0071579817937901	3.0932168901140007	1.6835668307541691	3.5548372553932035	2.650773661116018	3.3240270727536023	0.0001901799687055776
T1009V	missense	145	180	103	199	176	36	45	199	133	214	106	16	51	143	188	119	249	0.00045848511493530965	0.0005326709770833763	0.0004014359053537654	0.0006619645120825073	0.0004580946884309092	0.0006018217306441119	0.0005942538238941712	0.0006126493715749071	0.0005476003661566627	0.0007080100636221137	0.0004596022507624243	0.00021673168617251842	0.0006880035987880552	0.0005406826117973942	0.0006771450989384228	0.0005225138139589565	0.00047114873600217106	0.6272393357745497	0.0005135415207376395	0.6747224717877353	0.6089589042282145	0.000581965513029027	0.6407660776021171	0.6044689966071417	0.0005528725651742361	0.6413420325751614	-0.005495880239499063	0.7890186466540112	0.5016683001207405	1.6156744726323888	0.6522768606550047	1.2023465596432001	0.0005494598663136342
T1009S	missense	166	31	32	66	88	7	25	60	49	67	103	12	21	50	68	68	150	0.0005244316040698405	9.417387440148089e-05	0.00012737870073725247	0.00022175811154763993	0.00023034139700763232	0.00013012361743656474	0.00033588259611409674	0.00018685805833034666	0.00020432849483457564	0.00022392876430838942	0.00044671620634852453	0.00016573599530839644	0.00029107844564110026	0.00019149175834491045	0.00024721170278704324	0.0003004454430264	0.0002845738365453113	0.7183126295459636	0.0001684130209235014	1.548366938122696	0.7190797451854566	0.00026545788095545906	1.4992204398704219	0.6655969264944758	0.00025593068517591625	1.1420240257963967	0.4118313731247963	1.7386074056591885	0.24459320637958457	1.1938866107840247	1.396537134596505	1.4662470082216066	0.00022993386235162556
T1009H	missense	37	49	38	67	78	10	22	48	23	79	49	7	42	44	50	51	72	0.00011933174224343676	0.0001471466787523139	0.00015053846450766202	0.00022506793410805246	0.00020446034116407814	0.0001789199739752765	0.0002971269119470856	0.00015009909603585223	9.807767752059631e-05	0.00026344560506869345	0.00021476740689832912	0.00010199138172824396	0.0005689260528439688	0.0001689633161866857	0.0001827216933643363	0.00022642265271554784	0.00013757543091263394	0.6673655646600258	0.00018180335463302663	1.0596438507012282	0.6868422896524741	0.00018159744638086776	1.2479112045780325	0.6161862706846303	0.00017892077329480094	0.737314988817085	0.22028316300528977	1.3027575404258076	0.7464923464518581	2.0173618143670233	1.0149566813654487	1.6600596773964154	0.00018077385810289846
T1009F	missense	54	12	7	18	56	9	17	41	7	46	51	7	17	21	14	34	74	0.00017271699535234268	3.825813647560161e-05	3.087968502721272e-05	6.288662864783819e-05	0.0001475220183082589	0.00016265452179570593	0.00023253410500206697	0.00012865636803073048	3.26925591735321e-05	0.0001547742929778574	0.00022335810317426226	0.00010199138172824396	0.00023815509188817295	8.260428791349079e-05	5.3741674518922446e-05	0.00015239986240469565	0.00014134462080065132	0.7858849644488899	6.988661711472785e-05	2.196572290324462	0.7191151532150892	0.00013487033083909558	1.4994964655276293	0.7048899363306158	0.00010752261140944004	1.46386221859436	0.15522051724922792	1.1547136335325272	0.3682963959755776	1.3968487222986168	1.7199769914821506	1.2757811779155719	0.00010409318645442115
T1009Y	missense	59	110	101	52	17	13	10	69	19	37	24	44	4	45	34	39	52	0.00018841854038437382	0.0003266656268301368	0.0003937159840969622	0.00017542059570186443	4.658590051839755e-05	0.0002277163305139883	0.00014210417527904092	0.00021442728005121748	8.173139793383026e-05	0.00012513666240762937	0.00010738370344916456	0.0005737015222213723	6.615419219115915e-05	0.0001727180565463898	0.00012539724054415238	0.00017417127131965217	9.988353203246026e-05	0.4845941312154112	0.00023559702678684026	-0.6936390802288012	0.5593350496470021	0.00013216976096046043	0.2539200086154977	0.5879197806222793	0.00014304252511066365	0.5057919745113354	-0.20478733837409116	0.33554975171662976	-0.9381286315751097	-0.7466269875288806	0.02202430096601064	-0.2055386179061254	0.0001702697709526548
T1009C	missense	89	90	45	53	81	6	5	39	29	39	52	8	5	33	34	38	97	0.0002826278105765607	0.0002678069553292113	0.00017755818890647314	0.00017873041826227696	0.00021222465791714438	0.00011385816525699414	7.751136833402232e-05	0.0001225298743149814	0.00012259709690074538	0.00013172280253434673	0.00022765345131222885	0.00011474030444427445	7.938503062939099e-05	0.0001276611722299403	0.00012539724054415238	0.00016981698953666088	0.00018469030451285105	0.6002525021459163	0.00020908005510377647	0.41584418939318624	0.6920998150158545	0.0001511258062655756	1.288896594298064	0.669338238527304	0.00015189142670590116	1.1726680794934805	-0.16699877748469133	0.4215340538447083	-0.159977381191466	0.5301001637385284	0.9591362877282436	0.47581710879161837	0.00017069909602508444
T1009E	missense	35	55	43	41	28	11	12	73	20	56	51	3	6	34	31	25	83	0.0001130511242306243	0.00016480428020259155	0.00016983826764966996	0.00013901254753732653	7.505506194630717e-05	0.0001951854261548471	0.00016794129805704837	0.00022668026748271563	8.581796783052178e-05	0.0001877049936114441	0.00022335810317426226	5.099569086412198e-05	9.261586906762282e-05	0.00013141591258964444	0.00011464890564036788	0.00011321132635777392	0.00015830597529672947	0.5566411927888039	0.0001371775393339738	-0.0025087383607284666	0.6408798792821256	0.00018089033302473595	0.8896081682062718	0.6441352748179217	0.00012939552997112892	0.9662375635516891	-0.06528988159486618	0.6529630426040344	0.2591519265505096	1.2177733722854174	0.6177789977990774	0.9353682074447258	0.00014915446744327956
T1009M	missense	31	35	12	9	35	0	10	17	9	31	22	2	9	20	10	26	61	0.00010048988820499937	0.00010594560870166599	5.017948816922067e-05	3.309822560412536e-05	9.31718010367951e-05	1.6265452179570593e-05	0.00014210417527904092	5.513844344174164e-05	4.086569896691513e-05	0.00010537824202747737	9.879300717323138e-05	3.824676814809149e-05	0.0001323083843823183	7.884954755378666e-05	3.941056131387646e-05	0.00011756560814076522	0.00011684488652853843	0.6004764331308508	7.059878087795177e-05	0.41799230612123556	0.7064008408579906	7.504384790234138e-05	1.4003811953270404	0.6931021687887166	8.816765088424168e-05	1.367311869852228	0.9413406973041468	2.9434558740390364	0.5389926231445527	1.6769131798678811	1.0618951237668346	2.3101845269534587	7.793675988817828e-05
T1009K	missense	32	71	49	68	58	11	7	44	18	42	53	8	13	35	34	48	85	0.00010363019721140561	0.00021189121740333198	0.0001929980314200795	0.000228377756668465	0.00015269822947696976	0.0001951854261548471	0.00010334849111202976	0.0001378461086043541	7.764482803713875e-05	0.00014160201272442273	0.00023194879945019544	0.00011474030444427445	0.00018523173813524564	0.00013517065294934856	0.00012539724054415238	0.00021335980736657392	0.00016207516518474684	0.6023846169963966	0.00019649130874221157	0.43629706052122424	0.6984806272052768	0.00014726043720402775	1.3386386414093028	0.6581516005143146	0.00015900071651120542	1.0810414167206506	-0.2761432469097594	0.17318611960817545	0.20799940410312834	1.1338464824523813	0.9519923728837258	0.6535163010302784	0.00016758415415248158
T1009I	missense	49	35	30	31	29	7	11	31	21	27	30	6	3	18	23	18	48	0.00015701545032031152	0.00010594560870166599	0.0001196587794804493	0.00010591432193320116	7.764316753066258e-05	0.00013012361743656474	0.00015502273666804465	9.802389945198513e-05	8.990453772721329e-05	9.22059617740427e-05	0.00013315579227696404	8.924245901221346e-05	5.292335375292732e-05	7.134006683437841e-05	8.59866792302759e-05	8.273135387683478e-05	9.234515225642552e-05	0.5948616285967827	0.00010229046941149475	0.36413082041442696	0.6575730881130986	0.00010332254780755129	1.0197411913164813	0.6474726783348073	8.310081304947865e-05	0.9935733141340768	0.07603927120160313	0.9745441848212235	-0.22692417082207927	0.42025932756503176	0.7924817752883283	0.6974017561931276	9.623794342284156e-05
T1009P	missense	39	25	28	71	26	14	7	14	23	58	33	2	22	11	29	44	38	0.00012561236025624922	7.651627295120322e-05	0.00011193885822364612	0.0002383072243497026	6.987885077759632e-05	0.00024398178269355888	0.00010334849111202976	4.594870286811803e-05	9.807767752059631e-05	0.00019429113373816141	0.0001460418366908638	3.824676814809149e-05	0.0003043092840793321	4.505688431644952e-05	0.00010748334903784489	0.00019594268023460871	7.349920281633868e-05	0.6517940160457785	0.00012416030157553706	0.9102696849523986	0.7273240433513894	0.00012108983770443489	1.5634894162318869	0.6764791622500713	0.00010549552910131045	1.2311574137396375	-0.37305325991781585	-0.04732346428704485	0.9007204591621456	2.2704067319057093	1.2349721716413076	1.1115416338093322	0.0001169152227937608
T1009L	missense	92	103	82	59	107	26	30	85	49	54	53	15	12	68	67	58	80	0.0002920487375957794	0.0003060650918048129	0.000320376732157332	0.00019858935362475217	0.0002795154031103853	0.000439167208848406	0.00040047540305911534	0.00026343922977721003	0.00020432849483457564	0.00018111885348472674	0.00023194879945019544	0.00020398276345648793	0.0001720008996970138	0.0002590770848195847	0.00024362892448578176	0.00025690262519648696	0.00015265219046470342	0.6022037177815648	0.0002761366451743206	0.434561737338571	0.6082998118418766	0.00022020884438667696	0.6356280789338244	0.5830710672349165	0.00022806520624163922	0.46607750212828936	-0.04005405817879274	0.7103847759007679	-0.07406275248487282	0.6710618843637755	0.5120891061335616	0.6907233301322717	0.0002414702319342123
T1009A	missense	101	58	41	113	65	12	9	49	35	90	59	3	16	45	48	62	125	0.0003203115186534355	0.0001736330809277304	0.0001621183463928668	0.00037731977188702916	0.0001708149685674577	0.0002114508783344177	0.0001291856138900372	0.00015316234289372677	0.00014711651628089448	0.0002996693757656388	0.0002577208882779949	5.099569086412198e-05	0.00022492425344994112	0.0001727180565463898	0.00017555613676181332	0.00027431975232845217	0.0002374589629450942	0.6542383646151189	0.000220971541943771	0.9337177399525605	0.6929499359100317	0.00021441728080456374	1.295523768443467	0.6675826033258079	0.00021501322714543737	1.1582881563769185	-0.21399534016091495	0.31459781311406076	0.6445028079145266	1.8500256918180364	1.1291765549243153	1.0823117524660486	0.00021680068329792403
T1009Q	missense	21	8	2	10	46	1	3	25	7	32	39	0	2	15	16	25	79	6.908679814093707e-05	2.6486402175416498e-05	1.157988188520477e-05	3.64080481645379e-05	0.0001216409624647047	3.2530904359141185e-05	5.167424555601488e-05	7.964441830473792e-05	3.26925591735321e-05	0.00010867131209083605	0.0001718139255186633	1.2748922716030496e-05	3.9692515314695496e-05	6.007584575526602e-05	6.090723112144544e-05	0.00011321132635777392	0.00015076759552069474	0.8227738704915216	4.9028823672465966e-05	2.550438800458426	0.7371650141656076	9.820555377194234e-05	1.6402053607432523	0.730328365391108	9.624049968879502e-05	1.672221366203304	0.200978007809903	1.2588304826633299	0.49323513258387763	1.6018380186522772	1.9542885091349944	1.4303342506578036	8.115829237773443e-05
Q1010S	missense	113	226	187	170	306	77	164	173	86	219	221	109	208	93	103	94	294	0.00035799522673031026	0.0006680459215355051	0.000725672598139499	0.0005659796578305437	0.0007945484143971137	0.0012687052700065063	0.002131562629185614	0.0005330049532701692	0.00035553158101216164	0.000724475413938907	0.0009535672866285812	0.0014023814987633545	0.0027652452335904525	0.00035294559381218786	0.0003726089433311956	0.0004136567693841739	0.0005559555084825618	0.6349761645762816	0.0006885616479756654	0.7489400320593457	0.7044165445420875	0.0006416448087124548	1.3849124810163551	0.6729361060743319	0.00042379170375252985	1.202137219019587	0.22533735366934768	1.3142578740411366	0.2948674788170441	1.2763725395793253	1.111996577365096	1.295315206810231	0.0005846660534802166
Q1010D	missense	48	3	11	40	159	9	21	24	29	59	84	2	39	29	25	50	183	0.00015387514131390528	1.1771734300185111e-05	4.631952754081908e-05	0.000135702724976914	0.0004140968934968671	0.00016265452179570593	0.00028420835055808184	7.658117144686338e-05	0.00012259709690074538	0.0001975842038015201	0.0003651045917271595	3.824676814809149e-05	0.0005292335375292732	0.0001126422107911238	9.31522358327989e-05	0.00022206837093255652	0.0003467654696975979	0.8915689511485279	0.00015197272007869632	3.2103736621305283	0.7793178285848551	0.0001904667659690721	1.9688104377253628	0.7591427116556032	0.0001936570718135193	1.908231719370255	0.24237069296812808	1.3530156292465552	1.141052614472515	2.664724144948594	2.3624719397420484	2.0088698870975747	0.00017869885262042926
Q1010G	missense	144	54	36	106	208	12	49	57	60	136	126	13	56	77	39	79	249	0.0004553448059289034	0.00016186134662754526	0.00014281854325085884	0.0003541510139641414	0.0005409140671302826	0.0002114508783344177	0.000645928069450186	0.00017766831775672305	0.0002492807636981823	0.0004511505986801375	0.000545509213521756	0.00017848491802442692	0.0007541577909792144	0.00029286974805692187	0.00014331113205045984	0.00034834254263930433	0.00047114873600217106	0.7654976333353635	0.00029993624274320704	2.00100146738513	0.7396200097594847	0.00035590222341419975	1.659343442677548	0.6986526219512774	0.0003139180396872143	1.4127740989483895	0.48497466417510393	1.905038057906542	0.6258606978584685	1.8194392369948253	1.6910396696703558	1.8622386474506838	0.0003232521686148737
Q1010R	missense	136	164	89	138	145	15	23	167	133	124	72	17	18	114	112	71	183	0.00043022233387765357	0.00048558403988263583	0.00034739645655614313	0.00046006533589734255	0.00037786341531589125	0.0002602472348731295	0.0003100454733360893	0.0005146254721229219	0.0005476003661566627	0.0004116337579198335	0.0003135604140715605	0.0002294806088885489	0.0002513859303264048	0.00043179514136597454	0.0004048539480425491	0.0003135082883753739	0.0003467654696975979	0.6092531098969901	0.0004177273119130032	0.5021848808269832	0.5733080516789913	0.00044685500256774464	0.3628474781487405	0.5960710980149072	0.0003742307118703739	0.5725571642869749	0.07603927120160313	0.9745441848212235	0.03959497371373814	0.8575422182545733	0.47919650775423284	0.9160432015378984	0.00041293767545037396
Q1010Y	missense	44	44	32	27	46	4	7	37	26	49	35	6	7	26	18	30	110	0.00014131390528828035	0.0001324320108770825	0.00012737870073725247	9.267503169155101e-05	0.0001216409624647047	8.132726089785297e-05	0.00010334849111202976	0.00011640338059923235	0.00011033738721067085	0.0001646535031679334	0.00015463253296679695	8.924245901221346e-05	0.00010584670750585465	0.00010137798971201142	6.807278772396843e-05	0.00013498273527273044	0.00020919003878496395	0.607315693920411	0.00011853167644264767	0.4835997097319789	0.6636893948792972	0.00013650670098615839	1.0674212687548028	0.7199981006596294	0.00012840588787341856	1.5876090204917341	0.1040679948018466	1.0383208987681096	0.07410582484190192	0.914164810105388	1.0462099996595053	0.9762428544367487	0.00012781475510074153
Q1010_	nonsense	39	152	128	101	33	25	3	139	105	65	23	73	15	83	68	32	98	0.00012561236025624922	0.00045026883698208046	0.0004979349210638052	0.0003376019011620787	8.799558986808426e-05	0.0004229017566688354	5.167424555601488e-05	0.00042885456010243497	0.00043317640904930036	0.0002173426241816721	0.00010308835531119797	0.0009434202809862567	0.0002116934150117093	0.00031539819021514663	0.00024721170278704324	0.00014369129883871304	0.00018657489945685975	0.5115235453379365	0.00034345031226901216	-0.43531160951233744	0.49887200909414414	0.0002956154871611513	-0.2174236577369959	0.5564028171155575	0.00022321902282444067	0.24764522984141493	-0.9129653444969337	-1.27584243167842	-0.6489978592108363	-0.27224478077615644	-0.13503001246930615	-0.7740436062272882	0.00028742827408486803
Q1010W	missense	62	6	9	28	139	3	15	22	7	59	137	6	22	16	23	31	190	0.0001978394674035925	2.0600535025323943e-05	3.8599606284015906e-05	9.598485425196355e-05	0.0003623347818097587	6.506180871828237e-05	0.00020669698222405952	7.045467773111431e-05	3.26925591735321e-05	0.0001975842038015201	0.0005927580430393883	8.924245901221346e-05	0.0003043092840793321	6.383058611497015e-05	8.59866792302759e-05	0.00013933701705572175	0.00035995763430565867	0.8864846899718182	0.00012937994434276552	3.1616015527832735	0.8672806552368426	0.0002233723709363887	2.6545305212304404	0.8063499833694968	0.00016227797917665662	2.294893445684434	0.5020080034738842	1.9437958131119601	0.5327436738675513	1.6666604131918565	2.703675173232716	1.8052281131519083	0.0001716767648186036
Q1010C	missense	43	82	13	46	17	7	4	39	40	22	23	4	5	62	56	29	37	0.00013817359628187414	0.00024426348672884103	5.4039448797622264e-05	0.0001555616603393892	4.658590051839755e-05	0.00013012361743656474	6.45928069450186e-05	0.0001225298743149814	0.00016754936576435204	7.574061145724937e-05	0.00010308835531119797	6.374461358015247e-05	7.938503062939099e-05	0.00023654864266135997	0.0002042183631719053	0.00013062845348973912	7.161460787233e-05	0.502232975428958	0.0001251126240960625	-0.5244338390261766	0.5849779580720823	0.00011722705171194519	0.4538210119805567	0.5145056152603382	0.0001607525167988336	-0.09552318063685607	-0.304171970510003	0.10940940566128902	0.09529512391184007	0.9489304850632804	-0.05537866922749198	0.5291699453622847	0.00013436406420228044
Q1010F	missense	48	44	43	48	75	9	6	45	31	42	43	14	6	29	36	21	91	0.00015387514131390528	0.0001324320108770825	0.00016983826764966996	0.0001621813054602143	0.00019669602441101187	0.00016265452179570593	9.042992972302605e-05	0.00014090935546222862	0.0001307702366941284	0.00014160201272442273	0.00018899531807052962	0.00019123384074045744	9.261586906762282e-05	0.0001126422107911238	0.00013256279714667535	9.57941992258087e-05	0.00017338273484879895	0.6600025992797834	0.00016528690209949463	0.9890126733946298	0.6571881965639699	0.00015056923073782734	1.0167407435676485	0.6603465397917903	0.0001285954855031017	1.0990195582096816	-0.2549539478398213	0.22140036884736392	-0.3148793411772092	0.2759496525097244	1.03492432505732	0.24867501067854417	0.00014815053944680788
Q1010A	missense	66	63	63	43	28	7	13	67	28	60	51	10	0	54	31	27	86	0.00021040070342921743	0.00018834774880296178	0.0002470374802177018	0.0001456321926581516	7.505506194630717e-05	0.00013012361743656474	0.0001808598594460521	0.0002083007863354684	0.00011851052700405388	0.00020087727386487874	0.00022335810317426226	0.00014023814987633546	1.323083843823183e-05	0.00020651071978372695	0.00011464890564036788	0.00012191988992375652	0.00016395976012875552	0.5409232860805244	0.00016401812090628058	-0.15328688252803263	0.6462268256772599	0.00018776167259466583	0.931290645544962	0.6002112631865933	0.00015175981886915172	0.6064681139010967	0.14298606083221632	1.1268752831912145	-1.02527880729401	-0.889615892993196	0.46149062563934207	0.11862969509900928	0.00016784653745669938
Q1010H	missense	29	9	4	7	10	2	0	5	3	11	3	1	0	13	6	8	24	9.420927019218691e-05	2.9429335750462777e-05	1.9299803142007953e-05	2.647858048330029e-05	2.8469161427909612e-05	4.8796356538711774e-05	1.291856138900372e-05	1.8379481147247212e-05	1.634627958676605e-05	3.9516840760304014e-05	1.718139255186633e-05	2.549784543206099e-05	1.323083843823183e-05	5.256636503585777e-05	2.5079448108830473e-05	3.918853604692174e-05	4.7114873600217106e-05	0.6301822720025836	2.5919220200920158e-05	0.7029533597234638	0.6517658063832595	2.2855998511545898e-05	0.9744701391653536	0.6232880474129467	4.098730569795677e-05	0.795483680842143	-0.5771732425737406	-0.511779210840455	-0.284916117799766	0.32511086738486816	0.8243023932436535	-0.0933341717277934	2.9920841470140944e-05
Q1010V	missense	83	154	92	126	149	23	36	144	80	125	105	33	42	105	108	76	164	0.00026378595653812334	0.00045615470413217304	0.0003589763384413479	0.0004203474651723921	0.0003882158376533129	0.0003903708523096942	0.00047798677139313764	0.0004441707943918077	0.00033101216163201256	0.0004149268279831922	0.0004553069026244577	0.00043346337234503684	0.0005689260528439688	0.0003980024781286374	0.0003905228348375031	0.00033527969729033047	0.0003109581657614329	0.614033844862092	0.0004059235863498065	0.5480453353501105	0.6339128632280766	0.00041135417165786756	0.8352963297604142	0.5974365595715535	0.00035869079400447593	0.5837412828250753	0.0879384945013108	1.0016197438584171	0.11810341640154663	0.9863524724742114	0.6556943159785332	0.9939861081663143	0.0003919895173373833
Q1010L	missense	95	38	29	49	84	3	9	51	34	60	43	2	4	50	42	59	113	0.00030146966461499814	0.00011477440942680483	0.00011579881885204771	0.00016549112802062682	0.00021998897467021065	6.506180871828237e-05	0.0001291856138900372	0.00015928883660947584	0.00014302994638420297	0.00020087727386487874	0.00018899531807052962	3.824676814809149e-05	6.615419219115915e-05	0.00019149175834491045	0.00015405946695424435	0.00026125690697947825	0.00021484382361699	0.6991283235015839	0.00015401333274242253	1.3643364488091607	0.6515401262546239	0.00017304784373227178	0.9727108346665824	0.6519660460505236	0.00020541298897390576	1.0303772482494202	0.2978880208179594	1.4793400665585499	0.23796262748057148	1.183007697327525	1.1224748439083878	1.3311738819430374	0.00017749138848286667
Q1010T	missense	67	44	27	43	61	4	13	18	11	77	28	3	4	22	21	67	99	0.00021354101243562366	0.0001324320108770825	0.00010807889759524453	0.0001456321926581516	0.000160462546230036	8.132726089785297e-05	0.0001808598594460521	5.8201690299616175e-05	4.9038838760298155e-05	0.0002568594649419761	0.0001245650960010309	5.099569086412198e-05	6.615419219115915e-05	8.63590282731949e-05	7.882112262775292e-05	0.0002960911612434087	0.00018845949440086842	0.65281825016563	0.00013665141184012865	0.9200949194858685	0.7290873523632232	0.00012216627250073034	1.5772354092707837	0.7257285309016345	0.00016243270163630624	1.6345453921449287	0.3471060434881411	1.5913310297446248	0.11302389087227156	0.9780184009738648	1.3772919069671936	1.2846747153592448	0.00014041679532572174
Q1010E	missense	50	18	6	16	16	1	0	20	11	20	19	2	3	20	23	17	40	0.00016015575932671776	5.591573792587927e-05	2.7019724398811132e-05	5.6266983527013114e-05	4.399779493404213e-05	3.2530904359141185e-05	1.291856138900372e-05	6.432818401536524e-05	4.9038838760298155e-05	6.915447133053203e-05	8.590696275933165e-05	3.824676814809149e-05	5.292335375292732e-05	7.884954755378666e-05	8.59866792302759e-05	7.837707209384348e-05	7.726839270435605e-05	0.6205604794653908	4.5800060196436406e-05	0.6106537902422078	0.6645133072853752	6.710711421638176e-05	1.0738441328827586	0.6201818340917793	8.012042289556553e-05	0.7700415453096796	-0.4010819835180594	-0.11110017823393115	0.14105261447251513	1.0240056462788847	0.8181798228115488	0.45645273402247677	6.43425324361279e-05
Q1010Q	silent	58	67	41	49	72	5	7	59	44	53	41	5	6	30	31	35	54	0.0001852782313779676	0.00020011948310314688	0.0001621183463928668	0.00016549112802062682	0.00018893170765794563	9.759271307742355e-05	0.00010334849111202976	0.00018379481147247213	0.00018389564535111809	0.00017782578342136806	0.00018040462179459645	7.649353629618297e-05	9.261586906762282e-05	0.00011639695115082791	0.00011464890564036788	0.00015675414418768696	0.00010365272192047764	0.6197341632213608	0.00017916516629364653	0.6027271348622949	0.622203477711443	0.00018148021550988867	0.7440150337872168	0.625984975429941	0.00012286318072484011	0.8175734734723148	0.024886748754221824	0.8581514500568059	0.08306066749482832	0.9288571860987209	0.7214385473739421	0.8935043180777634	0.0001611695208427918
Q1010I	missense	43	22	12	12	31	6	2	33	10	8	12	6	9	19	12	14	54	0.00013817359628187414	6.768747222606438e-05	5.017948816922067e-05	4.302769328536297e-05	8.281937869937342e-05	0.00011385816525699414	3.875568416701116e-05	0.0001041503931677342	4.4952268863606643e-05	2.9637630570228012e-05	5.5839525793565566e-05	8.924245901221346e-05	0.0001323083843823183	7.509480719408253e-05	4.657611791639945e-05	6.531422674486956e-05	0.00010365272192047764	0.6446151633959036	6.0928508095005356e-05	0.8414046573193934	0.5396094272345082	5.864495459878361e-05	0.10014760312653313	0.6699063346645028	7.26594684439573e-05	1.1773211980734521	-0.46802877314867253	-0.26343127660392207	0.17101583784995833	1.0731668611540284	0.7062911528397929	0.40486779227505315	6.407764371258209e-05
Q1010M	missense	37	1	1	11	18	3	1	1	3	23	10	0	1	4	5	10	34	0.00011933174224343676	5.885867150092556e-06	7.71992125680318e-06	3.9717870724950433e-05	4.917400610275297e-05	6.506180871828237e-05	2.583712277800744e-05	6.126493715749071e-06	1.634627958676605e-05	7.903368152060803e-05	4.7248829517632405e-05	1.2748922716030496e-05	2.646167687646366e-05	1.877370179852063e-05	2.1496669807568976e-05	4.789709961290435e-05	6.596082304030395e-05	0.8223976260284248	2.5624416308649782e-05	2.5468295767270575	0.7813426890715482	3.718882108518889e-05	1.9845953727356338	0.761219143228915	3.8532073564824476e-05	1.9252391969803986	-0.4010819835180594	-0.11110017823393115	0.31714387352819634	1.3129218324655807	2.1522213821476965	0.6009108271158248	3.378177031955438e-05
Q1010N	missense	18	6	2	7	6	1	0	5	2	18	8	0	0	9	6	6	28	5.966587112171838e-05	2.0600535025323943e-05	1.157988188520477e-05	2.647858048330029e-05	1.8116739090487936e-05	3.2530904359141185e-05	1.291856138900372e-05	1.8379481147247212e-05	1.2259709690074539e-05	6.256833120381469e-05	3.865813324169924e-05	1.2748922716030496e-05	1.323083843823183e-05	3.754740359704126e-05	2.5079448108830473e-05	3.047997248093913e-05	5.4653253376251844e-05	0.6371251047769316	1.9193934121079235e-05	0.7695543047735267	0.7303577764038566	3.296641382070892e-05	1.5871390846344298	0.6729815612623219	3.694001939076568e-05	1.202509529911957	-0.4010819835180594	-0.11110017823393115	0.01611387786421517	0.8190163499252244	1.1864009731066378	0.35395808584564664	2.970012244418461e-05
Q1010K	missense	29	40	33	75	53	10	11	46	25	43	23	3	4	50	56	35	40	9.420927019218691e-05	0.00012066027657689738	0.00013123866136565408	0.00025154651459135277	0.00013975770155519264	0.0001789199739752765	0.00015502273666804465	0.00014397260232010316	0.00010625081731397933	0.0001448950827877814	0.00010308835531119797	5.099569086412198e-05	6.615419219115915e-05	0.00019149175834491045	0.0002042183631719053	0.00015675414418768696	7.726839270435605e-05	0.6595147810282628	0.0001608007885222742	0.984333148823048	0.6039222904479956	0.00012455171443326548	0.601502818866485	0.5475595356425471	0.0001574331646022147	0.17521235336933447	-0.062263426964678306	0.6598494543427781	0.11302389087227156	0.9780184009738648	0.5870161070196225	0.8189339276583214	0.00014759522251925146
Q1010P	missense	25	22	18	24	17	5	1	25	24	20	12	0	4	12	18	16	43	8.164803416656198e-05	6.768747222606438e-05	7.333925193963022e-05	8.274556401031341e-05	4.658590051839755e-05	9.759271307742355e-05	2.583712277800744e-05	7.964441830473792e-05	0.00010216424741728782	6.915447133053203e-05	5.5839525793565566e-05	1.2748922716030496e-05	6.615419219115915e-05	4.881162467615364e-05	6.807278772396843e-05	7.402279031085218e-05	8.292217753638211e-05	0.6000800949877828	6.75895471736014e-05	0.4141903284925592	0.582454552116841	7.670066571153083e-05	0.43414963251032745	0.6744293476971663	6.845734506183909e-05	1.2143679487933525	-0.5771732425737406	-0.511779210840455	0.715083882200234	1.9658293660545776	0.6875693032654131	0.7270250776070613	7.091585264899044e-05
Q1011R	missense	94	19	8	33	29	2	14	5	2	19	18	3	3	4	6	7	31	0.0002983293556085919	5.8858671500925554e-05	3.4739645655614314e-05	0.00011253396705402623	7.764316753066258e-05	4.8796356538711774e-05	0.0001937784208350558	1.8379481147247212e-05	1.2259709690074539e-05	6.586140126717336e-05	8.161161462136506e-05	5.099569086412198e-05	5.292335375292732e-05	1.877370179852063e-05	2.5079448108830473e-05	3.483425426393044e-05	6.0307038208277895e-05	0.6840906510167195	7.094386293530717e-05	1.2200836299099838	0.795747766584804	4.452805168146505e-05	2.0968911155085115	0.7458275067371776	3.474861059488986e-05	1.7991705528790285	0.5989180164819407	2.1643053970071806	0.01611387786421517	0.8190163499252244	1.7053817660991744	1.4916608734662025	5.007350840388736e-05
Q1011E	missense	81	97	62	70	26	14	6	46	21	39	25	10	2	46	37	41	54	0.0002575053385253109	0.0002884074903545352	0.00024317751958930018	0.00023499740178929007	6.987885077759632e-05	0.00024398178269355888	9.042992972302605e-05	0.00014397260232010316	8.990453772721329e-05	0.00013172280253434673	0.00011167905158713113	0.00014023814987633546	3.9692515314695496e-05	0.00017647279690609393	0.00013614557544793687	0.0001828798348856348	0.00010365272192047764	0.5258074153759273	0.00020911531562768046	-0.29828983836766265	0.6105790878960436	0.00011931974854219858	0.6533963274733818	0.5891730578303811	0.00014978773229003581	0.5160572220302302	-0.4310452068955026	-0.17927866375916016	-0.5481575525743475	-0.1067942242661434	0.29038790371198314	-0.14303644401265178	0.0001594075988199716
Q1011S	missense	80	406	337	144	92	45	40	202	64	68	15	82	12	82	88	47	31	0.0002543650295189047	0.001197773965043835	0.0013046666923997375	0.0004799242712598178	0.000240693819345054	0.0007482108002602472	0.0005296610169491525	0.0006218391121485307	0.0002656270432849483	0.0002272218343717481	6.872557020746531e-05	0.0010581605854305311	0.0001720008996970138	0.0003116434498554425	0.0003188672688122732	0.0002090055255835826	6.0307038208277895e-05	0.4816585677163745	0.0008057646870121111	-0.7217992433271657	0.4456728091405565	0.0002958533900031731	-0.6321415700990489	0.5049943562516964	0.00022495582061489406	-0.1734272766412087	-0.15002596281591668	0.4601540909695723	-0.789020862205022	-0.5019831120280009	-0.509122696689141	-0.02091451052921431	0.00044219129921005943
Q1011W	missense	22	3	6	1	8	2	0	1	6	7	4	0	1	5	4	3	15	7.22271071473433e-05	1.1771734300185111e-05	2.7019724398811132e-05	6.619645120825072e-06	2.3292950259198775e-05	4.8796356538711774e-05	1.291856138900372e-05	6.126493715749071e-06	2.860598927684059e-05	2.6344560506869343e-05	2.1476740689832912e-05	1.2748922716030496e-05	2.646167687646366e-05	2.252844215822476e-05	1.791389150630748e-05	1.741712713196522e-05	3.0153519104138947e-05	0.6507691645509824	1.7176013519755024e-05	0.9004385280877866	0.6913042169754954	2.063844604732298e-05	1.28269445669703	0.6567829064654225	2.20032449751591e-05	1.0698308217312171	-0.5771732425737406	-0.511779210840455	0.31714387352819634	1.3129218324655807	1.0843212688386779	0.40057131081256286	1.9939234847412367e-05
Q1011Q	silent	56	24	25	73	179	8	68	28	11	75	92	9	63	36	41	32	151	0.00017899761336515513	7.357333937615695e-05	0.00010035897633844135	0.00024492686947052766	0.0004658590051839755	0.00014638906961613534	0.0008913807358412567	8.883415887836153e-05	4.9038838760298155e-05	0.00025027332481525875	0.00039946737683089215	0.00012748922716030494	0.0008467736600468372	0.00013892539330905267	0.00015047668865298284	0.00014369129883871304	0.00028645843148932	0.8117013848223591	0.00022117954759227535	2.4442230764755375	0.8048365970750462	0.00019690342482120264	2.1677436999461395	0.7007092326922744	0.00017988795307251711	1.4296192295945676	0.7845545934438523	2.58670389919499	0.8222938518481023	2.1417307464976534	2.0138620020054145	2.3642173228463217	0.00019932364182866503
Q1011G	missense	161	96	89	128	139	18	42	95	72	138	89	32	25	39	46	59	102	0.0005087300590378094	0.0002854645567794889	0.00034739645655614313	0.0004269671102932172	0.0003623347818097587	0.00030904359141184127	0.0005554981397271599	0.0002940716983559554	0.00029831960245848047	0.00045773673880685487	0.0003865813324169924	0.0004207144496290064	0.0003440017993940276	0.00015018961438816505	0.00016839058015929032	0.00026125690697947825	0.00019411327923289447	0.6522631679220514	0.000355540726359652	0.9147701474217287	0.6630162166958985	0.0003591773430095708	1.0621734633158044	0.661280963053122	0.00019348759518995703	1.1066731611021428	0.2546628667726794	1.3809853100532639	-0.08742671404285439	0.6491353854200842	1.027872257279892	1.015060347736674	0.0003027352215197266
Q1011V	missense	92	45	18	84	43	14	7	62	33	96	63	10	18	45	34	47	61	0.0002920487375957794	0.00013537494445212876	7.333925193963022e-05	0.0002813349176350656	0.00011387664571163845	0.00024398178269355888	0.00010334849111202976	0.00019298455204609573	0.00013894337648751146	0.0003194277961457908	0.00027490228082986126	0.00014023814987633546	0.0002513859303264048	0.0001727180565463898	0.00012539724054415238	0.0002090055255835826	0.00011684488652853843	0.6547016576872191	0.00015098143993461574	0.9381620003056295	0.6825214469772961	0.00023156450137731482	1.2142277872435987	0.6081699034548153	0.00015599142730066582	0.6716551385585402	-0.37305325991781585	-0.04732346428704485	0.2534747936588191	1.2084587953306143	0.9413483087025893	0.5805676655217847	0.0001795124562041988
Q1011H	missense	32	2	0	5	8	1	0	4	3	7	9	0	0	18	15	10	15	0.00010363019721140561	8.828800725138832e-06	3.85996062840159e-06	1.9858935362475217e-05	2.3292950259198775e-05	3.2530904359141185e-05	1.291856138900372e-05	1.5316234289372676e-05	1.634627958676605e-05	2.6344560506869343e-05	4.2953481379665825e-05	1.2748922716030496e-05	1.323083843823183e-05	7.134006683437841e-05	5.732445282018394e-05	4.789709961290435e-05	3.0153519104138947e-05	0.7579484581424512	1.3960161743803603e-05	1.9285840235927205	0.740032575703853	2.5240138940668475e-05	1.6625596280207362	0.5445831776970953	5.167878459290141e-05	0.1508338273597787	-0.4010819835180594	-0.11110017823393115	0.01611387786421517	0.8190163499252244	1.2473258263244118	0.35395808584564664	3.0293028425791166e-05
Q1011_	nonsense	27	53	122	170	76	16	4	52	43	66	69	21	2	37	56	23	81	8.792865217937445e-05	0.000158918413052499	0.00047477515729339563	0.0005659796578305437	0.0001992841299953673	0.0002765126870527001	6.45928069450186e-05	0.00016235208346735037	0.00017980907545442657	0.00022063569424503074	0.0003006743696576608	0.0002804762997526709	3.9692515314695496e-05	0.00014268013366875682	0.0002042183631719053	0.0001045027627917913	0.0001545367854087121	0.6439696321090154	0.0003497393395429514	0.8352122290752637	0.6909827254970071	0.00021586780570611712	1.280188248428538	0.6117672846908196	0.0001514845112602914	0.7011202948453484	-0.6315309048963333	-0.6354649387463562	-0.8491875482383286	-0.6006997068064996	0.9388402574497169	-0.6180823227764279	0.00023903055216978664
Q1011Y	missense	10	15	12	13	6	4	0	8	10	5	4	5	0	6	9	2	3	3.4543399070468536e-05	4.7086937200740445e-05	5.017948816922067e-05	4.6337515845775506e-05	1.8116739090487936e-05	8.132726089785297e-05	1.291856138900372e-05	2.756922172087082e-05	4.4952268863606643e-05	1.9758420380152007e-05	2.1476740689832912e-05	7.649353629618297e-05	1.323083843823183e-05	2.6283182517928884e-05	3.582778301261496e-05	1.3062845348973913e-05	7.538379776034737e-06	0.5548539258535465	4.0430170076556135e-05	-0.01965356538071169	0.5772321431930272	2.8439162913615595e-05	0.3934379953376901	0.5056110906034558	2.0678047663888127e-05	-0.1683757758772206	-0.799021992190097	-1.0165750925777817	-0.7620373725194285	-0.45771080134218445	0.06846955135991926	-0.7371429469599831	2.9849126884686618e-05
Q1011I	missense	8	13	13	12	19	5	7	16	14	13	10	0	17	8	8	9	14	2.8262781057656074e-05	4.120107005064789e-05	5.4039448797622264e-05	4.302769328536297e-05	5.176211168710839e-05	9.759271307742355e-05	0.00010334849111202976	5.20751965838671e-05	6.129854845037269e-05	4.610298088702135e-05	4.7248829517632405e-05	1.2748922716030496e-05	0.00023815509188817295	3.379266323733714e-05	3.2245004711353466e-05	4.354281782991304e-05	2.8268924160130263e-05	0.638597414995081	4.750758095518538e-05	0.7836778268462333	0.6070567244945515	5.168138885972339e-05	0.6259375085865988	0.6202181477278316	3.446235248468347e-05	0.7703389802745684	0.024886748754221824	0.8581514500568059	1.2713863829675212	2.878565169919686	0.7266514385691335	1.868358309988246	4.455044076653075e-05
Q1011P	missense	142	47	44	74	46	30	16	94	40	59	43	51	21	48	38	46	81	0.00044906418791609094	0.00014126081160222131	0.00017369822827807157	0.00024823669203094024	0.0001216409624647047	0.0005042290175666884	0.00021961554361306325	0.0002910084514980809	0.00016754936576435204	0.0001975842038015201	0.00018899531807052962	0.0006629439812335857	0.00029107844564110026	0.0001839822776255022	0.00013972835374919835	0.00020465124380059132	0.0001545367854087121	0.6278617983800151	0.00017120917359398445	0.6806936076525498	0.5841775576783552	0.00021128433478362067	0.4475814373134591	0.6207143006806174	0.00017072466514600097	0.7744028320981337	-0.3609647603100769	-0.019817224883295664	-0.3574667849483778	0.20607564570331202	0.6342259590213809	0.09312921041000818	0.00018440605784120204
Q1011A	missense	141	82	43	88	54	14	37	26	17	49	62	15	24	34	28	38	45	0.0004459238789096847	0.00024426348672884103	0.00016983826764966996	0.0002945742078767157	0.00014234580713954806	0.00024398178269355888	0.0004909053327821414	8.270766516261246e-05	7.355825814044724e-05	0.0001646535031679334	0.0002706069326918947	0.00020398276345648793	0.00033077096095579576	0.00013141591258964444	0.00010390057073658339	0.00016981698953666088	8.669136742439947e-05	0.5984117996373983	0.00021275544234869366	0.3981867676162617	0.7633693721912026	0.00014788158979072195	1.844483181925593	0.6076520513238548	0.00012295621007182205	0.6674135547587776	0.3036403497070508	1.492428947783409	0.20993390388032798	1.1370204520225051	0.9700278347668775	1.314724699902957	0.00016119774740374588
Q1011L	missense	56	16	13	42	60	3	9	37	12	43	30	4	5	34	39	40	60	0.00017899761336515513	5.002987077578672e-05	5.4039448797622264e-05	0.00014232237009773906	0.00015787444064568057	6.506180871828237e-05	0.0001291856138900372	0.00011640338059923235	5.312540865698967e-05	0.0001448950827877814	0.00013315579227696404	6.374461358015247e-05	7.938503062939099e-05	0.00013141591258964444	0.00014331113205045984	0.00017852555310264348	0.00011496029158452974	0.7523346318262712	0.00010106653257920716	1.8747319216976688	0.6646652597531042	0.00011189491608024185	1.0750286884822755	0.6218866330232503	0.00014205322233181938	0.7840050825769085	0.2978880208179594	1.4793400665585499	0.09529512391184007	0.9489304850632804	1.2445885642522843	1.2141352758109152	0.00011833822366375613
Q1011T	missense	53	19	8	62	52	5	29	17	15	32	48	6	17	14	19	29	74	0.00016957668634593644	5.8858671500925554e-05	3.4739645655614314e-05	0.00020851882130598978	0.00013716959597083722	9.759271307742355e-05	0.0003875568416701116	5.513844344174164e-05	6.53851183470642e-05	0.00010867131209083605	0.00021047205876036253	8.924245901221346e-05	0.00023815509188817295	5.63211053955619e-05	7.165556602522992e-05	0.00013062845348973912	0.00014134462080065132	0.7412998780248011	0.00010982168360834172	1.7688781505557165	0.7697934225578417	0.0001099167331600011	1.8945622951319103	0.7231509042846594	9.998743642779557e-05	1.6134327643372173	0.5989180164819407	2.1643053970071806	0.4262883429532644	1.4919971824787803	1.758957736674948	1.8281512897429804	0.00010657528439871279
Q1011F	missense	10	8	6	5	12	0	0	0	0	4	4	0	0	2	5	2	6	3.4543399070468536e-05	2.6486402175416498e-05	2.7019724398811132e-05	1.9858935362475217e-05	3.3645372596620455e-05	1.6265452179570593e-05	1.291856138900372e-05	3.0632468578745355e-06	4.086569896691513e-06	1.646535031679334e-05	2.1476740689832912e-05	1.2748922716030496e-05	1.323083843823183e-05	1.126422107911238e-05	2.1496669807568976e-05	1.3062845348973913e-05	1.3192164608060789e-05	0.6417228110624318	2.6752608633330825e-05	0.8136590086644654	0.8124484394020598	1.1272976940298074e-05	2.227082324621741	0.6193871189080732	1.4753975210929013e-05	0.763532252700646	-0.10005198785407819	0.5738651522146992	0.01611387786421517	0.8190163499252244	1.2680911953289506	0.6964407510699618	1.759318692818597e-05
Q1011D	missense	22	42	46	44	25	2	3	42	13	33	15	6	4	35	18	9	30	7.22271071473433e-05	0.00012654614372698995	0.00018141814953487475	0.00014894201521856415	6.729074519324091e-05	4.8796356538711774e-05	5.167424555601488e-05	0.00013171961488860502	5.721197855368118e-05	0.00011196438215419471	6.872557020746531e-05	8.924245901221346e-05	6.615419219115915e-05	0.00013517065294934856	6.807278772396843e-05	4.354281782991304e-05	5.8422443264269213e-05	0.5748656258070938	0.00013104926341841745	0.17231391709832578	0.5796056865573986	9.240538645098655e-05	0.4119411109828823	0.5206555803152629	7.630217544187482e-05	-0.045150515185630555	0.024886748754221824	0.8581514500568059	-0.13001415781402287	0.579261378613672	0.17970150429852583	0.718706414335239	9.991894177042628e-05
Q1011N	missense	10	0	0	2	7	0	0	5	4	4	5	0	0	4	0	6	9	3.4543399070468536e-05	2.942933575046278e-06	3.85996062840159e-06	9.929467681237608e-06	2.0704844674843356e-05	1.6265452179570593e-05	1.291856138900372e-05	1.8379481147247212e-05	2.0432849483457566e-05	1.646535031679334e-05	2.5772088827799493e-05	1.2748922716030496e-05	1.323083843823183e-05	1.877370179852063e-05	3.582778301261496e-06	3.047997248093913e-05	1.8845949440086843e-05	0.8231826563964068	9.359301639882207e-06	2.5543601865083803	0.653085095006252	2.0262442443824403e-05	0.984754741640725	0.6722813695202792	1.7920600505202026e-05	1.1967744527109272	-0.10005198785407819	0.5738651522146992	0.01611387786421517	0.8190163499252244	1.5786297936200109	0.6964407510699618	1.584744819630288e-05
Q1011K	missense	27	13	4	38	19	0	9	13	3	19	20	0	4	4	3	14	24	8.792865217937445e-05	4.120107005064789e-05	1.9299803142007953e-05	0.00012908307985608892	5.176211168710839e-05	1.6265452179570593e-05	0.0001291856138900372	4.2885456010243496e-05	1.634627958676605e-05	6.586140126717336e-05	9.020231089729822e-05	1.2748922716030496e-05	6.615419219115915e-05	1.877370179852063e-05	1.4331113205045985e-05	6.531422674486956e-05	4.7114873600217106e-05	0.6982694780927409	6.033651618396328e-05	1.356097748880769	0.7361644999536231	5.3823861940370284e-05	1.632405785455564	0.7418169534735977	3.638347883716332e-05	1.7663212186118593	0.8999480121459218	2.849270727455811	0.715083882200234	1.9658293660545776	1.584941584316064	2.407550046755194	5.018128565383229e-05
Q1011C	missense	31	2	1	3	0	1	0	3	1	5	1	0	0	9	9	7	13	0.00010048988820499937	8.828800725138832e-06	7.71992125680318e-06	1.3239290241650144e-05	2.5881055843554194e-06	3.2530904359141185e-05	1.291856138900372e-05	1.2252987431498142e-05	8.173139793383025e-06	1.9758420380152007e-05	8.590696275933164e-06	1.2748922716030496e-05	1.323083843823183e-05	3.754740359704126e-05	3.582778301261496e-05	3.483425426393044e-05	2.6384329216121578e-05	0.5740260208318494	8.094029451986894e-06	0.16425978607753922	0.6265335831060488	1.2193810970241583e-05	0.7777706592689015	0.5929751597450791	3.364844252242706e-05	0.5471991888625751	-0.4010819835180594	-0.11110017823393115	0.01611387786421517	0.8190163499252244	0.49640987806967196	0.35395808584564664	1.7978760981551847e-05
Q1011M	missense	23	0	0	4	13	0	3	1	3	9	18	0	0	6	5	8	30	7.536741615374953e-05	2.942933575046278e-06	3.85996062840159e-06	1.654911280206268e-05	3.623347818097587e-05	1.6265452179570593e-05	5.167424555601488e-05	6.126493715749071e-06	1.634627958676605e-05	3.293070063358668e-05	8.161161462136506e-05	1.2748922716030496e-05	1.323083843823183e-05	2.6283182517928884e-05	2.1496669807568976e-05	3.918853604692174e-05	5.8422443264269213e-05	0.8611329811261189	1.4896371296621605e-05	2.918408633893453	0.8467272074944989	3.425377213936671e-05	2.49430474815521	0.723105952756634	3.63477079091722e-05	1.6130645787845315	0.5020080034738842	1.9437958131119601	0.01611387786421517	0.8190163499252244	2.341925986944398	1.3814060815185922	2.849928378172017e-05
L1012C	missense	48	43	31	87	36	9	9	45	19	47	18	10	10	29	30	36	45	0.00015387514131390528	0.0001294890773020362	0.0001235187401088509	0.0002912643853163032	9.575990662115051e-05	0.00016265452179570593	0.0001291856138900372	0.00014090935546222862	8.173139793383026e-05	0.00015806736304121606	8.161161462136506e-05	0.00014023814987633546	0.00014553922282055013	0.0001126422107911238	0.00011106612733910638	0.00016110842597067828	8.669136742439947e-05	0.637998983213624	0.00016000802733708518	0.7779372129659324	0.5975413900292945	0.00011557993276466001	0.5517600839580176	0.6176273192313151	0.00011787703288132698	0.7491182195172337	-0.10005198785407819	0.5738651522146992	0.016113877864215077	0.8190163499252243	0.6929385054803946	0.6964407510699617	0.00013115499766102405
L1012N	missense	20	10	21	19	21	16	6	68	26	31	21	25	6	30	12	26	32	6.594648913453083e-05	3.237226932550905e-05	8.491913382483498e-05	6.619645120825072e-05	5.6938322855819224e-05	0.0002765126870527001	9.042992972302605e-05	0.00021136403319334295	0.00011033738721067085	0.00010537824202747737	9.449765903526481e-05	0.00033147199061679287	9.261586906762282e-05	0.00011639695115082791	4.657611791639945e-05	0.00011756560814076522	6.219163315228658e-05	0.6535823067455123	6.0106544303603495e-05	0.9274243327017384	0.539787737833016	0.000130394330366689	0.1015376352929887	0.5915821562167423	8.568257759006979e-05	0.5357894816400767	-0.4854028692180952	-0.3029643916650612	-0.553761430092346	-0.11598860977420286	0.5215838165449346	-0.20947650071963203	9.20611507534541e-05
L1012E	missense	72	623	617	699	728	116	111	421	240	263	337	277	267	192	264	132	441	0.00022924255746765483	0.0018363905508288773	0.002385455668352183	0.0023168757922887753	0.0018867289709951008	0.0019030579050097593	0.0014468788755684168	0.001292690174023054	0.0009848633451026547	0.0008693704967266884	0.0014518276706327047	0.003544200515056478	0.0035458647014461305	0.0007246648894228964	0.0009494362498342965	0.0005791194771378435	0.0008329909652518385	0.6262230114537315	0.002106362745616234	0.6649731140768673	0.6348374424769607	0.0011496879216212753	0.8425039489773388	0.6231636650627242	0.0007715528954117187	0.794464899359673	-0.11901982693005815	0.5307056254309384	0.00020387597492771216	0.7929125155116006	0.767313987471293	0.6618090704712695	0.0013425345208830763
L1012T	missense	104	73	50	103	165	12	49	63	58	98	124	22	35	59	82	60	200	0.00032973244567265417	0.00021777708455342454	0.0001968579920484811	0.00034422154628290376	0.0004296255270029996	0.0002114508783344177	0.000645928069450186	0.00019604779890397027	0.00024110762390479928	0.00032601393627250814	0.0005369185172458227	0.0002932252224687014	0.0004763101837763459	0.0002252844215822476	0.00029737059900470416	0.0002656111887624696	0.0003788035837457455	0.7073433572032459	0.00029712053747195225	1.443141315054867	0.7314849622436806	0.0003250219690817751	1.5959261370476943	0.6709267816270708	0.00029176744827379174	1.1856793973472828	0.48497466417510393	1.905038057906542	0.21068854261390957	1.1382586017525052	1.4082489498166149	1.5216483298295236	0.00030463665160917303
L1012Q	missense	86	297	269	300	579	62	68	382	194	199	294	92	78	189	223	110	495	0.00027320688355734205	0.0008769942053637907	0.0010421893696684293	0.0009962565906841735	0.0015011012389261433	0.0010247234873129473	0.0008913807358412567	0.0011732235465659472	0.000796881129854845	0.0006586140126717336	0.0012671277007001418	0.001185649812590836	0.0010452362366203147	0.0007134006683437841	0.0008025423394825751	0.0004833252779120348	0.0009347590922283074	0.6766917015592494	0.0011041353511606342	1.1491072659010677	0.629602509020739	0.0009739615974481669	0.8016946759767563	0.6396921861002716	0.0007335068444916754	0.9298454508249538	-0.060543446570404516	0.663763107321214	-0.054741979399278475	0.7027618341739099	0.9602157975675926	0.683262470747562	0.0009372012643668256
L1012R	missense	240	238	153	246	617	41	124	280	192	263	313	30	91	239	213	209	699	0.0007568144705439016	0.0007033611244360603	0.0005944339367738449	0.0008175261724218965	0.001599449251131649	0.0006831489915419649	0.001614820173625465	0.0008607723670627444	0.000788707990061462	0.0008693704967266884	0.0013487393153215068	0.00039521660419694534	0.0012172371363173284	0.0009011376863289904	0.0007667145564699602	0.0009143991744281739	0.0013192164608060788	0.7229655616570416	0.0009286926211908627	1.5930014102356556	0.6749200821403222	0.0009668975422931004	1.1549708405405956	0.6699164578953362	0.0009753669695083009	1.177404114661677	0.37360873475607775	1.6516354012145815	0.48854001137549774	1.5941346464321917	1.3084587884793093	1.6228850238233865	0.0009569857109974212
L1012S	missense	137	62	74	154	310	25	58	51	98	130	159	32	68	87	65	101	312	0.0004333626428840598	0.0001854048152279155	0.00028949704713011925	0.0005130224968639431	0.0008049008367345354	0.0004229017566688354	0.0007621951219512195	0.00015928883660947584	0.0004045704197724598	0.0004313921782999855	0.0006872557020746532	0.0004207144496290064	0.0009129278522379963	0.00033041715165396315	0.00023646336788325876	0.00044413674186511305	0.0005898782174747182	0.7701628914345217	0.0004482062989891283	2.0457541797728447	0.7446668293208627	0.00042062678418914353	1.6986862612610727	0.7019925788765257	0.0004002238697192633	1.4401307637935514	0.2558266758172481	1.3836334476417915	0.336449028723583	1.3445961577143413	1.7281904016091563	1.3641148026780665	0.0004230189842991784
L1012M	missense	44	99	186	209	73	45	20	137	109	98	38	59	15	85	77	55	61	0.00014131390528828035	0.0002942933575046278	0.0007218126375110974	0.0006950627376866326	0.00019151981324230102	0.0007482108002602472	0.00027128978916907815	0.0004227280663866859	0.0004495226886360664	0.00032601393627250814	0.0001675185773806967	0.0007649353629618298	0.0002116934150117093	0.00032290767093455487	0.0002794567074983967	0.00024383977984751304	0.00011684488652853843	0.6029870348903393	0.0004756721364861647	0.44207591223142184	0.54362387322226	0.0003414458171689893	0.13144248464323108	0.5401386312575339	0.00024076226120225077	0.11442977483541819	-0.4405905248017329	-0.20099813334044542	-0.5579173898635037	-0.12280736985046839	0.22931605723669035	-0.16190275159545692	0.0003526267382858016
L1012V	missense	107	146	100	96	181	12	42	93	45	89	85	19	14	88	97	86	283	0.0003391533726918729	0.00043261123553180284	0.00038985602346856065	0.000321052788360016	0.00047103521635268633	0.0002114508783344177	0.0005554981397271599	0.0002879452046402063	0.0001879822152478096	0.0002963763057022801	0.00036939993986512607	0.0002549784543206099	0.00019846257657347746	0.00033417189201366727	0.00035111227352362665	0.0003788225151202435	0.0005352249640984664	0.6285976398887115	0.0004036388159282664	0.6877523603949919	0.6636219194615306	0.0002854259163638555	1.0668952596340575	0.6743072731287121	0.00039983291118900096	1.2133680697140519	0.41947311541867155	1.755995468679228	-0.10882485874408475	0.6140270535715644	0.9893385632477004	1.1850112611253962	0.0003629658811603743
L1012P	missense	172	90	52	90	147	15	6	102	77	110	144	15	24	105	83	72	245	0.0005432734581082778	0.0002678069553292113	0.0002045779133052843	0.0003011938529975408	0.00038303962648460205	0.0002602472348731295	9.042992972302605e-05	0.00031551442636107717	0.00031875245194193803	0.00036553077703281215	0.0006228254800051545	0.00020398276345648793	0.00033077096095579576	0.0003980024781286374	0.0003009533773059657	0.0003178625701583652	0.0004636103562261363	0.6728024961603221	0.0002891545870291596	1.1117990426612114	0.6996254217110262	0.0004056557838352455	1.3475629633525295	0.6430465306546416	0.0003701071954547761	0.9573199607671066	-0.4590739304957461	-0.24305537770604632	0.20993390388032798	1.1370204520225051	1.1388939889269494	0.4469825371582294	0.0003549725221063937
L1012G	missense	278	208	147	231	367	67	105	175	142	335	244	115	132	148	154	219	562	0.0008761462127873383	0.0006150731171846721	0.0005712741730034353	0.0007678788340157084	0.0009524228550427943	0.0011060507482108003	0.0013693675072343945	0.0005391314469859182	0.0005843794952268864	0.0011064715412885124	0.0010523602938018125	0.0014788750350595375	0.0017597015122848335	0.0005594563135959148	0.000555330636695532	0.000957941992258087	0.0010610269534768893	0.6769779771833644	0.0007266622448116526	1.1518534399384577	0.7035177968296826	0.0008205856943257824	1.3779062332653762	0.7010797641268084	0.0007834389740066056	1.432654150252531	0.0927449647044558	1.0125564129558837	0.07550752960438246	0.9164646130388633	1.3208046078187883	0.9645105129973734	0.0007768956377146802
L1012A	missense	170	279	190	198	235	45	51	192	230	174	103	49	48	222	196	119	288	0.0005369928400954654	0.0008240214010129577	0.0007372524800247038	0.0006586546895220947	0.000610792917907879	0.0007482108002602472	0.0006717651922281935	0.0005912066435697854	0.0009439976461357396	0.000576287261087767	0.00044671620634852453	0.0006374461358015248	0.0006483110834733597	0.0008373071002140202	0.0007058073253485148	0.0005225138139589565	0.0005446479388185097	0.593281794820502	0.0007076803721169087	0.3489758503982892	0.5858523929264994	0.000639551939285454	0.4606377272250875	0.5741782227689888	0.0006525690445850002	0.39323866886804987	-0.046806475900853	0.6950202869696351	0.007339953556709922	0.8046208100079728	0.40095074883047555	0.749820548488804	0.0006666004519957875
L1012L	silent	126	43	45	128	324	10	54	99	56	147	160	8	53	62	83	83	304	0.00039881924381359124	0.0001294890773020362	0.00017755818890647314	0.0004269671102932172	0.0008411343149155113	0.0001789199739752765	0.0007105208763952046	0.00030632468578745353	0.00023293448411141625	0.00048737436937708285	0.0006915510502126198	0.00011474030444427445	0.0007144652756645188	0.00023654864266135997	0.0003009533773059657	0.0003657596697712696	0.0005748014579226487	0.8142158377824206	0.00039378717285430947	2.4683436262376985	0.7275878554585989	0.0004295461473721431	1.565545981113562	0.7162989357015445	0.00036951578691531096	1.5573101818449522	0.5989180164819408	2.1643053970071806	0.7942651282478588	2.0957435011926333	1.863733263065404	2.130024449099907	0.0003976163690472545
L1012K	missense	51	106	63	46	49	20	13	67	60	25	34	13	8	53	53	25	52	0.00016329606833312397	0.0003148938925299517	0.0002470374802177018	0.0001555616603393892	0.00012940527921777097	0.00034157449577098246	0.0001808598594460521	0.0002083007863354684	0.0002492807636981823	8.561982164732537e-05	0.0001503371848288304	0.00017848491802442692	0.00011907754594408647	0.00020275597942402283	0.00019347002826812078	0.00011321132635777392	9.988353203246026e-05	0.5293654872136453	0.0002117245780762034	-0.26415810069661066	0.5641613228633098	0.0001733846391274516	0.2915435434525293	0.5452234680995521	0.00015233021652059445	0.15607826923002338	-0.2761432469097594	0.17318611960817545	-0.17577164837469797	0.5041862173980678	0.06115457066198068	0.3386861685031216	0.00017914647790808315
L1012D	missense	44	139	95	34	56	19	10	96	47	40	27	22	14	20	34	28	47	0.00014131390528828035	0.00041201070050647887	0.00037055622032655265	0.00011584378961443877	0.0001475220183082589	0.00032530904359141186	0.00014210417527904092	0.00029713494521382995	0.00019615535504119262	0.00013501587259770538	0.0001202697478630643	0.0002932252224687014	0.00019846257657347746	7.884954755378666e-05	0.00012539724054415238	0.00012627417170674784	9.046055731241685e-05	0.4997316093462202	0.0002614831821889323	-0.5484288494838715	0.5261898696377443	0.0001871439801789481	-0.004465453389497405	0.635603185349748	0.00010524537927927593	0.8963535748555133	-0.3596892983598343	-0.016915031650705785	-0.16952269909769643	0.5144389840740928	0.11448642399404811	0.24876197621169352	0.00018462418054905212
L1012I	missense	16	35	42	90	309	17	79	66	19	119	96	28	119	33	34	55	180	5.3385253108905916e-05	0.00010594560870166599	0.00016597830702126838	0.0003011938529975408	0.00080231273115018	0.00029277813923227067	0.0010334849111202976	0.00020523753947759388	8.173139793383026e-05	0.0003951684076030402	0.0004166487693827585	0.00036971875876488436	0.0015877006125878197	0.0001276611722299403	0.00012539724054415238	0.00024383977984751304	0.00034111168486557187	0.8271473380089894	0.0003438576249676638	2.5923924351311927	0.7328088227280454	0.0002746965285993057	1.6062463797733995	0.7381839399503178	0.0002095024693717944	1.736564208099839	0.5477654940345593	2.047912662242763	0.6328971260128838	1.830984034832335	1.978401007668144	1.939448348537549	0.0002760188743129213
L1012W	missense	85	66	36	49	54	8	18	77	59	67	39	8	12	71	78	37	145	0.0002700665745509358	0.0001971765495281006	0.00014281854325085884	0.00016549112802062682	0.00014234580713954806	0.00014638906961613534	0.0002454526663910707	0.00023893325491421377	0.00024519419380149076	0.00022392876430838942	0.0001718139255186633	0.00011474030444427445	0.0001720008996970138	0.0002703413058986971	0.0002830394857996582	0.00016546270775366956	0.0002751508618252679	0.5976357226334111	0.0001619580069847836	0.3907420453282441	0.5933726882059462	0.00021996753463568932	0.5192626907839254	0.6120285845819927	0.0002484985903193232	0.7032605300959476	0.22445910365942592	1.312259499072105	0.1758147207317271	1.0810404770710957	0.537755088736039	1.1966499880716004	0.0002101413773132654
L1012F	missense	21	4	5	6	5	0	2	9	2	8	1	2	1	6	3	2	6	6.908679814093707e-05	1.4714667875231389e-05	2.315976377040954e-05	2.3168757922887753e-05	1.5528633506132516e-05	1.6265452179570593e-05	3.875568416701116e-05	3.063246857874535e-05	1.2259709690074539e-05	2.9637630570228012e-05	8.590696275933164e-06	3.824676814809149e-05	2.646167687646366e-05	2.6283182517928884e-05	1.4331113205045985e-05	1.3062845348973913e-05	1.3192164608060789e-05	0.6290009675667377	1.9142955768665296e-05	0.6916213869716712	0.5498842879503956	2.0280126278745265e-05	0.18024596531282963	0.5492153758488252	1.6717326420002393e-05	0.18877488323846633	0.37706926686558434	1.659509515269854	-0.15997738119146607	0.5301001637385283	0.3535474118409891	1.0948048395041912	1.8713469489137652e-05
L1012H	missense	54	17	20	16	34	3	0	24	8	29	31	9	4	22	21	27	75	0.00017271699535234268	5.2972804350832996e-05	8.10591731964334e-05	5.6266983527013114e-05	9.058369545243968e-05	6.506180871828237e-05	1.291856138900372e-05	7.658117144686338e-05	3.677912907022362e-05	9.879210190076005e-05	0.00013745114041493063	0.00012748922716030494	6.615419219115915e-05	8.63590282731949e-05	7.882112262775292e-05	0.00012191988992375652	0.00014322921574466	0.6641802775953101	7.022066413167979e-05	1.0290881487765577	0.7124643881439962	8.740088570819442e-05	1.447649982717728	0.6870772717773463	0.0001075823141423411	1.3179636022082004	-0.7021119791820406	-0.7960655086825615	-0.284916117799766	0.32511086738486816	1.2649005779008287	-0.2354773206488467	8.840128799407177e-05
L1012_	nonsense	28	19	30	46	40	6	8	36	23	27	20	11	3	26	32	29	60	9.106896118578068e-05	5.8858671500925554e-05	0.0001196587794804493	0.0001555616603393892	0.00010611232895857219	0.00011385816525699414	0.00011626705250103349	0.00011334013374135781	9.807767752059631e-05	9.22059617740427e-05	9.020231089729822e-05	0.00015298707259236595	5.292335375292732e-05	0.00010137798971201142	0.00011823168394162938	0.00013062845348973912	0.00011496029158452974	0.6754507348891026	0.00011004786006983406	1.1372029675125515	0.6011045587919069	9.845652098332378e-05	0.5795370037596969	0.6392798408770893	0.00011629960468197741	0.9264680449710561	0.009092481570989868	0.8222130864512321	-0.4610073768554473	0.036194681198171916	0.8810693387477682	0.42920388382470204	0.00010826799524504508
L1012Y	missense	26	29	36	24	21	8	13	37	12	18	9	9	2	12	13	10	19	8.478834317296822e-05	8.828800725138832e-05	0.00014281854325085884	8.274556401031341e-05	5.6938322855819224e-05	0.00014638906961613534	0.0001808598594460521	0.00011640338059923235	5.312540865698967e-05	6.256833120381469e-05	4.2953481379665825e-05	0.00012748922716030494	3.9692515314695496e-05	4.881162467615364e-05	5.0158896217660946e-05	4.789709961290435e-05	3.7691898880173686e-05	0.5730427429840469	9.269760934209494e-05	0.1548274353298161	0.529150920911823	6.876265045992563e-05	0.018617619360737137	0.6008743316850917	4.6139879846723154e-05	0.6118991248658435	0.09183353838483502	1.010482548426797	-0.5067648674161224	-0.03888048001743229	0.2617813931854656	0.48580103420468235	6.920004654958123e-05
I1013T	missense	119	44	42	41	37	21	21	118	87	74	40	11	17	102	125	51	108	0.00037683708076874763	0.0001324320108770825	0.00016597830702126838	0.00013901254753732653	9.834801220550593e-05	0.000357839947950553	0.00028420835055808184	0.00036452637608706974	0.00035961815090885315	0.00024698025475190013	0.00017610927365662986	0.00015298707259236595	0.00023815509188817295	0.000386738257049525	0.00045143006595894854	0.00022642265271554784	0.00020542084889694657	0.5948523751263848	0.00013394271941029586	0.36404205407170703	0.551138742105977	0.00028680851385111324	0.190025146372141	0.5493157009649663	0.000317502956155242	0.18959661855998405	-0.10005198785407812	0.5738651522146996	0.19220513691989638	1.1079325361119206	0.247887939667944	0.8408988441633101	0.0002460847298055504
I1013S	missense	126	54	55	102	207	44	44	109	61	139	122	95	56	85	62	79	251	0.00039881924381359124	0.00016186134662754526	0.00021615779519048906	0.0003409117237224912	0.0005383259615459273	0.0007319453480806766	0.0005813352625051674	0.0003369571543661989	0.0002533673335948738	0.00046102980887021355	0.0005283278209698896	0.0012238965807389276	0.0007541577909792144	0.00032290767093455487	0.00022571503297947427	0.00034834254263930433	0.0004749179258901884	0.7496908891512536	0.0003143142067716132	1.8493711264217245	0.6868616924788794	0.000394920529450294	1.2480624606057127	0.677724813430729	0.00034297079311088047	1.2413601985736664	-0.10005198785407812	0.5738651522146996	-0.21028249950286182	0.447563625547253	1.4462645952003677	0.5107143888809763	0.0003507351764442626
I1013M	missense	41	18	10	13	61	5	12	27	5	23	28	1	0	21	33	45	83	0.00013189297826906167	5.591573792587927e-05	4.245956691241749e-05	4.6337515845775506e-05	0.000160462546230036	9.759271307742355e-05	0.00016794129805704837	8.577091202048699e-05	2.4519419380149078e-05	7.903368152060803e-05	0.0001245650960010309	2.549784543206099e-05	1.323083843823183e-05	8.260428791349079e-05	0.00012181446224289088	0.0002002969620176	0.00015830597529672947	0.7550557025033389	7.629384172852706e-05	1.900834506122617	0.6930562056887135	7.847227723056875e-05	1.2963522015928477	0.6928454242360607	0.00014075542186767778	1.3652089461214656	0.23574011406911502	1.3379283730526645	-0.284916117799766	0.32511086738486816	1.5207985512789766	0.8315196202187664	9.850718027559119e-05
I1013W	missense	68	62	43	101	38	8	22	92	66	136	74	9	18	85	99	92	155	0.0002166813214420299	0.0001854048152279155	0.00016983826764966996	0.0003376019011620787	0.00010093611778986136	0.00014638906961613534	0.0002971269119470856	0.0002848819577823318	0.00027380018307833135	0.0004511505986801375	0.0003221511103474937	0.00012748922716030494	0.0002513859303264048	0.00032290767093455487	0.0003582778301261496	0.0004049482058181913	0.00029399681126535473	0.611513527059859	0.00019844527545738138	0.5238685255506002	0.6521360153242043	0.0003329959624720736	0.9773561276625551	0.621371520411578	0.0003450326295360626	0.779785937423116	0.3074333387241899	1.5010595361398356	0.2948674788170442	1.2763725395793255	0.7603368635454237	1.3887160378595804	0.0002921579558218392
I1013Q	missense	29	14	18	12	45	2	10	17	16	45	43	2	14	29	40	27	64	9.420927019218691e-05	4.414400362569416e-05	7.333925193963022e-05	4.302769328536297e-05	0.0001190528568803493	4.8796356538711774e-05	0.00014210417527904092	5.513844344174164e-05	6.947168824375573e-05	0.00015148122291449873	0.00018899531807052962	3.824676814809149e-05	0.00019846257657347746	0.0001126422107911238	0.00014689391035172135	0.00012191988992375652	0.00012249867136056446	0.7119278305722189	6.989095143275917e-05	1.4871190787219626	0.7549704407192512	0.00011627166816763142	1.779008751310876	0.6261398250280722	0.00012598867060679153	0.8188418037688702	0.46421944258448444	1.8578115109838818	0.715083882200234	1.9658293660545776	1.3616565446005697	1.9118204385192297	0.00010405043006906072
I1013L	missense	106	42	27	56	110	6	11	50	14	61	55	2	12	45	57	57	137	0.00033601306368546665	0.00012654614372698995	0.00010807889759524453	0.00018865988594351458	0.00028727971986345155	0.00011385816525699414	0.00015502273666804465	0.0001562255897516013	6.129854845037269e-05	0.00020417034392823742	0.0002405394957261286	3.824676814809149e-05	0.0001720008996970138	0.0001727180565463898	0.00020780114147316678	0.0002525483434134957	0.00026007410227319843	0.7240025536436738	0.00017764116178230015	1.6029490279536311	0.6997117949691097	0.00016555849446408502	1.3482362918482134	0.667940464886338	0.00022328541092656268	1.1612193015957033	0.13403121817928987	1.1064993842933388	0.6529359754513895	1.8638621457981484	1.3708015404658491	1.4851807650457436	0.00018882835572431593
I1013G	missense	337	343	226	238	338	65	90	413	282	333	262	62	63	283	257	257	600	0.001061424444165306	0.0010123691498159196	0.000876211062647161	0.0007910475919385961	0.0008773677930964871	0.0010735198438516591	0.0011755890863993385	0.0012681841991600577	0.0011564992807636982	0.001099885401161795	0.001129676560285211	0.0008031821311099213	0.0008467736600468372	0.001066346262155972	0.0009243568017254661	0.0011234047000117566	0.0011326415613492193	0.6077745239124127	0.000889248899374541	0.48800115681817907	0.6123197277041489	0.0011635613603426904	0.6669656012222629	0.6367128939510491	0.0010616873313106035	0.9054428915625937	0.03944546892514672	0.8912784431021037	0.022953302394520606	0.8302379202723521	0.6868032165343453	0.8607581816872278	0.001038165863675945
I1013P	missense	151	104	82	134	275	24	96	112	81	141	148	40	80	117	107	107	294	0.00047732696897374703	0.0003090080253798592	0.000320376732157332	0.0004468260456556924	0.0007143171412820957	0.0004066363044892648	0.0012531004547333608	0.00034614689493982253	0.0003350987315287041	0.00046761594899693084	0.0006400068725570207	0.0005227058313572503	0.0010716979134967784	0.0004430593624450869	0.00038694005653624157	0.0004702624325630609	0.0005559555084825618	0.7187137469249806	0.0004476319861187448	1.5522147618261903	0.695861635426634	0.0004472171120056196	1.3182221162758478	0.6534187363524279	0.0004640543400067378	1.0422758333516997	0.4887797377401291	1.9136961435106028	0.3118150400231295	1.3041787167574868	1.3042375704845792	1.6089374301340449	0.0004529678127103674
I1013A	missense	167	154	115	192	342	53	64	200	128	218	190	40	102	135	171	197	309	0.0005275719130762467	0.00045615470413217304	0.0004477554328945845	0.0006387957541596195	0.0008877202154339088	0.000878334417696812	0.0008397064902852418	0.0006157126184327817	0.0005271675166732051	0.0007211823438755483	0.0008204114943516172	0.0005227058313572503	0.0013627763591378785	0.0005106446889197612	0.0006162378678169774	0.0008621477930322783	0.0005842244326426921	0.7014133936803928	0.0006076065266550715	1.3862565840566465	0.6626289481191853	0.0006711184933332881	1.0591544852898558	0.6476682351653272	0.0006433136956029272	0.9951750661298213	-0.01953239103419107	0.7570798917348369	0.41616724584965187	1.4753913112340509	1.1468620451587745	1.116235601484444	0.0006406795718637623
I1013R	missense	365	530	413	347	536	77	73	461	282	302	277	109	81	333	291	258	726	0.0011493530963446804	0.0015626977283495734	0.0015980237001582585	0.0011518182510235626	0.0013898126987988602	0.0012687052700065063	0.0009559735427862753	0.0014152200483380354	0.0011564992807636982	0.0009978002291976763	0.0011941067823547098	0.0014023814987633545	0.0010849287519350101	0.0012540832801411783	0.001046171263968357	0.001127758981794748	0.0013701005242943134	0.6038495064455012	0.0014255880945825638	0.45034939691980536	0.60342927869624	0.00119090658516353	0.597659512864958	0.6361929251209653	0.001199528512549649	0.9011839704648379	-0.12291487081358238	0.5218428208625585	-0.11146495491029319	0.6096953989533992	0.6497309600832004	0.5657691099079789	0.0012720077307652477
I1013K	missense	44	1	3	17	46	7	13	9	23	32	41	3	16	22	22	32	48	0.00014131390528828035	5.885867150092556e-06	1.543984251360636e-05	5.957680608742565e-05	0.0001216409624647047	0.00013012361743656474	0.0001808598594460521	3.063246857874535e-05	9.807767752059631e-05	0.00010867131209083605	0.00018040462179459645	5.099569086412198e-05	0.00022492425344994112	8.63590282731949e-05	8.240390092901442e-05	0.00014369129883871304	9.234515225642552e-05	0.8665544633709333	5.0635869553957314e-05	2.970415624816648	0.7626033442265938	0.00010444651999619355	1.8385115598228043	0.649470692680279	0.00010119984507433698	1.0099384978859103	0.14298606083221632	1.1268752831912145	0.6445028079145266	1.8500256918180364	1.9396218941751207	1.4884504875046254	8.542741154149594e-05
I1013_	nonsense	33	63	70	90	31	16	10	74	78	58	44	15	8	55	95	58	75	0.00010677050621781183	0.00018834774880296178	0.00027405720461651294	0.0003011938529975408	8.281937869937342e-05	0.0002765126870527001	0.00014210417527904092	0.00022974351434059016	0.00032283902183862954	0.00019429113373816141	0.0001932906662084962	0.00020398276345648793	0.00011907754594408647	0.00021026546014343107	0.0003439467169211036	0.00025690262519648696	0.00014322921574466	0.5822539220240855	0.00021160454627909724	0.24318808710275364	0.5933690362212248	0.00023504108403146935	0.5192342214933917	0.5872577367955988	0.00023858600450142042	0.5003693563504852	-0.28910822407412706	0.14368553828549957	-0.23376359535238475	0.40903775721790414	0.4209305549822102	0.27636164775170186	0.00022841054493732903
I1013C	missense	45	19	11	24	41	4	3	24	16	22	12	1	4	17	5	22	98	0.0001444542142946866	5.8858671500925554e-05	4.631952754081908e-05	8.274556401031341e-05	0.00010870043454292761	8.132726089785297e-05	5.167424555601488e-05	7.658117144686338e-05	6.947168824375573e-05	7.574061145724937e-05	5.5839525793565566e-05	2.549784543206099e-05	6.615419219115915e-05	6.758532647467428e-05	2.1496669807568976e-05	0.0001001484810088	0.00018657489945685975	0.7033614954137191	7.415604939874642e-05	1.404944261076979	0.5998066627693556	6.940824923535852e-05	0.5694191687282469	0.7698956551385405	9.395134418697575e-05	1.9963061100122304	-0.19696200086213458	0.3533555683194792	0.41405388653625275	1.471923883514221	1.3235565132724856	0.91263972591685	7.917188094036023e-05
I1013V	missense	155	102	106	109	65	13	20	126	80	139	73	13	20	115	77	122	151	0.0004898882049993719	0.0003031221582297666	0.00041301578723897017	0.000364080481645379	0.0001708149685674577	0.0002277163305139883	0.00027128978916907815	0.00038903235095006603	0.00033101216163201256	0.00046102980887021355	0.0003178557622095271	0.00017848491802442692	0.00027784760720286846	0.00043554988172567866	0.0002794567074983967	0.0005355766593079305	0.00028645843148932	0.580451141820078	0.00031275834892039334	0.22589444498190828	0.6180356892648222	0.0003747325209154548	0.7115247609023386	0.6094543578921612	0.00038426042000533144	0.6821757501525781	0.07603927120160313	0.9745441848212235	0.19220513691989644	1.1079325361119206	0.5398649853456083	1.041238360466572	0.00035725042994705987
I1013Y	missense	25	5	1	35	131	3	21	8	0	49	107	8	40	6	8	33	87	8.164803416656198e-05	1.7657601450277664e-05	7.71992125680318e-06	0.0001191536121748513	0.0003416299371349154	6.506180871828237e-05	0.00028420835055808184	2.756922172087082e-05	4.086569896691513e-06	0.0001646535031679334	0.0004638975989003909	0.00011474030444427445	0.0005424643759675051	2.6283182517928884e-05	3.2245004711353466e-05	0.00014804558062170436	0.00016584435507276422	0.9035472655897927	0.00012154026800421187	3.3252787862813786	0.9032370342661452	0.00016505172342147164	2.934830872742126	0.8043965104929546	9.310453073093774e-05	2.2788930888044696	0.6403107016401657	2.2584905435904057	0.6746552251446258	1.8994973205470678	2.846334249275991	2.0789939320687365	0.0001265655073855404
I1013E	missense	98	94	44	93	54	9	16	108	54	46	24	8	7	60	76	37	77	0.0003108905916342168	0.0002795786896293964	0.00017369822827807157	0.0003111233206787784	0.00014234580713954806	0.00016265452179570593	0.00021961554361306325	0.0003338939075083244	0.0002247613443180332	0.0001547742929778574	0.00010738370344916456	0.00011474030444427445	0.00010584670750585465	0.0002290391619419517	0.0002758739291971352	0.00016546270775366956	0.00014699840563267737	0.5871898606062711	0.0002266865114314486	0.29053737304511806	0.5108574613176985	0.00020520331206334489	-0.12399026533252269	0.5704757856931801	0.00020434355113135846	0.36291302920858914	0.13039693352419576	1.0982299127271244	-0.035038644583166134	0.7350894600921885	0.1764867123070615	0.9166596864096564	0.00021207779154205065
I1013H	missense	40	34	22	47	179	21	50	30	22	38	53	8	117	47	20	30	116	0.00012875266926265546	0.00010300267512661972	8.877909445323657e-05	0.00015887148289980173	0.0004658590051839755	0.000357839947950553	0.0006588466308391897	9.49606525941106e-05	9.39911076239048e-05	0.00012842973247098805	0.00023194879945019544	0.00011474030444427445	0.001561238935711356	0.00018022753726579807	7.523834432649142e-05	0.00013498273527273044	0.00022049760844901605	0.8023796669528916	0.00020412806441590838	2.3548020519781	0.7263513799869045	0.00013733257303479973	1.5559069540839188	0.6619415909728972	0.000152736556328509	1.1120841819605338	0.265095507421652	1.4047237987504233	1.1337533757310156	2.652748148919209	1.6742643960075174	2.028735973834816	0.0001647323979264057
I1013D	missense	38	8	14	28	68	5	13	17	14	39	36	4	24	5	20	28	64	0.00012247205124984298	2.6486402175416498e-05	5.7899409426023855e-05	9.598485425196355e-05	0.00017857928532052393	9.759271307742355e-05	0.0001808598594460521	5.513844344174164e-05	6.129854845037269e-05	0.00013172280253434673	0.00015892788110476354	6.374461358015247e-05	0.00033077096095579576	2.252844215822476e-05	7.523834432649142e-05	0.00012627417170674784	0.00012249867136056446	0.7971563454196292	8.973748779348196e-05	2.3046959696739227	0.7422329052257673	0.00010177191888280615	1.679712443601291	0.751589603705983	8.663490738800711e-05	1.8463662979466746	0.2679247974405163	1.4111615810333211	0.715083882200234	1.9658293660545776	1.9435915704072961	1.6884954735439495	9.271477135476508e-05
I1013F	missense	13	20	18	22	27	5	0	14	10	16	29	2	2	6	4	11	30	4.396432608968722e-05	6.180160507597183e-05	7.333925193963022e-05	7.612591888948834e-05	7.246695636195174e-05	9.759271307742355e-05	1.291856138900372e-05	4.594870286811803e-05	4.4952268863606643e-05	5.5982191077097355e-05	0.00012886044413899745	3.824676814809149e-05	3.9692515314695496e-05	2.6283182517928884e-05	1.791389150630748e-05	5.225138139589565e-05	5.8422443264269213e-05	0.6403236630210845	7.093343306676053e-05	0.8002373139690423	0.7427566494203824	6.893590173695487e-05	1.6837953264114085	0.7305357020261315	3.8717724671100304e-05	1.6739196033247423	-0.8782032382377217	-1.1967445412890854	0.01611387786421517	0.8190163499252244	1.3859840812350643	-0.18886409568193047	5.9529019824938565e-05
I1013N	missense	13	19	9	16	50	2	11	5	2	19	27	2	6	13	12	27	56	4.396432608968722e-05	5.8858671500925554e-05	3.8599606284015906e-05	5.6266983527013114e-05	0.0001319933848021264	4.8796356538711774e-05	0.00015502273666804465	1.8379481147247212e-05	1.2259709690074539e-05	6.586140126717336e-05	0.0001202697478630643	3.824676814809149e-05	9.261586906762282e-05	5.256636503585777e-05	4.657611791639945e-05	0.00012191988992375652	0.000107421911808495	0.7287172058819458	7.142966152852025e-05	1.6481755665808404	0.8321734605033585	5.4192584991889855e-05	2.380850042549168	0.7162944787281413	8.212107117112719e-05	1.557273676006601	0.5020080034738843	1.9437958131119604	0.3840906631588095	1.4227626686390773	1.8620997617122033	1.6832792408755188	6.924777256384577e-05
I1013I	silent	12	3	0	6	7	0	2	0	1	3	1	0	4	3	1	4	11	4.082401708328099e-05	1.1771734300185111e-05	3.85996062840159e-06	2.3168757922887753e-05	2.0704844674843356e-05	1.6265452179570593e-05	3.875568416701116e-05	3.0632468578745355e-06	8.173139793383025e-06	1.3172280253434671e-05	8.590696275933164e-06	1.2748922716030496e-05	6.615419219115915e-05	1.5018961438816506e-05	7.165556602522992e-06	2.177140891495652e-05	2.2615139328104212e-05	0.7218571924164994	1.4876324381579453e-05	1.5823690874815666	0.7067496408798066	8.24984079515635e-06	1.4031002891669022	0.6952151626589227	1.664276657110006e-05	1.3846188191395499	0.37706926686558434	1.659509515269854	0.715083882200234	1.9658293660545776	1.4566960652626728	1.8126694406622157	1.3256310582611953e-05
R1014D	missense	31	47	22	11	6	5	6	35	21	17	17	2	2	10	26	11	49	0.00010048988820499937	0.00014126081160222131	8.877909445323657e-05	3.9717870724950433e-05	1.8116739090487936e-05	9.759271307742355e-05	9.042992972302605e-05	0.00011027688688348328	8.990453772721329e-05	5.9275261140456025e-05	7.731626648339847e-05	3.824676814809149e-05	3.9692515314695496e-05	4.1302143956745394e-05	9.673501413406039e-05	5.225138139589565e-05	9.422974720043421e-05	0.4432830460012093	7.196862896772407e-05	-1.0899265043584836	0.576929357402487	8.419323805863776e-05	0.39107760850752565	0.6752160943342934	7.11295716717839e-05	1.2208119732378726	-0.0331051982234649	0.7261962505846906	0.01611387786421517	0.8190163499252244	0.17398769246230486	0.7726063002549575	7.576381289938191e-05
R1014W	missense	70	19	13	26	49	3	2	16	11	45	24	2	8	30	32	47	101	0.00022296193945484235	5.8858671500925554e-05	5.4039448797622264e-05	8.936520913113848e-05	0.00012940527921777097	6.506180871828237e-05	3.875568416701116e-05	5.20751965838671e-05	4.9038838760298155e-05	0.00015148122291449873	0.00010738370344916456	3.824676814809149e-05	0.00011907754594408647	0.00011639695115082791	0.00011823168394162938	0.0002090055255835826	0.0001922286842888858	0.718076936226787	8.291715216186432e-05	1.546105988117225	0.7181887461828637	8.999474042695714e-05	1.492274597703728	0.6875663701646387	0.00015896571124123142	1.3219696720339282	-0.22499072446237806	0.28957885437259306	0.4932351325838776	1.6018380186522772	1.453450085951627	0.9457084365124351	0.00011062586794335096
R1014R	silent	201	166	103	166	560	27	36	130	110	182	191	59	45	169	167	197	548	0.0006343424192940585	0.0004914699070327284	0.0004014359053537654	0.0005527403675888936	0.0014519272328233903	0.0004554326610279766	0.00047798677139313764	0.0004012853383815642	0.0004536092585327579	0.0006026318215946362	0.0008247068424895838	0.0007649353629618298	0.0006086185681586642	0.0006383058611497015	0.0006019067546119314	0.0008621477930322783	0.0010346426242607675	0.7558282831684081	0.0007243933531996944	1.9082456888621941	0.7027356493111575	0.0005705583152496355	1.3718089501046353	0.6827482438047854	0.0007842507582636697	1.2825057295466005	0.02099170487069761	0.8492886454884262	-0.09927954083785445	0.6296882332359997	1.5208534561711433	0.739488439362213	0.0006930674755709999
R1014G	missense	193	296	174	262	226	44	64	290	302	302	156	42	33	357	325	245	393	0.0006092199472428086	0.0008740512717887444	0.0006754931099702783	0.0008704833333884971	0.0005874999676486802	0.0007319453480806766	0.0008397064902852418	0.0008914048356414899	0.0012382306786975284	0.0009978002291976763	0.0006743696576607534	0.0005482036767893113	0.00044984850689988224	0.0013441970487740773	0.0011679857262112477	0.001071153318615861	0.0007425304079394215	0.5973749970447482	0.00075188192069905	0.38824096670975206	0.5956870851687577	0.0009504513502993619	0.5373047267098718	0.5700447578126243	0.001081466625385152	0.35938259886736257	0.05964885501343381	0.9372493404461408	-0.0858756606731162	0.6516802273762377	0.4283094307623288	0.7944647839111892	0.0009279332987945213
R1014V	missense	82	60	67	75	74	16	31	152	80	102	76	12	17	115	112	106	263	0.0002606456475317171	0.00017951894807782294	0.00026247732273130815	0.00025154651459135277	0.00019410791882665645	0.0002765126870527001	0.00041339396444811904	0.00046867676925480396	0.00033101216163201256	0.0003391862165259428	0.0003307418066234268	0.00016573599530839644	0.00023815509188817295	0.00043554988172567866	0.0004048539480425491	0.0004659081507800696	0.0004975330652182927	0.6296240182019479	0.0002219126760567851	0.6975981636661	0.5904985920067327	0.0003674042385090465	0.49685748212091124	0.642116475289483	0.0004509612614416475	0.9497021341060048	0.17464906908755387	1.1989214687043148	0.15744303066068446	1.0508977053197095	0.7147192599643386	1.124909587012012	0.00034675939200249305
R1014M	missense	18	14	6	5	1	2	0	13	15	7	13	0	1	15	26	10	29	5.966587112171838e-05	4.414400362569416e-05	2.7019724398811132e-05	1.9858935362475217e-05	5.176211168710839e-06	4.8796356538711774e-05	1.291856138900372e-05	4.2885456010243496e-05	6.53851183470642e-05	2.6344560506869343e-05	6.013487393153215e-05	1.2748922716030496e-05	2.646167687646366e-05	6.007584575526602e-05	9.673501413406039e-05	4.789709961290435e-05	5.6537848320260525e-05	0.4637920765961472	2.4049718638922838e-05	-0.8931882472121735	0.6331564155004746	4.8687502198927304e-05	0.8293993910343469	0.5965536550989516	6.531145195562283e-05	0.5765096561041803	-0.5771732425737406	-0.511779210840455	0.31714387352819634	1.3129218324655807	0.17090693330878456	0.40057131081256286	4.601622426449099e-05
R1014P	missense	160	102	71	88	149	17	22	121	77	136	100	12	11	113	126	140	333	0.0005055897500314031	0.0003031221582297666	0.0002779171652449145	0.0002945742078767157	0.0003882158376533129	0.00029277813923227067	0.0002971269119470856	0.0003737161166606933	0.00031875245194193803	0.0004511505986801375	0.0004338301619346248	0.00016573599530839644	0.00015877006125878198	0.00042804040100627043	0.00045501284426021	0.000613953731401774	0.0006294547112989005	0.6518962416497526	0.00031595734225117744	0.9112503108804987	0.6497821179393407	0.0003943623323043484	0.9590061635612757	0.6698623070861107	0.0005316154219917888	1.1769605803370644	0.006403343060208703	0.816094205691205	-0.01864822839499675	0.7619815191330134	1.0157390182596129	0.7890378624121093	0.0004139783655157715
R1014S	missense	64	45	32	17	38	11	8	69	31	56	25	13	4	74	57	58	86	0.00020412008541640498	0.00013537494445212876	0.00012737870073725247	5.957680608742565e-05	0.00010093611778986136	0.0001951854261548471	0.00011626705250103349	0.00021442728005121748	0.0001307702366941284	0.0001877049936114441	0.00011167905158713113	0.00017848491802442692	6.615419219115915e-05	0.00028160552697780946	0.00020780114147316678	0.00025690262519648696	0.00016395976012875552	0.574464950948655	0.00010581664226666705	0.16847033838958653	0.5762649090293077	0.00016114539048598026	0.38589785688649253	0.5832766469480384	0.00022756726344405468	0.4677613487876055	-0.22499072446237806	0.28957885437259306	-0.43104415347800407	0.0853558960733157	0.3407098480212282	0.18746737522295437	0.000164843098732234
R1014L	missense	45	54	26	29	39	6	7	74	44	36	23	11	6	72	45	37	77	0.0001444542142946866	0.00016186134662754526	0.00010421893696684294	9.929467681237608e-05	0.00010352422337421678	0.00011385816525699414	0.00010334849111202976	0.00022974351434059016	0.00018389564535111809	0.00012184359234427071	0.00010308835531119797	0.00015298707259236595	9.261586906762282e-05	0.00027409604625840123	0.00016480780185802884	0.00016546270775366956	0.00014699840563267737	0.5770324314537252	0.00011722479594524526	0.19309956879062307	0.5384752721722522	0.00015964277683679423	0.0913062216748569	0.5616755778676066	0.00018784124037569426	0.2908329570878703	-0.042060040876391376	0.7058203516868148	-0.21796932816915288	0.4349517035583646	0.19174624918445007	0.5703860276225897	0.00015490293771924457
R1014_	nonsense	26	66	64	80	29	3	1	69	28	54	12	2	0	60	50	23	28	8.478834317296822e-05	0.0001971765495281006	0.00025089744084610336	0.0002680956273934154	7.764316753066258e-05	6.506180871828237e-05	2.583712277800744e-05	0.00021442728005121748	0.00011851052700405388	0.00018111885348472674	5.5839525793565566e-05	3.824676814809149e-05	1.323083843823183e-05	0.0002290391619419517	0.0001827216933643363	0.0001045027627917913	5.4653253376251844e-05	0.5712401642793021	0.0001984531963245705	0.1375357261435189	0.5343793426329272	0.00014247404658339092	0.05937612969578782	0.4933309501091082	0.0001427292178685828	-0.2689590155040008	-0.4010819835180594	-0.11110017823393115	-0.4610073768554473	0.036194681198171916	-0.02401571988823137	-0.037452748517879615	0.00016121882025884807
R1014A	missense	164	121	123	149	140	28	54	152	161	136	89	6	15	158	136	136	320	0.000518150986057028	0.0003590378961556459	0.0004786351179217972	0.0004964733840618805	0.00036492288739411414	0.0004716981132075472	0.0007105208763952046	0.00046867676925480396	0.0006620243232640251	0.0004511505986801375	0.0003865813324169924	8.924245901221346e-05	0.0002116934150117093	0.0005970037171929561	0.000490840627272825	0.0005965366042698087	0.0006049549770267876	0.6276112266402032	0.0004247673213833594	0.6782899324933308	0.5959692919690041	0.0004921082559039897	0.5395046886482968	0.6320735445069806	0.0005723339814405943	0.8674432614231906	0.17791270374120963	1.2063475611907932	0.3751358205058831	1.4080702926457445	0.6950792941882726	1.307208926918269	0.0004964031862426478
R1014T	missense	61	118	71	101	47	11	14	155	86	93	41	4	11	114	144	76	178	0.0001946991583971863	0.00035020909543050706	0.0002779171652449145	0.0003376019011620787	0.00012422906804906013	0.0001951854261548471	0.0001937784208350558	0.00047786650982842754	0.00035553158101216164	0.0003095485859557148	0.00018040462179459645	6.374461358015247e-05	0.00015877006125878198	0.00043179514136597454	0.0005195028536829169	0.00033527969729033047	0.00033734249497755446	0.5540963753812246	0.0002724893074716401	-0.026920567052734747	0.5363643652145587	0.0003308378246477251	0.07485050565941016	0.589008306934527	0.00040598004682919407	0.5147077929382708	-0.003141974846021727	0.7943747361099196	0.3963251195758213	1.4428359676036369	0.18754591051498207	1.1186053518567782	0.0003364357263161864
R1014Q	missense	54	10	2	24	79	0	8	29	9	52	35	8	4	17	17	37	92	0.00017271699535234268	3.237226932550905e-05	1.157988188520477e-05	8.274556401031341e-05	0.00020704844674843356	1.6265452179570593e-05	0.00011626705250103349	9.189740573623606e-05	4.086569896691513e-05	0.0001745327133580094	0.00015463253296679695	0.00011474030444427445	6.615419219115915e-05	6.758532647467428e-05	6.449000942270693e-05	0.00016546270775366956	0.00017526732979280762	0.8479217449579035	8.34365404923652e-05	2.791676384582531	0.7121001951294217	0.0001154820877569894	1.4448108917758917	0.7371018108352018	0.0001182013433609646	1.7277007873480215	0.8541905215852468	2.7451538783250085	-0.23915862723909093	0.40018602860047237	1.9880626879021481	1.5726699534627404	0.00010570665720343972
R1014C	missense	17	40	28	31	7	12	6	40	34	21	3	4	1	31	32	10	18	5.652556211531215e-05	0.00012066027657689738	0.00011193885822364612	0.00010591432193320116	2.0704844674843356e-05	0.0002114508783344177	9.042992972302605e-05	0.00012559312117285594	0.00014302994638420297	7.24475413938907e-05	1.718139255186633e-05	6.374461358015247e-05	2.646167687646366e-05	0.00012015169151053205	0.00011823168394162938	4.789709961290435e-05	3.5807303936165e-05	0.5185567763400661	8.9804575352147e-05	-0.3678434957435713	0.48689274965914947	8.9563000375704e-05	-0.31080877384510736	0.49950325340868085	8.052194475030769e-05	-0.21840338365957335	-0.368897300146658	-0.03786697025327451	-0.38182613080782246	0.1661088163362278	-0.29901855108275066	0.06412092304147664	8.662984015938624e-05
R1014Y	missense	23	6	5	12	53	4	13	7	0	42	52	3	8	6	11	28	95	7.536741615374953e-05	2.0600535025323943e-05	2.315976377040954e-05	4.302769328536297e-05	0.00013975770155519264	8.132726089785297e-05	0.0001808598594460521	2.4505974862996284e-05	4.086569896691513e-06	0.00014160201272442273	0.00022765345131222885	5.099569086412198e-05	0.00011907754594408647	2.6283182517928884e-05	4.299333961513795e-05	0.00012627417170674784	0.0001809211146248337	0.8332027156684582	5.663642340907227e-05	2.6504802341410896	0.8596869456615155	9.946200219908484e-05	2.5953332516303167	0.8066851275809763	9.41179521161621e-05	2.2976385193705444	0.3471060434881411	1.5913310297446248	0.3682963959755776	1.3968487222986168	2.5144840017139836	1.4940898760216208	8.340545924143974e-05
R1014E	missense	53	84	35	41	37	8	5	31	21	32	33	2	2	40	40	44	130	0.00016957668634593644	0.0002501493538789336	0.00013895858262245726	0.00013901254753732653	9.834801220550593e-05	0.00014638906961613534	7.751136833402232e-05	9.802389945198513e-05	8.990453772721329e-05	0.00010867131209083605	0.0001460418366908638	3.824676814809149e-05	3.9692515314695496e-05	0.0001539443547478692	0.00014689391035172135	0.00019594268023460871	0.00024688193766513766	0.5341434639500412	0.00015661712406105584	-0.2183241052060504	0.6709798037634681	0.00011066039649022456	1.1242541375826585	0.6801092313012121	0.0001859157207498342	1.2608903068934838	-0.2761432469097594	0.17318611960817545	0.01611387786421517	0.8190163499252244	0.722273446423364	0.49610123476669993	0.0001510644137670382
R1014F	missense	9	0	0	0	3	0	0	0	1	1	2	0	0	0	1	3	14	3.1403090064062305e-05	2.942933575046278e-06	3.85996062840159e-06	3.309822560412536e-06	1.0352422337421678e-05	1.6265452179570593e-05	1.291856138900372e-05	3.0632468578745355e-06	8.173139793383025e-06	6.586140126717336e-06	1.2886044413899746e-05	1.2748922716030496e-05	1.323083843823183e-05	3.7547403597041264e-06	7.165556602522992e-06	1.741712713196522e-05	2.8268924160130263e-05	0.7574100957233358	5.116284775320521e-06	1.9234196408316961	0.7384919011177701	7.677142797968662e-06	1.650549196500582	0.810036936039064	1.415158706358065e-05	2.325092256848392	-0.10005198785407819	0.5738651522146992	0.01611387786421517	0.8190163499252244	1.9663536980602234	0.6964407510699618	8.981671545623278e-06
R1014H	missense	12	0	7	10	2	0	0	6	0	6	2	0	0	6	4	0	16	4.082401708328099e-05	2.942933575046278e-06	3.087968502721272e-05	3.64080481645379e-05	7.764316753066258e-06	1.6265452179570593e-05	1.291856138900372e-05	2.1442728005121748e-05	4.086569896691513e-06	2.3051490443510677e-05	1.2886044413899746e-05	1.2748922716030496e-05	1.323083843823183e-05	2.6283182517928884e-05	1.791389150630748e-05	4.354281782991305e-06	3.203811404814763e-05	0.6570413438293335	1.9498745879965788e-05	0.9606060535112736	0.6113643327509813	1.536670818980592e-05	0.6595177561267622	0.6307470052756107	2.0147367463843823e-05	0.8565779449030235	-0.10005198785407819	0.5738651522146992	0.01611387786421517	0.8190163499252244	0.8255672515136864	0.6964407510699618	1.8337607177871845e-05
R1014K	missense	24	1	2	5	33	2	16	10	9	12	8	1	2	3	5	13	69	7.850772516015576e-05	5.885867150092556e-06	1.157988188520477e-05	1.9858935362475217e-05	8.799558986808426e-05	4.8796356538711774e-05	0.00021961554361306325	3.369571543661989e-05	4.086569896691513e-05	4.2809910823662684e-05	3.865813324169924e-05	2.549784543206099e-05	3.9692515314695496e-05	1.5018961438816506e-05	2.1496669807568976e-05	6.095994496187826e-05	0.0001319216460806079	0.8789575331313859	3.13300685664642e-05	3.089395325814209	0.6384842047113661	3.900736461722423e-05	0.8709325272652233	0.8376068295349468	5.734930557221791e-05	2.5509096410434347	0.6532756788045333	2.2879911249130815	0.19220513691989644	1.1079325361119206	2.1704124980409554	1.697961830512501	4.256224625196878e-05
R1014I	missense	6	4	5	12	0	3	1	8	5	4	0	0	0	12	7	4	5	2.198216304484361e-05	1.4714667875231389e-05	2.315976377040954e-05	4.302769328536297e-05	2.5881055843554194e-06	6.506180871828237e-05	2.583712277800744e-05	2.756922172087082e-05	2.4519419380149078e-05	1.646535031679334e-05	4.295348137966582e-06	1.2748922716030496e-05	1.323083843823183e-05	4.881162467615364e-05	2.866222641009197e-05	2.177140891495652e-05	1.1307569664052106e-05	0.600278907999546	2.087255762883983e-05	0.4160974944725031	0.49137543612794177	1.8212334888944955e-05	-0.2758636924203294	0.4899932990261496	2.7638207416313558e-05	-0.2962967938317273	-0.4010819835180594	-0.11110017823393115	0.01611387786421517	0.8190163499252244	-0.05202099725985119	0.35395808584564664	2.2241033311366113e-05
R1014N	missense	22	1	1	0	8	0	0	0	0	5	4	0	0	7	4	2	5	7.22271071473433e-05	5.885867150092556e-06	7.71992125680318e-06	3.309822560412536e-06	2.3292950259198775e-05	1.6265452179570593e-05	1.291856138900372e-05	3.0632468578745355e-06	4.086569896691513e-06	1.9758420380152007e-05	2.1476740689832912e-05	1.2748922716030496e-05	1.323083843823183e-05	3.003792287763301e-05	1.791389150630748e-05	1.3062845348973913e-05	1.1307569664052106e-05	0.7736348590092335	1.0052140306626761e-05	2.079059939708953	0.8081982134942565	1.2096244456137742e-05	2.1939494050084933	0.5194962940387512	1.808055734924163e-05	-0.05464590893947973	-0.10005198785407819	0.5738651522146992	0.01611387786421517	0.8190163499252244	1.4061211452593219	0.6964407510699618	1.340964737066871e-05
A1015P	missense	161	36	56	39	100	15	8	102	69	77	45	15	14	128	83	89	242	0.0005087300590378094	0.00010888854227671227	0.00022001775581889066	0.00013239290241650144	0.00026139866401989737	0.0002602472348731295	0.00011626705250103349	0.00031551442636107717	0.00028605989276840593	0.0002568594649419761	0.00019758601434646277	0.00020398276345648793	0.00019846257657347746	0.0004843615064018323	0.0003009533773059657	0.00039188536046921743	0.0004579565713941103	0.6889799717802381	0.00018067446613300044	1.2669857221951906	0.5796663726802229	0.00026400494960448053	0.4124141937019643	0.6258957228160402	0.0004087892038927814	0.8168424299589745	-0.349929461070678	0.005292556530486562	-0.011914845736028364	0.7730291046202047	0.832080781952043	0.3891608305753456	0.0002844895398767541
A1015A	silent	201	213	109	162	141	36	28	194	133	174	114	39	27	181	190	154	415	0.0006343424192940585	0.0006297877850599034	0.00042459566912417496	0.0005395010773472434	0.00036751099297846956	0.0006018217306441119	0.0003746382802811079	0.0005973331372855344	0.0005476003661566627	0.000576287261087767	0.0004939650358661569	0.0005099569086412198	0.0003704634762704913	0.000683362745466151	0.0006843106555409458	0.0006749136763636522	0.0007839914967076126	0.5821781316144047	0.0004903488811274477	0.24246104771198404	0.6091199884183133	0.0005537964500990302	0.6420218201525797	0.6379347755104624	0.0007066446435195904	0.9154509859929937	-0.2058557140221171	0.3331187638106597	-0.13878808212152793	0.5648658386964207	0.5999779512858524	0.44899230125354017	0.0005835966582486894
A1015S	missense	78	114	124	152	134	17	23	173	133	124	63	7	2	128	154	122	268	0.0002480844115060922	0.0003384373611303219	0.0004824950785501988	0.0005064028517431181	0.0003493942538879816	0.00029277813923227067	0.0003100454733360893	0.0005330049532701692	0.0005476003661566627	0.0004116337579198335	0.00027490228082986126	0.00010199138172824396	3.9692515314695496e-05	0.0004843615064018323	0.000555330636695532	0.0005355766593079305	0.0005069560399383361	0.6292328272040547	0.0004191823863279051	0.6938455613780216	0.5606110773661421	0.0004417853395441316	0.26386736782878567	0.627883311533245	0.0005205562105859078	0.8331222202687114	0.024886748754221824	0.8581514500568059	-0.40985485440806596	0.12012157103120802	0.5969450498251728	0.489136510544007	0.00046050797881931485
A1015_	nonsense	43	174	64	56	11	11	1	148	122	53	12	9	3	108	92	31	48	0.00013817359628187414	0.0005150133756330986	0.00025089744084610336	0.00018865988594351458	3.105726701226503e-05	0.0001951854261548471	2.583712277800744e-05	0.0004564237818233058	0.0005026480972930561	0.00017782578342136806	5.5839525793565566e-05	0.00012748922716030494	5.292335375292732e-05	0.0004092666992077498	0.00033319838201731914	0.00013933701705572175	9.234515225642552e-05	0.4329770045444909	0.0002464069923587454	-1.1887899111336855	0.4650134689251336	0.0002981842970828239	-0.4813701664583515	0.47812461678864016	0.00024353681263430404	-0.3935098925009983	-0.8782032382377217	-1.1967445412890854	-0.38182613080782246	0.1661088163362278	-0.6878899900310117	-0.5153178624764287	0.00026270936735862444
A1015G	missense	306	427	268	233	178	56	38	327	212	264	127	73	10	263	259	224	459	0.0009640748649667127	0.0012595755701198068	0.0010383294090400277	0.0007744984791365335	0.00046327089959962006	0.0009271307742355238	0.0005038238941711451	0.0010047449693828476	0.0008704393879952922	0.0008726635667900471	0.0005498045616597225	0.0009434202809862567	0.00014553922282055013	0.0009912514549618894	0.000931522358327989	0.0009797134011730435	0.0008669136742439947	0.5312150288409673	0.0008839185894739971	-0.2464158873533486	0.5733497332484792	0.0008244131214569773	0.363172409604421	0.614228318076959	0.0009423502221767292	0.7212779396965209	-0.26486223650007024	0.19885499358873518	-0.8117251567085361	-0.5392344680191615	0.27934482064919774	-0.1701897372152132	0.0008835606443692344
A1015E	missense	56	30	22	9	30	4	4	39	35	32	15	4	4	36	26	32	73	0.00017899761336515513	9.12309408264346e-05	8.877909445323657e-05	3.309822560412536e-05	8.0231273115018e-05	8.132726089785297e-05	6.45928069450186e-05	0.0001225298743149814	0.00014711651628089448	0.00010867131209083605	6.872557020746531e-05	6.374461358015247e-05	6.615419219115915e-05	0.00013892539330905267	9.673501413406039e-05	0.00014369129883871304	0.00013946002585664264	0.5872110806313448	7.333488349970364e-05	0.2907409317033524	0.5691166748750305	0.00011176081822354431	0.3301733206505475	0.6366998564554583	0.0001297029330346172	0.9053361050365157	-0.10005198785407819	0.5738651522146992	0.01611387786421517	0.8190163499252244	0.5087501191301386	0.6964407510699618	0.0001049328782526217
A1015N	missense	13	27	24	18	5	6	1	29	49	28	1	0	0	33	37	12	5	4.396432608968722e-05	8.240214010129577e-05	9.649901571003975e-05	6.288662864783819e-05	1.5528633506132516e-05	0.00011385816525699414	2.583712277800744e-05	9.189740573623606e-05	0.00020432849483457564	9.549903183740137e-05	8.590696275933164e-06	1.2748922716030496e-05	1.323083843823183e-05	0.0001276611722299403	0.00013614557544793687	5.660566317888696e-05	1.1307569664052106e-05	0.5112135825320362	6.432910449132656e-05	-0.4382850090560519	0.5129791451818569	0.00010007890717103657	-0.10745053722375988	0.4634930268242393	8.292999513020406e-05	-0.5133532053839029	-0.6441200322043538	-0.664110309210446	0.01611387786421517	0.8190163499252244	-0.35302958388790495	0.07745302035738921	8.244600226418907e-05
A1015R	missense	327	155	93	141	257	29	31	281	200	215	185	24	17	261	223	242	556	0.0010300213541012437	0.00045909763770721933	0.0003628362990697495	0.00046999480357858014	0.0006677312407636982	0.00048796356538711777	0.00041339396444811904	0.0008638356139206191	0.0008214005492349941	0.0007113031336854722	0.0007989347536617843	0.0003187230679007624	0.00023815509188817295	0.0009837419742424812	0.0008025423394825751	0.001058090473266887	0.0010497193838128372	0.6717593435048095	0.0004899149952798118	1.101792327110563	0.6130768865781407	0.0007988685126257175	0.6728680837374559	0.6395566703899737	0.0009735235427011951	0.9287354790645851	-0.07202326425383464	0.6376418661615856	-0.12655362570451642	0.5849391376609797	0.9011319633042013	0.6112905019112826	0.0007541023502022414
A1015Y	missense	14	49	31	7	5	1	2	37	18	12	6	9	0	35	4	18	15	4.7104635096093454e-05	0.0001471466787523139	0.0001235187401088509	2.647858048330029e-05	1.5528633506132516e-05	3.2530904359141185e-05	3.875568416701116e-05	0.00011640338059923235	7.764482803713875e-05	4.2809910823662684e-05	3.0067436965766077e-05	0.00012748922716030494	1.323083843823183e-05	0.00013517065294934856	1.791389150630748e-05	8.273135387683478e-05	3.0153519104138947e-05	0.42835091574870354	7.81681582126494e-05	-1.233166881701564	0.48739480398181856	6.673138910644996e-05	-0.3068949758787598	0.5073953419265194	6.649235435915744e-05	-0.15376146601124543	0.07603927120160313	0.9745441848212235	-0.9838861221357849	-0.8217021487444849	-0.564607774530523	0.07642101803836931	7.046396722608561e-05
A1015D	missense	23	54	24	13	10	10	6	31	14	6	16	2	0	18	25	8	24	7.536741615374953e-05	0.00016186134662754526	9.649901571003975e-05	4.6337515845775506e-05	2.8469161427909612e-05	0.0001789199739752765	9.042992972302605e-05	9.802389945198513e-05	6.129854845037269e-05	2.3051490443510677e-05	7.30209183454319e-05	3.824676814809149e-05	1.323083843823183e-05	7.134006683437841e-05	9.31522358327989e-05	3.918853604692174e-05	4.7114873600217106e-05	0.4560389377095146	8.329175990281754e-05	-0.9675622662526381	0.5695681861051454	6.38487141728251e-05	0.3336931065669641	0.5618812576978752	6.269892807857905e-05	0.29251762377908846	-0.2963466329980463	0.12721522226413867	-0.4610073768554473	0.036194681198171916	-0.1137838453021952	0.0817049517311553	6.994646738474057e-05
A1015K	missense	70	353	492	450	53	53	28	200	147	107	22	97	20	102	142	61	57	0.00022296193945484235	0.0010417984855663823	0.001902960589801984	0.0014927299747460538	0.00013975770155519264	0.000878334417696812	0.0003746382802811079	0.0006157126184327817	0.000604812344710344	0.0003556515668427361	9.879300717323138e-05	0.0012493944261709885	0.00027784760720286846	0.000386738257049525	0.000512337297080394	0.0002699654705454609	0.00010930650675250369	0.5398955382962268	0.001144311687917403	-0.16314582280961754	0.4906751979875486	0.00041874238428977334	-0.281322445559352	0.519916381206445	0.0003195868828569709	-0.05120509095602656	-0.3700477497780906	-0.040484709758670266	-0.6528929030943604	-0.27863545132898476	-0.16522445310833203	-0.1595600805438275	0.0006275469850213824
A1015Q	missense	62	39	40	50	47	11	10	62	78	48	40	17	3	81	74	52	85	0.0001978394674035925	0.00011771734300185111	0.0001582583857644652	0.00016880095058103935	0.00012422906804906013	0.0001951854261548471	0.00014210417527904092	0.00019298455204609573	0.00032283902183862954	0.00016136043310457473	0.00017610927365662986	0.0002294806088885489	5.292335375292732e-05	0.0003078887094957384	0.0002687083725946122	0.00023077693449853913	0.00016207516518474684	0.6316075211225518	0.00014225143684910393	0.7166254358639651	0.5939285576376079	0.00021332332016148244	0.523596008022638	0.5637059064097433	0.00024236229544340917	0.3074628175010167	-0.13784054874347793	0.48788085008662097	-0.6370986359111285	-0.2527215049885242	0.5158947537958732	0.11757967254904839	0.00019931235081799853
A1015T	missense	123	164	71	79	91	19	15	148	98	80	65	15	12	118	155	84	129	0.0003893983167943726	0.00048558403988263583	0.0002779171652449145	0.0002647858048330029	0.0002381057137606986	0.00032530904359141186	0.00020669698222405952	0.0004564237818233058	0.0004045704197724598	0.00026673867513205213	0.00028349297710579443	0.00020398276345648793	0.0001720008996970138	0.00044681410280479107	0.0005589134149967934	0.0003701139515542609	0.00024499734272112893	0.5504214031886652	0.00031659818093031296	-0.06217370204994659	0.5668392033945865	0.00035280646345840305	0.31241913978583785	0.5637470134464087	0.0004052097030192436	0.30779951388662924	-0.19696200086213458	0.3533555683194792	-0.07406275248487282	0.6710618843637755	0.1860149838741735	0.5122087263416273	0.00035820478246931985
A1015L	missense	61	56	58	49	50	4	9	66	75	47	37	5	0	61	75	83	65	0.0001946991583971863	0.00016774721377763784	0.00022773767707569382	0.00016549112802062682	0.0001319933848021264	8.132726089785297e-05	0.0001291856138900372	0.00020523753947759388	0.000310579312148555	0.00015806736304121606	0.00016322322924273012	7.649353629618297e-05	1.323083843823183e-05	0.00023279390230165583	0.00027229115089587373	0.0003657596697712696	0.00012438326630457317	0.5944236074705481	0.0001732423509190212	0.3599289878329334	0.5834051483118446	0.00020927686097752375	0.44156006856641733	0.5958906663078948	0.0002488069973183431	0.5710792980010758	0.200978007809903	1.2588304826633299	-0.7620373725194285	-0.45771080134218445	0.4575227848001422	0.4005598406605727	0.000210442069738296
A1015I	missense	6	1	0	1	7	1	0	3	0	0	1	0	0	2	9	3	2	2.198216304484361e-05	5.885867150092556e-06	3.85996062840159e-06	6.619645120825072e-06	2.0704844674843356e-05	3.2530904359141185e-05	1.291856138900372e-05	1.2252987431498142e-05	4.086569896691513e-06	3.293070063358668e-06	8.590696275933164e-06	1.2748922716030496e-05	1.323083843823183e-05	1.126422107911238e-05	3.582778301261496e-05	1.741712713196522e-05	5.653784832026053e-06	0.78421301784175	9.267579393540643e-06	2.180533703809721	0.5728251860109544	7.055830916870372e-06	0.35908326661972734	0.5622140466020505	1.7540729013929652e-05	0.2952434057934886	-0.4010819835180594	-0.11110017823393115	0.01611387786421517	0.8190163499252244	0.9449534587409789	0.35395808584564664	1.1288046441446889e-05
A1015W	missense	70	34	21	21	31	8	10	33	27	41	31	25	5	24	33	42	142	0.00022296193945484235	0.00010300267512661972	8.491913382483498e-05	7.28160963290758e-05	8.281937869937342e-05	0.00014638906961613534	0.00014210417527904092	0.0001041503931677342	0.00011442395710736236	0.00013830894266106405	0.00013745114041493063	0.00033147199061679287	7.938503062939099e-05	9.386850899260315e-05	0.00012181446224289088	0.00018723411666862608	0.00026949707699324186	0.5985659342104984	8.588932099497598e-05	0.39966534395059067	0.6563014881585676	0.00012358360833777281	1.0098283490375966	0.7351079865186328	0.00016810354122434048	1.711369922965854	-0.012901812135178013	0.7721671479287273	-0.6207082197229591	-0.2258294459476992	1.0402878719846804	0.2731688509905141	0.00012585882351902976
A1015C	missense	21	25	11	13	7	1	0	28	25	16	3	0	0	21	47	5	37	6.908679814093707e-05	7.651627295120322e-05	4.631952754081908e-05	4.6337515845775506e-05	2.0704844674843356e-05	3.2530904359141185e-05	1.291856138900372e-05	8.883415887836153e-05	0.00010625081731397933	5.5982191077097355e-05	1.718139255186633e-05	1.2748922716030496e-05	1.323083843823183e-05	8.260428791349079e-05	0.0001719733584605518	2.6125690697947826e-05	7.161460787233e-05	0.5147870247220154	4.746954025316029e-05	-0.4040058272480568	0.5014080385962509	6.706213995532614e-05	-0.1976538705650108	0.5615570536315052	8.807948623608011e-05	0.2898621578004475	-0.4010819835180594	-0.11110017823393115	0.01611387786421517	0.8190163499252244	-0.10393251333754004	0.35395808584564664	6.753705548152217e-05
A1015M	missense	29	63	23	5	15	11	0	30	17	18	20	1	1	37	15	18	37	9.420927019218691e-05	0.00018834774880296178	9.263905508163816e-05	1.9858935362475217e-05	4.140968934968671e-05	0.0001951854261548471	1.291856138900372e-05	9.49606525941106e-05	7.355825814044724e-05	6.256833120381469e-05	9.020231089729822e-05	2.549784543206099e-05	2.646167687646366e-05	0.00014268013366875682	5.732445282018394e-05	8.273135387683478e-05	7.161460787233e-05	0.43742288099537563	8.556385714919047e-05	-1.1461416747684436	0.6151704895926106	8.03223882089177e-05	0.6891889057090891	0.5587556844252275	8.858763705952639e-05	0.2669169162303033	-1.1792332339017029	-1.8817098717377156	0.01611387786421517	0.8190163499252244	-0.06334528427635043	-0.5313467609062457	8.482462747254486e-05
A1015H	missense	28	7	10	8	11	0	2	17	11	9	9	1	3	10	25	5	31	9.106896118578068e-05	2.3543468600370222e-05	4.245956691241749e-05	2.9788403043712825e-05	3.105726701226503e-05	1.6265452179570593e-05	3.875568416701116e-05	5.513844344174164e-05	4.9038838760298155e-05	3.293070063358668e-05	4.2953481379665825e-05	2.549784543206099e-05	5.292335375292732e-05	4.1302143956745394e-05	9.31522358327989e-05	2.6125690697947826e-05	6.0307038208277895e-05	0.6347263816397688	3.171217639219139e-05	0.74654392370274	0.588440939082632	4.501536605382307e-05	0.48081691147711914	0.6193342877503306	5.52217771739425e-05	0.7630995272769077	0.37706926686558434	1.659509515269854	0.31714387352819634	1.3129218324655807	0.6634867874855889	1.4862156738677172	4.3983106539985664e-05
A1015V	missense	78	48	27	41	34	7	11	52	84	57	28	3	1	78	73	77	86	0.0002480844115060922	0.0001442037451772676	0.00010807889759524453	0.00013901254753732653	9.058369545243968e-05	0.00013012361743656474	0.00015502273666804465	0.00016235208346735037	0.0003473584412187786	0.00019099806367480274	0.0001245650960010309	5.099569086412198e-05	2.646167687646366e-05	0.000296624488416626	0.0002651255942933507	0.00033963397907332176	0.00016395976012875552	0.5912968997316429	0.00012046972144056959	0.32993522346115833	0.5841466829347252	0.00020631842109049067	0.4473407511897177	0.5870444365670775	0.00026633595547801347	0.4986222730815536	0.07603927120160313	0.9745441848212235	-0.284916117799766	0.32511086738486816	0.4252994159108099	0.6498275261030458	0.00019770803266969125
A1015F	missense	10	0	2	0	0	0	0	0	1	6	4	0	0	0	0	1	12	3.4543399070468536e-05	2.942933575046278e-06	1.157988188520477e-05	3.309822560412536e-06	2.5881055843554194e-06	1.6265452179570593e-05	1.291856138900372e-05	3.0632468578745355e-06	8.173139793383025e-06	2.3051490443510677e-05	2.1476740689832912e-05	1.2748922716030496e-05	1.323083843823183e-05	3.7547403597041264e-06	3.582778301261496e-06	8.70856356598261e-06	2.4499734272112893e-05	0.5678611447909604	5.105185901254751e-06	0.10512159511365661	0.7821759005343828	1.3941154446150287e-05	1.9910907282809116	0.8326686721905922	1.0136454124765281e-05	2.510462557908629	-0.10005198785407819	0.5738651522146992	0.01611387786421517	0.8190163499252244	1.5355582937677326	0.6964407510699618	9.727598157390107e-06
A1016R	missense	258	300	180	324	399	63	108	185	153	293	241	54	105	156	174	226	409	0.0008133400326592136	0.0008858230060889296	0.0006986528737406879	0.0010756923321340742	0.0010352422337421678	0.001040988939492518	0.0014081231914014056	0.0005697639155646636	0.000629331764090493	0.0009681625986274483	0.001039474249387913	0.0007011907493816772	0.001402468874452574	0.0005894942364735479	0.0006269862027207619	0.000988421964739026	0.0007726839270435605	0.6529162881051588	0.0009238526114264648	0.9210353741440165	0.6931364060193572	0.0008016831319176295	1.2969774086208543	0.6632442661800765	0.000744396582744224	1.122754034848609	0.13119453610265833	1.1000447820809847	0.30105705363474156	1.2865278894816217	1.113588939204493	1.1932863357813033	0.0008233107753627726
A1016_	nonsense	14	75	199	264	10	29	10	32	47	29	4	38	7	15	43	14	5	4.7104635096093454e-05	0.0002236629517035171	0.000771992125680318	0.0008771029785093221	2.8469161427909612e-05	0.00048796356538711777	0.00014210417527904092	0.00010108714630985967	0.00019615535504119262	9.879210190076005e-05	2.1476740689832912e-05	0.0004972079859251893	0.00010584670750585465	6.007584575526602e-05	0.00015764224525550584	6.531422674486956e-05	1.1307569664052106e-05	0.5934105012790878	0.0004753068043302667	0.3502105008723046	0.5243457079433564	0.0001043778359854113	-0.018841738909238816	0.5236576161677265	7.358497185492338e-05	-0.020561668530698553	-0.5357805574155156	-0.4175940642572297	-0.6718607421703404	-0.3097563357807353	0.10360236447745574	-0.3636752000189825	0.00021775653739020045
A1016L	missense	70	178	90	95	33	22	14	151	76	80	50	30	4	80	94	73	69	0.00022296193945484235	0.0005267851099332837	0.0003512564171845447	0.00031774296579960347	8.799558986808426e-05	0.0003741054001301236	0.0001937784208350558	0.0004656135223969294	0.0003146658820452465	0.00026673867513205213	0.0002190627550362957	0.00039521660419694534	6.615419219115915e-05	0.0003041339691360342	0.00034036393861984216	0.00032221685194135655	0.0001319216460806079	0.49356374100971434	0.000320945020696379	-0.6075957448285779	0.5472423751050053	0.00031652020865263097	0.1596507574743918	0.5641536575439926	0.0002746591014444602	0.3111302233951181	-0.2856885648159898	0.15146665002688994	-0.7762778116340388	-0.4810753532267052	-0.04560492131968933	-0.16480435159990764	0.00030404144359782336
A1016H	missense	36	54	41	50	16	9	6	16	12	22	6	6	7	15	31	11	29	0.00011619143323703052	0.00016186134662754526	0.0001621183463928668	0.00016880095058103935	4.399779493404213e-05	0.00016265452179570593	9.042992972302605e-05	5.20751965838671e-05	5.312540865698967e-05	7.574061145724937e-05	3.0067436965766077e-05	8.924245901221346e-05	0.00010584670750585465	6.007584575526602e-05	0.00011464890564036788	5.225138139589565e-05	5.6537848320260525e-05	0.5442152604343574	0.00013419460963387338	-0.12170775478986876	0.5992853697583473	5.275216341596805e-05	0.5653553942834645	0.5928095608093221	7.087849527794751e-05	0.5458428137099578	-0.2549539478398213	0.22140036884736392	0.07410582484190192	0.914164810105388	0.3298301510678512	0.5677825894763759	8.594175610926299e-05
A1016T	missense	73	74	62	56	79	15	14	52	34	47	58	18	10	45	44	35	78	0.00023238286647406104	0.00022072001812847083	0.00024317751958930018	0.00018865988594351458	0.00020704844674843356	0.0002602472348731295	0.0001937784208350558	0.00016235208346735037	0.00014302994638420297	0.00015806736304121606	0.00025342554014002835	0.00024222953160457942	0.00014553922282055013	0.0001727180565463898	0.00016122502355676732	0.00015675414418768696	0.00014888300057668604	0.611108117819687	0.0002149014676024298	0.5199795310428769	0.6752629143160909	0.00017921873325819944	1.1576434116384575	0.6101511889509388	0.00015989505621688256	0.6878833009250365	-0.12808071145432173	0.510088438267813	-0.2212470379303888	0.42957390451983457	0.7885020812021235	0.4698311713938238	0.0001846717523591706
A1016S	missense	82	43	87	72	103	12	31	58	19	63	54	8	20	54	52	50	119	0.0002606456475317171	0.0001294890773020362	0.0003396765352993399	0.00024161704691011516	0.00026916298077296364	0.0002114508783344177	0.00041339396444811904	0.0001807315646145976	8.173139793383026e-05	0.00021075648405495474	0.00023624414758816203	0.00011474030444427445	0.00027784760720286846	0.00020651071978372695	0.0001898872499668593	0.00022206837093255652	0.0002261513932810421	0.6659413299101966	0.0002449864100711137	1.045981505172436	0.6770750531566424	0.00017736589854788616	1.1717700608647499	0.6384828955446585	0.00021115443349104622	0.9199404858296744	0.29115463815899106	1.4640188901161018	0.3840906631588096	1.4227626686390773	1.0458973506222866	1.4433907793775895	0.00021116891403668203
A1016W	missense	46	93	89	40	31	20	4	89	40	33	42	12	8	38	56	28	90	0.00014759452330109283	0.0002766357560543501	0.00034739645655614313	0.000135702724976914	8.281937869937342e-05	0.00034157449577098246	6.45928069450186e-05	0.0002756922172087082	0.00016754936576435204	0.00011196438215419471	0.00018469996993256303	0.00016573599530839644	0.00011907754594408647	0.00014643487402846094	0.0002042183631719053	0.00012627417170674784	0.00017149813990479027	0.5073306034530187	0.0002106385790716952	-0.4755335046885094	0.5694926527363188	0.0001849764837649545	0.3331042811511539	0.6244690227272013	0.00016210638720297609	0.8051567235147128	-0.7233012782519787	-0.8442797579217499	-0.14358696500329673	0.5569922227793532	0.2209091666591191	-0.14364376757119834	0.00018590715001320858
A1016Q	missense	44	79	54	47	6	8	6	24	16	21	9	8	4	21	22	20	39	0.00014131390528828035	0.00023543468600370222	0.00021229783456208748	0.00015887148289980173	1.8116739090487936e-05	0.00014638906961613534	9.042992972302605e-05	7.658117144686338e-05	6.947168824375573e-05	7.24475413938907e-05	4.2953481379665825e-05	0.00011474030444427445	6.615419219115915e-05	8.260428791349079e-05	8.240390092901442e-05	9.14399174428174e-05	7.538379776034737e-05	0.4838608988882323	0.00015618018563901985	-0.7006728037129384	0.5781909718988046	6.536347061604391e-05	0.40091260848074023	0.62024403252381	8.295797601141749e-05	0.7705509954903379	-0.20919645727914618	0.3255172179781666	-0.23915862723909093	0.40018602860047237	0.15693026675271324	0.36285162328931947	0.00010150054408882708
A1016G	missense	80	105	77	105	63	15	20	115	61	75	26	16	5	81	119	43	67	0.0002543650295189047	0.0003119509589549054	0.00030107692901532404	0.00035084119140372887	0.00016563875739874684	0.0002602472348731295	0.00027128978916907815	0.0003553366355134461	0.0002533673335948738	0.00025027332481525875	0.00011597439972509772	0.00021673168617251842	7.938503062939099e-05	0.0003078887094957384	0.00042993339615137957	0.0001915883984516174	0.00012815245619259051	0.5819312038382978	0.00028237695919317626	0.2400923282307094	0.5325363527184485	0.0002437379234121691	0.04500897886450179	0.5330960440649541	0.00026439074007283145	0.05674588795238135	0.018047324223916344	0.8425889853491081	-0.43618379313041505	0.07692319421910863	0.11394906501586417	0.45975608978410837	0.00026350187422605897
A1016P	missense	116	15	8	50	75	2	6	22	10	42	54	6	1	25	29	34	72	0.00036741615374952897	4.7086937200740445e-05	3.4739645655614314e-05	0.00016880095058103935	0.00019669602441101187	4.8796356538711774e-05	9.042992972302605e-05	7.045467773111431e-05	4.4952268863606643e-05	0.00014160201272442273	0.00023624414758816203	8.924245901221346e-05	2.646167687646366e-05	9.762324935230729e-05	0.00010748334903784489	0.00015239986240469565	0.00013757543091263394	0.7878822572412383	0.00011183088946210148	2.215731845485226	0.7755358367523647	0.00012331327672682643	1.9393276680839187	0.6666024754711657	0.00012377047292687045	1.150260199781981	0.2679247974405163	1.4111615810333211	-0.5279541664860604	-0.07364615497532452	1.7684399044503756	0.6687577130289983	0.00011963821303859945
A1016F	missense	15	35	10	18	8	7	0	19	4	6	2	5	4	17	14	8	8	5.0244944102499685e-05	0.00010594560870166599	4.245956691241749e-05	6.288662864783819e-05	2.3292950259198775e-05	0.00013012361743656474	1.291856138900372e-05	6.12649371574907e-05	2.0432849483457566e-05	2.3051490443510677e-05	1.2886044413899746e-05	7.649353629618297e-05	6.615419219115915e-05	6.758532647467428e-05	5.3741674518922446e-05	3.918853604692174e-05	1.696135449607816e-05	0.503758684650852	5.864618863028012e-05	-0.5097980729992057	0.47355947659318864	2.9408830374589676e-05	-0.41474919354488826	0.5077839972806605	4.4369222884149154e-05	-0.15057809733270291	-1.0031419748460217	-1.481030839131192	-0.06306736818340972	0.6891022147871685	-0.3583751212922656	-0.3959643121720117	4.414141396300632e-05
A1016D	missense	23	10	8	9	6	5	1	17	2	19	2	3	0	11	14	10	5	7.536741615374953e-05	3.237226932550905e-05	3.4739645655614314e-05	3.309822560412536e-05	1.8116739090487936e-05	9.759271307742355e-05	2.583712277800744e-05	5.513844344174164e-05	1.2259709690074539e-05	6.586140126717336e-05	1.2886044413899746e-05	5.099569086412198e-05	1.323083843823183e-05	4.505688431644952e-05	5.3741674518922446e-05	4.789709961290435e-05	1.1307569664052106e-05	0.5780875709747353	2.9581719918934166e-05	0.20322127149367322	0.562429260527982	3.653639970322232e-05	0.2780411359649215	0.5402766369533637	3.95008070280821e-05	0.11556014137966877	-0.5771732425737406	-0.511779210840455	-0.5859461134637473	-0.16879461515548824	0.1989408496127545	-0.3402869129979716	3.520630888341286e-05
A1016V	missense	58	18	13	23	79	13	11	29	18	52	37	7	9	16	28	25	91	0.0001852782313779676	5.591573792587927e-05	5.4039448797622264e-05	7.943574144990087e-05	0.00020704844674843356	0.0002277163305139883	0.00015502273666804465	9.189740573623606e-05	7.764482803713875e-05	0.0001745327133580094	0.00016322322924273012	0.00010199138172824396	0.0001323083843823183	6.383058611497015e-05	0.00010390057073658339	0.00011321132635777392	0.00017338273484879895	0.7759670990723182	9.910984373045898e-05	2.101432564447801	0.7015982833957353	0.00012682454409352858	1.3629425382328932	0.7179860341197914	0.00011358130451453159	1.5711287390963622	-0.16699877748469133	0.4215340538447083	0.11302389087227156	0.9780184009738648	1.678501280592352	0.6997762274092866	0.00011317189744617306
A1016E	missense	7	6	19	25	6	3	4	6	5	10	6	3	0	3	3	6	11	2.5122472051249842e-05	2.0600535025323943e-05	7.719921256803181e-05	8.605538657072594e-05	1.8116739090487936e-05	6.506180871828237e-05	6.45928069450186e-05	2.1442728005121748e-05	2.4519419380149078e-05	3.622377069694535e-05	3.0067436965766077e-05	5.099569086412198e-05	1.323083843823183e-05	1.5018961438816506e-05	1.4331113205045985e-05	3.047997248093913e-05	2.2615139328104212e-05	0.6258694194490731	5.049296831364241e-05	0.6615811899966272	0.6668456069560976	2.8063338761995566e-05	1.092025730562584	0.6840352733418796	2.061129661322646e-05	1.2930474330715627	-0.0031419748460217757	0.7943747361099195	-0.5859461134637473	-0.16879461515548824	1.015551451210258	0.31279006047721564	3.305586789628814e-05
A1016K	missense	24	94	50	36	26	13	6	24	19	13	11	2	8	22	18	6	28	7.850772516015576e-05	0.0002795786896293964	0.0001968579920484811	0.00012246343473526383	6.987885077759632e-05	0.0002277163305139883	9.042992972302605e-05	7.658117144686338e-05	8.173139793383026e-05	4.610298088702135e-05	5.1544177655598985e-05	3.824676814809149e-05	0.00011907754594408647	8.63590282731949e-05	6.807278772396843e-05	3.047997248093913e-05	5.4653253376251844e-05	0.4935114760666548	0.00016719474179768443	-0.6080971100081649	0.5709195205633188	6.39899319808285e-05	0.34422752448839034	0.5557546403125979	5.989126046358858e-05	0.24233619264248277	-0.40108198351805935	-0.11110017823393102	0.4932351325838776	1.6018380186522772	-0.007177797625763936	0.7453689202091731	9.702531141403383e-05
A1016A	silent	121	35	26	30	50	8	7	27	26	46	57	3	4	35	42	60	133	0.0003831176987815601	0.00010594560870166599	0.00010421893696684294	0.00010260449937278863	0.0001319933848021264	0.00014638906961613534	0.00010334849111202976	8.577091202048699e-05	0.00011033738721067085	0.0001547742929778574	0.0002491301920020618	5.099569086412198e-05	6.615419219115915e-05	0.00013517065294934856	0.00015405946695424435	0.0002656111887624696	0.0002525357224971637	0.6465083619850344	0.000111190607460856	0.85956566152353	0.7363548660497947	0.00015000319605276924	1.6338897970583266	0.6967829020017564	0.00020184425779080654	1.397459739165274	-0.15120451030145948	0.45747241745028183	0.11302389087227156	0.9780184009738648	1.2969717325823769	0.7177454092120733	0.0001543460204348106
A1016N	missense	17	5	3	1	3	1	0	1	1	2	3	0	0	11	2	2	7	5.652556211531215e-05	1.7657601450277664e-05	1.543984251360636e-05	6.619645120825072e-06	1.0352422337421678e-05	3.2530904359141185e-05	1.291856138900372e-05	6.126493715749071e-06	8.173139793383025e-06	9.879210190076004e-06	1.718139255186633e-05	1.2748922716030496e-05	1.323083843823183e-05	4.505688431644952e-05	1.0748334903784488e-05	1.3062845348973913e-05	1.5076759552069474e-05	0.5482673390992886	1.2517377855532694e-05	-0.08283712701114401	0.730387354092238	1.0340059062768606e-05	1.587369659477449	0.49451866186330434	2.098620603031935e-05	-0.2592307965121382	-0.4010819835180594	-0.11110017823393115	0.01611387786421517	0.8190163499252244	0.41510057865138883	0.35395808584564664	1.4614547649540216e-05
A1016M	missense	36	4	0	6	3	0	1	2	1	8	10	4	0	1	13	7	26	0.00011619143323703052	1.4714667875231389e-05	3.85996062840159e-06	2.3168757922887753e-05	1.0352422337421678e-05	1.6265452179570593e-05	2.583712277800744e-05	9.189740573623606e-06	8.173139793383025e-06	2.9637630570228012e-05	4.7248829517632405e-05	6.374461358015247e-05	1.323083843823183e-05	7.509480719408253e-06	5.0158896217660946e-05	3.483425426393044e-05	5.0884063488234475e-05	0.639929369628492	1.3023952190985602e-05	0.7964549511458043	0.8048974891418815	2.356233511371676e-05	2.1682183881154993	0.7250782417447756	3.584667367230853e-05	1.6292190532385347	0.200978007809903	1.2588304826633299	-0.6828561264718036	-0.32779666620412845	1.5312974641666128	0.4655169082296007	2.41443203256703e-05
A1016C	missense	26	11	14	11	7	2	3	9	2	15	3	2	2	6	4	3	10	8.478834317296822e-05	3.531520290055533e-05	5.7899409426023855e-05	3.9717870724950433e-05	2.0704844674843356e-05	4.8796356538711774e-05	5.167424555601488e-05	3.063246857874535e-05	1.2259709690074539e-05	5.2689121013738686e-05	1.718139255186633e-05	3.824676814809149e-05	3.9692515314695496e-05	2.6283182517928884e-05	1.791389150630748e-05	1.741712713196522e-05	2.0730544384095528e-05	0.5745462672581648	3.8409331931593246e-05	0.16925038642435214	0.6250844508518152	2.8190672958606225e-05	0.7664738521038205	0.5989590567326374	2.0586186385074278e-05	0.5962116366337211	0.024886748754221824	0.8581514500568059	0.01611387786421517	0.8190163499252244	0.5106452917206312	0.8385838999910151	2.9062063758424583e-05
A1016Y	missense	10	0	0	1	0	0	0	2	0	4	2	0	0	1	1	1	5	3.4543399070468536e-05	2.942933575046278e-06	3.85996062840159e-06	6.619645120825072e-06	2.5881055843554194e-06	1.6265452179570593e-05	1.291856138900372e-05	9.189740573623606e-06	4.086569896691513e-06	1.646535031679334e-05	1.2886044413899746e-05	1.2748922716030496e-05	1.323083843823183e-05	7.509480719408253e-06	7.165556602522992e-06	8.70856356598261e-06	1.1307569664052106e-05	0.6382349487639731	4.00266122715709e-06	0.780200774420354	0.6938158435642672	1.0656926300252052e-05	1.3022740093300995	0.6716158736918797	8.67279263799149e-06	1.191323560157268	-0.10005198785407819	0.5738651522146992	0.01611387786421517	0.8190163499252244	1.091266114635907	0.6964407510699618	7.777460055133544e-06
A1016I	missense	12	0	0	4	0	0	0	0	0	0	1	0	0	2	0	0	2	4.082401708328099e-05	2.942933575046278e-06	3.85996062840159e-06	1.654911280206268e-05	2.5881055843554194e-06	1.6265452179570593e-05	1.291856138900372e-05	3.0632468578745355e-06	4.086569896691513e-06	3.293070063358668e-06	8.590696275933164e-06	1.2748922716030496e-05	1.323083843823183e-05	1.126422107911238e-05	3.582778301261496e-06	4.354281782991305e-06	5.653784832026053e-06	0.6810168549833604	6.485028147466492e-06	1.1905974349566457	0.7286907261692761	4.7583957734644695e-06	1.5741434833154055	0.5442327367864006	6.213766498847809e-06	0.1479634626345823	-0.10005198785407819	0.5738651522146992	0.01611387786421517	0.8190163499252244	0.9709014603022111	0.6964407510699618	5.81906347325959e-06
E1017T	missense	74	23	20	72	88	7	23	37	14	74	62	6	57	24	29	44	108	0.00023552317548046728	7.063040580111066e-05	8.10591731964334e-05	0.00024161704691011516	0.00023034139700763232	0.00013012361743656474	0.0003100454733360893	0.00011640338059923235	6.129854845037269e-05	0.00024698025475190013	0.0002706069326918947	8.924245901221346e-05	0.0007673886294174461	9.386850899260315e-05	0.00010748334903784489	0.00019594268023460871	0.00020542084889694657	0.753215520579814	0.00015591200572882287	1.8831820781938302	0.7415508612174696	0.00017382227912334997	1.6743955240328188	0.7127521048745153	0.00015067884679050082	1.5282590699985585	0.37706926686558434	1.659509515269854	0.9344438314128957	2.3257372925950395	1.6952788907417358	1.9926234039324466	0.00016013771054755786
E1017V	missense	79	86	59	44	137	11	17	82	67	150	104	5	27	57	79	87	198	0.00025122472051249844	0.00025603522102902613	0.00023159763770409542	0.00014894201521856415	0.00035715857064104787	0.0001951854261548471	0.00023253410500206697	0.00025424948920358645	0.0002778867529750229	0.0004972535795671588	0.00045101155448649114	7.649353629618297e-05	0.0003704634762704913	0.00021777494086283933	0.0002866222641009197	0.0003831767969032348	0.00037503439385772817	0.6527632834478302	0.0002484333611481834	0.9195676368231932	0.6933643162117866	0.0003701003440580648	1.298754097730706	0.6812657524802816	0.0003156520989311805	1.2703630524977656	0.07603927120160313	0.9745441848212235	0.6851206588227907	1.916668151179434	1.1628949290172217	1.4456061680003287	0.00031139526804580957
E1017R	missense	273	166	133	241	157	51	37	235	207	232	138	109	15	242	304	212	505	0.0008604446677553071	0.0004914699070327284	0.0005172347242058131	0.0008009770596198337	0.0004089206823281563	0.0008458035133376708	0.0004909053327821414	0.0007229262584583904	0.0008500065385118347	0.0007672853247625696	0.0005970533911773549	0.0014023814987633545	0.0002116934150117093	0.0009124019074081027	0.0010927473818847563	0.0009274620197771479	0.0009536050416683942	0.6270336373552408	0.0005546505932966329	0.6727492557293135	0.6054095478759348	0.0007343178782275374	0.6130968333666657	0.6236594943652966	0.0009715540876846003	0.7985261002537153	-0.2362717348720671	0.2639099803920336	-0.8211588246380851	-0.5547124615014798	0.6947907297832315	-0.1454012405547231	0.0007535075197362568
E1017D	missense	24	2	1	6	3	1	9	0	0	10	18	0	3	1	2	16	19	7.850772516015576e-05	8.828800725138832e-06	7.71992125680318e-06	2.3168757922887753e-05	1.0352422337421678e-05	3.2530904359141185e-05	0.0001291856138900372	3.0632468578745355e-06	4.086569896691513e-06	3.622377069694535e-05	8.161161462136506e-05	1.2748922716030496e-05	5.292335375292732e-05	7.509480719408253e-06	1.0748334903784488e-05	7.402279031085218e-05	3.7691898880173686e-05	0.6749793803422873	1.2517475560562862e-05	1.1326813753481073	0.8928140088282078	3.1246300518219114e-05	2.8535774825804485	0.7729367791184328	3.249312620355465e-05	2.0212151167247394	0.5989180164819407	2.1643053970071806	0.6181738691921775	1.806827315005937	2.002491324884432	1.9855663560065588	2.5418967427445542e-05
E1017E	silent	86	148	90	106	65	23	31	89	65	83	68	15	11	72	87	50	116	0.00027320688355734205	0.00043849710268189536	0.0003512564171845447	0.0003541510139641414	0.0001708149685674577	0.0003903708523096942	0.00041339396444811904	0.0002756922172087082	0.00026971361318163983	0.0002766178853221281	0.00029637902151969416	0.00020398276345648793	0.00015877006125878198	0.00027409604625840123	0.0003152844905110117	0.00022206837093255652	0.00022049760844901605	0.5489237148965763	0.0003286798755995098	-0.07654066995562234	0.6327079439697322	0.0002796006843080426	0.8259033012971781	0.5942315167221509	0.00025798662903774635	0.5574896619186251	0.024886748754221824	0.8581514500568059	-0.10882485874408475	0.6140270535715644	0.43561743108672696	0.7360892518141852	0.0002887557296484329
E1017G	missense	205	157	117	116	112	29	19	172	137	113	64	19	8	152	200	107	317	0.0006469036553196835	0.00046498350485731186	0.00045547535415138763	0.00038724923956826675	0.0002924559310321624	0.00048796356538711777	0.0002583712277800744	0.0005299417064122947	0.0005639466457434288	0.0003754099872228882	0.0002791976289678278	0.0002549784543206099	0.00011907754594408647	0.0005744752750347314	0.0007201384385535607	0.0004702624325630609	0.0005993011921947616	0.5792383760962255	0.0004000410074022822	0.21426067157009226	0.5577444194978878	0.0004371239920866099	0.24152014517100348	0.6157262532898066	0.0005910443345865286	0.7335471133699484	-0.2761432469097594	0.17318611960817545	-0.33067360836044113	0.2500357061692639	0.39644264337034807	0.2116109128887197	0.0004760697780251402
E1017L	missense	72	0	4	19	140	0	19	14	24	50	35	8	5	25	19	47	109	0.00022924255746765483	2.942933575046278e-06	1.9299803142007953e-05	6.619645120825072e-05	0.00036492288739411414	1.6265452179570593e-05	0.0002583712277800744	4.594870286811803e-05	0.00010216424741728782	0.00016794657323129206	0.00015463253296679695	0.00011474030444427445	7.938503062939099e-05	9.762324935230729e-05	7.165556602522992e-05	0.0002090055255835826	0.00020730544384095528	0.9373432051317093	0.00011334051882985478	3.64947520372394	0.7290579001474452	0.00011767301412087371	1.5770058125578152	0.7245570096868099	0.00014639744620051877	1.624949785390039	1.200978007809903	3.534236057904441	-0.159977381191466	0.5301001637385284	2.2838102672239313	2.032168110821485	0.00012580365971708244
E1017S	missense	95	146	162	127	38	18	9	94	98	49	32	22	5	74	94	46	99	0.00030146966461499814	0.00043261123553180284	0.0006291735824294592	0.0004236572877328046	0.00010093611778986136	0.00030904359141184127	0.0001291856138900372	0.0002910084514980809	0.0004045704197724598	0.0001646535031679334	0.00014174648855289722	0.0002932252224687014	7.938503062939099e-05	0.00028160552697780946	0.00034036393861984216	0.00020465124380059132	0.00018845949440086842	0.5304023159365246	0.000396594555870982	-0.25421204912902134	0.5392069220668282	0.0002504947157478428	0.0970098472392109	0.573877094761047	0.0002537700509497778	0.39077221251153776	-0.3788055888069071	-0.060412345511903644	-0.5674627077697341	-0.13846854951490378	0.07785667020724245	-0.09944044751340371	0.00030028644085620086
E1017W	missense	58	65	48	58	46	13	8	75	66	64	36	10	4	57	64	37	65	0.0001852782313779676	0.00019423361595305433	0.00018913807079167793	0.00019527953106433964	0.0001216409624647047	0.0002277163305139883	0.00011626705250103349	0.0002328067611984647	0.00027380018307833135	0.00021404955411831342	0.00015892788110476354	0.00014023814987633546	6.615419219115915e-05	0.00021777494086283933	0.00023288058958199724	0.00016546270775366956	0.00012438326630457317	0.5872235357337474	0.00017507304506844416	0.2908604105411227	0.5850113309479875	0.00021989609487496826	0.4540811724611091	0.5663247469131778	0.00018512537612576984	0.32891301687149777	-0.29193751409299135	0.13724775600260172	-0.32630880295799114	0.25719712313615706	0.35795153329124324	0.1972224395693794	0.0001933648386897274
E1017A	missense	166	142	100	136	308	39	38	158	150	187	145	30	56	110	172	125	396	0.0005244316040698405	0.0004208395012316177	0.00038985602346856065	0.0004534456907765175	0.0007997246255658245	0.0006506180871828237	0.0005038238941711451	0.0004870562504020511	0.0006170720544004185	0.0006190971719114296	0.000627120828143121	0.00039521660419694534	0.0007541577909792144	0.000416776179927158	0.0006198206461182389	0.0005486395046569043	0.0007481841927714476	0.6976939838119698	0.00051596646026063	1.350577168994145	0.647455140433013	0.0005875865762142551	0.9408660551690515	0.6744468789372675	0.0005833551308684372	1.214511542339767	-0.1110473721555413	0.5488461934732316	0.2806270397024339	1.2530079876948046	1.1686515888343212	0.9009270905840181	0.0005623027224477741
E1017C	missense	28	64	38	48	23	10	4	27	45	28	19	8	2	40	52	33	58	9.106896118578068e-05	0.00019129068237800804	0.00015053846450766202	0.0001621813054602143	6.211453402453006e-05	0.0001789199739752765	6.45928069450186e-05	8.577091202048699e-05	0.0001879822152478096	9.549903183740137e-05	8.590696275933165e-05	0.00011474030444427445	3.9692515314695496e-05	0.0001539443547478692	0.0001898872499668593	0.00014804558062170436	0.00011119110169651236	0.5420047221997325	0.0001415312465926036	-0.14291292280706067	0.599713504912141	0.0001137897804662574	0.568692950437411	0.5897425025994748	0.00015076707175823632	0.5207213868816285	-0.4424746686762843	-0.20528532481715614	-0.4610073768554472	0.036194681198172096	0.3155004715039929	-0.08454532180949202	0.0001353626996056991
E1017P	missense	118	116	88	114	58	8	7	137	85	65	17	5	9	89	85	87	120	0.0003736967717623414	0.0003443232282804145	0.00034353649592774155	0.0003806295944474417	0.00015269822947696976	0.00014638906961613534	0.00010334849111202976	0.0004227280663866859	0.0003514450111154701	0.0002173426241816721	7.731626648339847e-05	7.649353629618297e-05	0.0001323083843823183	0.0003379266323733714	0.0003081189339084887	0.0003831767969032348	0.0002280359882250508	0.5699529784846513	0.00030529688703314186	0.1251880586762133	0.48812888490666007	0.00026720799204180666	-0.30117239905578735	0.5996855857862626	0.0003143145878525364	0.6021624354808713	-0.15120451030145948	0.45747241745028183	0.23796262748057148	1.183007697327525	0.14205936503376576	0.8202400573889034	0.0002956064889758283
E1017Q	missense	52	34	30	29	39	8	3	48	44	37	13	3	3	32	33	33	59	0.0001664363773395302	0.00010300267512661972	0.0001196587794804493	9.929467681237608e-05	0.00010352422337421678	0.00014638906961613534	5.167424555601488e-05	0.00015009909603585223	0.00018389564535111809	0.00012513666240762937	6.013487393153215e-05	5.099569086412198e-05	5.292335375292732e-05	0.00012390643187023618	0.00012181446224289088	0.00014804558062170436	0.00011307569664052105	0.6194769900321253	0.00010637008869841547	0.6002601335673907	0.545885568889719	0.00012981656943153295	0.1490736841053503	0.6234558587308002	0.00012671054284383812	0.7968581770055633	-0.4522345059654407	-0.22749291299834862	0.01611387786421517	0.8190163499252244	0.5153973315594348	0.2957617184634379	0.00012096573365792885
E1017F	missense	5	0	1	3	0	0	0	2	4	2	2	0	0	0	3	3	3	1.8841854038437384e-05	2.942933575046278e-06	7.71992125680318e-06	1.3239290241650144e-05	2.5881055843554194e-06	1.6265452179570593e-05	1.291856138900372e-05	9.189740573623606e-06	2.0432849483457566e-05	9.879210190076004e-06	1.2886044413899746e-05	1.2748922716030496e-05	1.323083843823183e-05	3.7547403597041264e-06	1.4331113205045985e-05	1.741712713196522e-05	7.538379776034737e-06	0.6460213422964224	6.622562664463756e-06	0.8548937973761768	0.6262771861271208	1.309696116526423e-05	0.7757718995144369	0.6669274972298194	1.0760340118187517e-05	1.1529223632523116	-0.10005198785407819	0.5738651522146992	0.01611387786421517	0.8190163499252244	0.9278626867143084	0.6964407510699618	1.0159954649305168e-05
E1017K	missense	26	27	26	18	10	4	5	15	7	13	22	1	2	16	7	9	13	8.478834317296822e-05	8.240214010129577e-05	0.00010421893696684294	6.288662864783819e-05	2.8469161427909612e-05	8.132726089785297e-05	7.751136833402232e-05	4.901194972599257e-05	3.26925591735321e-05	4.610298088702135e-05	9.879300717323138e-05	2.549784543206099e-05	3.9692515314695496e-05	6.383058611497015e-05	2.866222641009197e-05	4.354281782991304e-05	2.6384329216121578e-05	0.533656407983574	6.949421678597163e-05	-0.2229963173582478	0.7147800293020183	5.665012423994435e-05	1.465701717850445	0.5499952256991051	4.060498989277418e-05	0.19516241800646977	-0.020870741806453322	0.7540346009260032	0.19220513691989644	1.1079325361119206	0.47928927283288897	0.9309835685189618	5.558311030623005e-05
E1017H	missense	25	41	20	38	16	6	1	54	30	38	16	15	3	52	53	44	27	8.164803416656198e-05	0.00012360321015194366	8.10591731964334e-05	0.00012908307985608892	4.399779493404213e-05	0.00011385816525699414	2.583712277800744e-05	0.00016847857718309945	0.0001266836667974369	0.00012842973247098805	7.30209183454319e-05	0.00020398276345648793	5.292335375292732e-05	0.0001990012390643187	0.00019347002826812078	0.00019594268023460871	5.2768658432243156e-05	0.5618644129036676	9.443581453462703e-05	0.047596371060849185	0.5533579539965874	0.0001241532236992391	0.20732516071758056	0.5399569315651749	0.0001602956514998228	0.11294152283169936	-0.6441200322043538	-0.664110309210446	-0.5859461134637473	-0.16879461515548824	0.12262101820337638	-0.4164524621829671	0.0001262948965778963
E1017_	nonsense	40	13	8	33	17	0	8	7	14	23	19	2	2	15	16	26	22	0.00012875266926265546	4.120107005064789e-05	3.4739645655614314e-05	0.00011253396705402623	4.658590051839755e-05	1.6265452179570593e-05	0.00011626705250103349	2.4505974862996284e-05	6.129854845037269e-05	7.903368152060803e-05	8.590696275933165e-05	3.824676814809149e-05	3.9692515314695496e-05	6.007584575526602e-05	6.090723112144544e-05	0.00011756560814076522	4.3345683712199736e-05	0.6749598930471661	5.876514581967149e-05	1.1324944383565756	0.7256689873116374	6.268629189832717e-05	1.5505873164588266	0.6278680472224701	7.047359218241911e-05	0.8329971945143964	0.8541905215852468	2.7451538783250085	0.01611387786421517	0.8190163499252244	1.1720263164432663	1.7820851141251164	6.397500996680593e-05
E1017Y	missense	14	4	6	1	8	0	1	9	0	13	6	0	7	6	10	2	17	4.7104635096093454e-05	1.4714667875231389e-05	2.7019724398811132e-05	6.619645120825072e-06	2.3292950259198775e-05	1.6265452179570593e-05	2.583712277800744e-05	3.063246857874535e-05	4.086569896691513e-06	4.610298088702135e-05	3.0067436965766077e-05	1.2748922716030496e-05	0.00010584670750585465	2.6283182517928884e-05	3.941056131387646e-05	1.3062845348973913e-05	3.392270899215632e-05	0.6343073834096035	1.791174691351659e-05	0.7425245732430228	0.6704521528539693	2.7722364082056072e-05	1.1201407997160329	0.6211959110969997	2.8169824543233893e-05	0.7783475700219408	0.200978007809903	1.2588304826633299	0.9192038648561588	2.3007327975462935	0.8803376476603321	1.7797816401048117	2.460131184626885e-05
E1017I	missense	17	43	16	6	7	1	0	6	4	7	4	0	0	4	9	6	15	5.652556211531215e-05	0.0001294890773020362	6.561933068282704e-05	2.3168757922887753e-05	2.0704844674843356e-05	3.2530904359141185e-05	1.291856138900372e-05	2.1442728005121748e-05	2.0432849483457566e-05	2.6344560506869343e-05	2.1476740689832912e-05	1.2748922716030496e-05	1.323083843823183e-05	1.877370179852063e-05	3.582778301261496e-05	3.047997248093913e-05	3.0153519104138947e-05	0.43209674038725593	5.974550264564859e-05	-1.1972340760258826	0.6333806554443294	2.242421967132039e-05	0.8311474684765786	0.6562314480004149	2.8808744099053416e-05	1.065313977729668	-0.4010819835180594	-0.11110017823393115	0.01611387786421517	0.8190163499252244	0.23307579006012136	0.35395808584564664	3.699282213867413e-05
E1017N	missense	4	0	0	1	6	0	1	0	0	0	2	0	1	0	2	3	2	1.5701545032031152e-05	2.942933575046278e-06	3.85996062840159e-06	6.619645120825072e-06	1.8116739090487936e-05	1.6265452179570593e-05	2.583712277800744e-05	3.0632468578745355e-06	4.086569896691513e-06	3.293070063358668e-06	1.2886044413899746e-05	1.2748922716030496e-05	2.646167687646366e-05	3.7547403597041264e-06	1.0748334903784488e-05	1.741712713196522e-05	5.653784832026053e-06	0.8163530661823581	7.884819603690219e-06	2.4888455504305997	0.7786444841267823	5.8322328079561155e-06	1.9635613360810502	0.6661385860192349	9.393496806869972e-06	1.1464606093843495	0.200978007809903	1.2588304826633299	0.31714387352819634	1.3129218324655807	1.8662891652986664	1.2858761575644553	7.703516406172102e-06
E1017M	missense	15	4	5	6	5	0	1	6	6	8	12	0	0	1	1	9	10	5.0244944102499685e-05	1.4714667875231389e-05	2.315976377040954e-05	2.3168757922887753e-05	1.5528633506132516e-05	1.6265452179570593e-05	2.583712277800744e-05	2.1442728005121748e-05	2.860598927684059e-05	2.9637630570228012e-05	5.5839525793565566e-05	1.2748922716030496e-05	1.323083843823183e-05	7.509480719408253e-06	7.165556602522992e-06	4.354281782991304e-05	2.0730544384095528e-05	0.6290009675667377	1.9142955768665296e-05	0.6916213869716712	0.7211274329534482	3.388146841143897e-05	1.5151833264749508	0.7453958102197433	1.9737099883984954e-05	1.795634645917775	0.200978007809903	1.2588304826633299	0.01611387786421517	0.8190163499252244	1.3341464531214655	1.038923416294277	2.4253841354696406e-05
I1018R	missense	37	9	16	23	90	5	4	45	30	30	28	5	2	52	40	54	210	0.00011933174224343676	2.9429335750462777e-05	6.561933068282704e-05	7.943574144990087e-05	0.00023551760817634316	9.759271307742355e-05	6.45928069450186e-05	0.00014090935546222862	0.0001266836667974369	0.00010208517196411871	0.0001245650960010309	7.649353629618297e-05	3.9692515314695496e-05	0.0001990012390643187	0.00014689391035172135	0.00023948549806452176	0.00039764953318583237	0.8177067438959053	0.00010250050401488346	2.5018310590760837	0.6063777762204373	0.00012356082255620378	0.620644722020483	0.7125528141987695	0.00024575754516659854	1.5266267351076706	-0.17923323390170298	0.39369570350339567	-0.284916117799766	0.32511086738486816	1.549700838734746	0.3594032854441319	0.00015727295724589526
I1018G	missense	26	16	20	16	15	2	1	22	28	28	5	0	0	56	41	16	66	8.478834317296822e-05	5.002987077578672e-05	8.10591731964334e-05	5.6266983527013114e-05	4.140968934968671e-05	4.8796356538711774e-05	2.583712277800744e-05	7.045467773111431e-05	0.00011851052700405388	9.549903183740137e-05	2.5772088827799493e-05	1.2748922716030496e-05	1.323083843823183e-05	0.00021402020050313521	0.00015047668865298284	7.402279031085218e-05	0.00012626786124858184	0.597322812042477	5.719142921222999e-05	0.38774036838315196	0.5617178949491539	7.755908135009227e-05	0.2724956381372249	0.5498144453409425	0.00014119688517888801	0.19368169601527968	-0.2761432469097594	0.17318611960817545	0.01611387786421517	0.8190163499252244	0.2846392341785522	0.49610123476669993	9.198246524707009e-05
I1018P	missense	45	44	27	21	14	6	6	43	35	41	42	6	0	37	42	51	87	0.0001444542142946866	0.0001324320108770825	0.00010807889759524453	7.28160963290758e-05	3.882158376533129e-05	0.00011385816525699414	9.042992972302605e-05	0.00013478286174647955	0.00014711651628089448	0.00013830894266106405	0.00018469996993256303	8.924245901221346e-05	1.323083843823183e-05	0.00014268013366875682	0.00015405946695424435	0.00022642265271554784	0.00016584435507276422	0.51279804432557	8.803714714168353e-05	-0.4230856435701136	0.6541250246367359	0.00015122707265525029	0.99286158245288	0.6507355750005815	0.0001722516521028283	1.0202987996740884	-0.10005198785407812	0.5738651522146996	-0.8289841621500417	-0.5675516375156809	0.5300249128522849	0.0031567573495093204	0.0001371719572999207
I1018A	missense	3	12	7	10	0	8	2	21	11	14	1	22	0	5	7	1	4	1.2561236025624921e-05	3.825813647560161e-05	3.087968502721272e-05	3.64080481645379e-05	2.5881055843554194e-06	0.00014638906961613534	3.875568416701116e-05	6.739143087323978e-05	4.9038838760298155e-05	4.939605095038002e-05	8.590696275933164e-06	0.0002932252224687014	1.323083843823183e-05	2.252844215822476e-05	2.866222641009197e-05	8.70856356598261e-06	9.422974720043421e-06	0.5076898191569873	2.7033493812926914e-05	-0.4720876337970883	0.4988332741471442	4.3604254214962785e-05	-0.21772561860049186	0.5181257604017327	1.733055171358569e-05	-0.0658715714872528	-0.5771732425737406	-0.511779210840455	-1.3456139581533777	-1.4151957007823126	-0.25189494129494433	-0.9634874558113837	2.9322766580491798e-05
I1018H	missense	32	21	23	25	8	2	0	20	24	13	5	8	0	22	19	16	19	0.00010363019721140561	6.47445386510181e-05	9.263905508163816e-05	8.605538657072594e-05	2.3292950259198775e-05	4.8796356538711774e-05	1.291856138900372e-05	6.432818401536524e-05	0.00010216424741728782	4.610298088702135e-05	2.5772088827799493e-05	0.00011474030444427445	1.323083843823183e-05	8.63590282731949e-05	7.165556602522992e-05	7.402279031085218e-05	3.7691898880173686e-05	0.5636376270127279	6.668298264064524e-05	0.06460639265835337	0.5349449635194199	5.959187528686848e-05	0.06378546505119306	0.5584359612185662	6.743232087236267e-05	0.2642981517361464	-0.5771732425737406	-0.511779210840455	-0.9381286315751097	-0.7466269875288806	0.13089666981523093	-0.6292030991846678	6.45690595999588e-05
I1018S	missense	57	80	50	58	25	9	8	91	94	61	34	9	3	69	98	42	81	0.00018213792237156137	0.00023837761957874848	0.0001968579920484811	0.00019527953106433964	6.729074519324091e-05	0.00016265452179570593	0.00011626705250103349	0.00028181871092445725	0.00038822414018569373	0.00020417034392823742	0.0001503371848288304	0.00012748922716030494	5.292335375292732e-05	0.0002628318251792889	0.0003546950518248881	0.00018723411666862608	0.0001545367854087121	0.5327753761684991	0.00017445147197120255	-0.2314478462096931	0.5544204577549288	0.0002561375949668047	0.21560797964945544	0.560845513092479	0.00023982444477037876	0.2840341257372976	-0.14580947841475328	0.4697483030838967	-0.38182613080782246	0.1661088163362278	0.0893980863923533	0.31792855971006223	0.000223471170569462
I1018N	missense	3	0	2	3	6	0	0	1	1	3	4	0	0	0	3	0	6	1.2561236025624921e-05	2.942933575046278e-06	1.157988188520477e-05	1.3239290241650144e-05	1.8116739090487936e-05	1.6265452179570593e-05	1.291856138900372e-05	6.126493715749071e-06	8.173139793383025e-06	1.3172280253434671e-05	2.1476740689832912e-05	1.2748922716030496e-05	1.323083843823183e-05	3.7547403597041264e-06	1.4331113205045985e-05	4.354281782991305e-06	1.3192164608060789e-05	0.7535473324259606	1.1469711198097282e-05	1.8863650703888635	0.755365895532294	1.223716361309992e-05	1.7820915456882676	0.6893217016083663	8.908074988950552e-06	1.3363471071544901	-0.10005198785407819	0.5738651522146992	0.01611387786421517	0.8190163499252244	1.6682679077438738	0.6964407510699618	1.0871649933382584e-05
I1018M	missense	13	0	5	7	12	0	0	1	1	2	6	0	0	6	0	4	12	4.396432608968722e-05	2.942933575046278e-06	2.315976377040954e-05	2.647858048330029e-05	3.3645372596620455e-05	1.6265452179570593e-05	1.291856138900372e-05	6.126493715749071e-06	8.173139793383025e-06	9.879210190076004e-06	3.0067436965766077e-05	1.2748922716030496e-05	1.323083843823183e-05	2.6283182517928884e-05	3.582778301261496e-06	2.177140891495652e-05	2.4499734272112893e-05	0.7633361949392291	2.1556662606344143e-05	1.9802673024514865	0.7944330450986574	1.3561570166243543e-05	2.0866421164531137	0.6460775778180234	1.9034276001564947e-05	0.9821464310582927	-0.10005198785407819	0.5738651522146992	0.01611387786421517	0.8190163499252244	1.6830186166542977	0.6964407510699618	1.805083625805088e-05
I1018V	missense	17	0	0	1	4	0	0	8	15	4	6	0	0	0	2	1	5	5.652556211531215e-05	2.942933575046278e-06	3.85996062840159e-06	6.619645120825072e-06	1.2940527921777098e-05	1.6265452179570593e-05	1.291856138900372e-05	2.756922172087082e-05	6.53851183470642e-05	1.646535031679334e-05	3.0067436965766077e-05	1.2748922716030496e-05	1.323083843823183e-05	3.7547403597041264e-06	1.0748334903784488e-05	8.70856356598261e-06	1.1307569664052106e-05	0.7802952243138704	6.59076681151251e-06	2.14295124144193	0.5878772892143886	3.487178183762361e-05	0.4764229413259713	0.6996639243593559	8.629802123380832e-06	1.4210573977016663	-0.10005198785407819	0.5738651522146992	0.01611387786421517	0.8190163499252244	1.3468105268231891	0.6964407510699618	1.6697450257505653e-05
I1018Q	missense	26	6	9	8	46	1	7	10	26	27	20	2	2	17	13	24	98	8.478834317296822e-05	2.0600535025323943e-05	3.8599606284015906e-05	2.9788403043712825e-05	0.0001216409624647047	3.2530904359141185e-05	0.00010334849111202976	3.369571543661989e-05	0.00011033738721067085	9.22059617740427e-05	9.020231089729822e-05	3.824676814809149e-05	3.9692515314695496e-05	6.758532647467428e-05	5.0158896217660946e-05	0.00010885704457478262	0.00018657489945685975	0.7996609980745034	5.2657376704439344e-05	2.3287225074371682	0.6829691992159543	8.161034382965791e-05	1.2177182696913382	0.7507535225831904	0.0001032940416809944	1.8395181883537925	0.5020080034738842	1.9437958131119601	0.01611387786421517	0.8190163499252244	1.7953196551607664	1.3814060815185922	7.918725407169722e-05
I1018L	missense	50	3	0	10	34	3	5	20	7	25	23	0	0	21	48	22	79	0.00016015575932671776	1.1771734300185111e-05	3.85996062840159e-06	3.64080481645379e-05	9.058369545243968e-05	6.506180871828237e-05	7.751136833402232e-05	6.432818401536524e-05	3.26925591735321e-05	8.561982164732537e-05	0.00010308835531119797	1.2748922716030496e-05	1.323083843823183e-05	8.260428791349079e-05	0.00017555613676181332	0.0001001484810088	0.00015076759552069474	0.8607466396616913	3.5655859636391066e-05	2.914702552027565	0.6990246105793165	7.143223003685517e-05	1.3428793000928587	0.6566952036587596	0.0001272691253011997	1.0691124722609828	0.07603927120160313	0.9745441848212235	0.01611387786421517	0.8190163499252244	1.7755647747938024	0.8967802673732239	7.811907165814864e-05
I1018T	missense	23	5	1	0	8	0	3	11	11	11	24	0	0	15	11	9	50	7.536741615374953e-05	1.7657601450277664e-05	7.71992125680318e-06	3.309822560412536e-06	2.3292950259198775e-05	1.6265452179570593e-05	5.167424555601488e-05	3.6758962294494424e-05	4.9038838760298155e-05	3.9516840760304014e-05	0.00010738370344916456	1.2748922716030496e-05	1.323083843823183e-05	6.007584575526602e-05	4.299333961513795e-05	4.354281782991304e-05	9.61143421444429e-05	0.655049722697219	1.2995073881673039e-05	0.9415009052394337	0.7336987883574212	5.817458631606528e-05	1.6131841662102393	0.6809606370849247	6.068158633618998e-05	1.2678639365520536	0.5020080034738842	1.9437958131119601	0.01611387786421517	0.8190163499252244	1.2741830026672423	1.3814060815185922	4.395041551130943e-05
I1018I	silent	7	1	1	0	3	0	0	8	3	3	2	0	0	3	1	3	7	2.5122472051249842e-05	5.885867150092556e-06	7.71992125680318e-06	3.309822560412536e-06	1.0352422337421678e-05	1.6265452179570593e-05	1.291856138900372e-05	2.756922172087082e-05	1.634627958676605e-05	1.3172280253434671e-05	1.2886044413899746e-05	1.2748922716030496e-05	1.323083843823183e-05	1.5018961438816506e-05	7.165556602522992e-06	1.741712713196522e-05	1.5076759552069474e-05	0.6662092740844889	6.817008326182487e-06	1.0485518299675918	0.5406407224482483	1.749345649374282e-05	0.1081871337669265	0.6488324547907927	1.3669601181343548e-05	1.004710867582605	-0.10005198785407819	0.5738651522146992	0.01611387786421517	0.8190163499252244	0.7204832771057078	0.6964407510699618	1.2660022000422953e-05
I1018K	missense	9	0	0	0	8	0	3	0	2	1	1	1	2	0	1	0	1	3.1403090064062305e-05	2.942933575046278e-06	3.85996062840159e-06	3.309822560412536e-06	2.3292950259198775e-05	1.6265452179570593e-05	5.167424555601488e-05	3.0632468578745355e-06	1.2259709690074539e-05	6.586140126717336e-06	8.590696275933164e-06	2.549784543206099e-05	3.9692515314695496e-05	3.7547403597041264e-06	7.165556602522992e-06	4.354281782991305e-06	3.7691898880173684e-06	0.85138341550966	8.351416755764795e-06	2.824883367624205	0.6697084128918827	7.624948237649894e-06	1.1143429252238244	0.6068318114451273	4.760942158308949e-06	0.6606951964214718	0.5020080034738842	1.9437958131119601	0.19220513691989644	1.1079325361119206	1.5333071630898338	1.5258641746119403	6.912435717241212e-06
I1018Y	missense	1	1	0	3	40	0	0	0	0	2	6	0	0	0	2	5	23	6.280618012812461e-06	5.885867150092556e-06	3.85996062840159e-06	1.3239290241650144e-05	0.00010611232895857219	1.6265452179570593e-05	1.291856138900372e-05	3.0632468578745355e-06	4.086569896691513e-06	9.879210190076004e-06	3.0067436965766077e-05	1.2748922716030496e-05	1.323083843823183e-05	3.7547403597041264e-06	1.0748334903784488e-05	2.6125690697947826e-05	4.5230278656208424e-05	0.9252177059800851	3.227436174467912e-05	3.533158171620608	0.8553920597472805	1.1774115977602032e-05	2.56185218195749	0.8285370462515971	2.1464761154411218e-05	2.4766215507913696	-0.10005198785407819	0.5738651522146992	0.01611387786421517	0.8190163499252244	2.8572106347898227	0.6964407510699618	2.183774629223079e-05
I1018C	missense	14	2	2	3	4	0	0	2	14	19	19	0	1	7	8	17	55	4.7104635096093454e-05	8.828800725138832e-06	1.157988188520477e-05	1.3239290241650144e-05	1.2940527921777098e-05	1.6265452179570593e-05	1.291856138900372e-05	9.189740573623606e-06	6.129854845037269e-05	6.586140126717336e-05	8.590696275933165e-05	1.2748922716030496e-05	2.646167687646366e-05	3.003792287763301e-05	3.2245004711353466e-05	7.837707209384348e-05	0.00010553731686448631	0.6625484017352172	1.164712519344271e-05	1.0134339514166375	0.7570064642342746	5.556416326262533e-05	1.7948807084532243	0.7634206036272199	6.154932913682907e-05	1.9432707511693335	-0.10005198785407819	0.5738651522146992	0.31714387352819634	1.3129218324655807	1.583861803679732	0.9433934923401399	4.292020586429903e-05
I1018_	nonsense	5	4	22	26	2	7	2	5	31	15	0	3	3	12	25	15	0	1.8841854038437384e-05	1.4714667875231389e-05	8.877909445323657e-05	8.936520913113848e-05	7.764316753066258e-06	0.00013012361743656474	3.875568416701116e-05	1.8379481147247212e-05	0.0001307702366941284	5.2689121013738686e-05	4.295348137966582e-06	5.099569086412198e-05	5.292335375292732e-05	4.881162467615364e-05	9.31522358327989e-05	6.966850852786088e-05	1.8845949440086842e-06	0.6123737622454432	5.015582205316818e-05	0.532120557277031	0.5520296229948802	5.153354674827022e-05	0.1969700677756869	0.5288338608799446	5.337924099520553e-05	0.021835522486417663	-0.5260207201263593	-0.3953864760760374	0.01611387786421517	0.8190163499252244	0.25030871584637854	0.21181493692459352	5.1689536598881315e-05
I1018W	missense	9	0	1	1	3	0	2	2	6	5	2	0	0	12	9	5	55	3.1403090064062305e-05	2.942933575046278e-06	7.71992125680318e-06	6.619645120825072e-06	1.0352422337421678e-05	1.6265452179570593e-05	3.875568416701116e-05	9.189740573623606e-06	2.860598927684059e-05	1.9758420380152007e-05	1.2886044413899746e-05	1.2748922716030496e-05	1.323083843823183e-05	4.881162467615364e-05	3.582778301261496e-05	2.6125690697947826e-05	0.00010553731686448631	0.720568344327858	6.9087305725240525e-06	1.5700054740230034	0.6289773857728727	1.761004866112899e-05	0.7968214859936307	0.7177376285095819	5.407560381280069e-05	1.5690941173403778	0.37706926686558434	1.659509515269854	0.01611387786421517	0.8190163499252244	1.3119736924523373	1.2392629325975393	2.619812768215124e-05
I1018E	missense	7	0	0	2	0	1	4	1	1	3	0	0	9	0	1	8	1	2.5122472051249842e-05	2.942933575046278e-06	3.85996062840159e-06	9.929467681237608e-06	2.5881055843554194e-06	3.2530904359141185e-05	6.45928069450186e-05	6.126493715749071e-06	8.173139793383025e-06	1.3172280253434671e-05	4.295348137966582e-06	1.2748922716030496e-05	0.0001323083843823183	3.7547403597041264e-06	7.165556602522992e-06	3.918853604692174e-05	3.7691898880173684e-06	0.6573816121994945	4.830116867260224e-06	0.9638701671317395	0.6230550091362789	7.941815475133337e-06	0.7506532038184711	0.6993956587144575	1.3469505724291557e-05	1.4188601078858973	0.2978880208179594	1.4793400665585499	1.0161138778642151	2.459734848594934	1.044461159612036	1.969537457576742	8.747146022228371e-06
I1018F	missense	3	1	0	0	0	0	0	1	0	0	1	0	0	2	0	1	6	1.2561236025624921e-05	5.885867150092556e-06	3.85996062840159e-06	3.309822560412536e-06	2.5881055843554194e-06	1.6265452179570593e-05	1.291856138900372e-05	6.126493715749071e-06	4.086569896691513e-06	3.293070063358668e-06	8.590696275933164e-06	1.2748922716030496e-05	1.323083843823183e-05	1.126422107911238e-05	3.582778301261496e-06	8.70856356598261e-06	1.3192164608060789e-05	0.5415527861688956	3.9109389808155255e-06	-0.14724823776194815	0.662330625374965	5.5242074879331035e-06	1.0568288904350256	0.6621098316059512	9.186931888604318e-06	1.113462194526206	-0.10005198785407819	0.5738651522146992	0.01611387786421517	0.8190163499252244	0.6743476157330944	0.6964407510699618	6.207359452450982e-06
I1018D	missense	5	0	0	0	1	0	0	2	1	1	0	0	0	1	4	1	3	1.8841854038437384e-05	2.942933575046278e-06	3.85996062840159e-06	3.309822560412536e-06	5.176211168710839e-06	1.6265452179570593e-05	1.291856138900372e-05	9.189740573623606e-06	8.173139793383025e-06	6.586140126717336e-06	4.295348137966582e-06	1.2748922716030496e-05	1.323083843823183e-05	7.509480719408253e-06	1.791389150630748e-05	8.70856356598261e-06	7.538379776034737e-06	0.6752789889857437	3.822231983142811e-06	1.13555544987185	0.5529937127211022	7.061092157922638e-06	0.2044856935545952	0.597646503133557	1.0417578891933269e-05	0.5854608725655039	-0.10005198785407819	0.5738651522146992	0.01611387786421517	0.8190163499252244	0.6418340053306497	0.6964407510699618	7.100301010999572e-06
R1019C	missense	94	67	37	46	90	8	14	127	110	83	41	7	5	93	132	113	241	0.0002983293556085919	0.00020011948310314688	0.00014667850387926044	0.0001555616603393892	0.00023551760817634316	0.00014638906961613534	0.0001937784208350558	0.00039209559780794054	0.0004536092585327579	0.0002766178853221281	0.00018040462179459645	0.00010199138172824396	7.938503062939099e-05	0.00035294559381218786	0.000476509514067779	0.0004963881232610087	0.0004560719764501016	0.644494694209342	0.0001844693138745349	0.840249025038567	0.5470803673096022	0.00032568184086435577	0.15838781489716194	0.6480971818765782	0.00044547880189776924	0.9986884501879867	0.1217967617622782	1.0786610339520262	-0.10882485874408475	0.6140270535715644	0.6657750967079052	0.8463440437617953	0.00031854331887888664
R1019P	missense	84	187	179	118	52	17	25	228	256	138	57	23	3	187	185	87	246	0.0002669262655445296	0.0005532715121087002	0.0006947929131122863	0.0003938688846890918	0.00013716959597083722	0.00029277813923227067	0.00033588259611409674	0.0007014835304532687	0.0010502484634497189	0.00045773673880685487	0.0002491301920020618	0.0003059741451847319	5.292335375292732e-05	0.0007058911876243757	0.0006663967640346383	0.0003831767969032348	0.000465494951170145	0.5161509157427231	0.0004447757264702289	-0.3909223447738652	0.5258799422101281	0.0006146497311779761	-0.006881513327933454	0.5684698952093143	0.0005552399249330984	0.3464833341821667	0.05964885501343372	0.9372493404461406	-0.7620373725194285	-0.45771080134218445	-0.017106841306543996	0.23976926955197808	0.0005382217941937678
R1019I	missense	84	89	60	39	69	16	9	83	90	65	25	27	1	89	74	41	161	0.0002669262655445296	0.000264864021754165	0.000235457598332497	0.00013239290241650144	0.00018116739090487936	0.0002765126870527001	0.0001291856138900372	0.00025731273606146096	0.0003718778605989277	0.0002173426241816721	0.00011167905158713113	0.00035696983604885385	2.646167687646366e-05	0.0003379266323733714	0.0002687083725946122	0.0001828798348856348	0.00030530438092940684	0.5706071908852127	0.0002034704783520107	0.13146376278100522	0.5478463897225927	0.00023955306810729795	0.16435939372193978	0.6040267552220299	0.0002737048051957563	0.6377197555147273	-0.3305009092323521	0.04950039170227432	-1.1300141578140228	-1.0614571200560372	0.3111809706725574	-0.5059783641768815	0.0002389094505516883
R1019H	missense	72	200	173	191	123	21	22	309	313	191	85	54	34	256	203	163	476	0.00022924255746765483	0.0005915296485843018	0.0006716331493418767	0.0006354859315992069	0.000320925092460072	0.000357839947950553	0.0002971269119470856	0.000949606525941106	0.0012831829475611351	0.0006322694521648642	0.00036939993986512607	0.0007011907493816772	0.0004630793453381141	0.0009649682724439605	0.0007308867734573452	0.0007141022124105739	0.0008989517882921423	0.5772452870391105	0.0005548934554963644	0.1951414418425312	0.532575990565632	0.0008086147163830578	0.04531797834661467	0.6168842581317431	0.0008272272616510055	0.7430320112470602	-0.08074683265869141	0.6177922099771773	-0.18018076727975302	0.49695209444770966	0.32783047714540203	0.5573721522124435	0.0007302451445101426
R1019A	missense	97	53	58	70	91	10	17	107	93	127	50	12	8	151	128	167	284	0.00030775028262781056	0.000158918413052499	0.00022773767707569382	0.00023499740178929007	0.0002381057137606986	0.0001789199739752765	0.00023253410500206697	0.0003308306606504498	0.0003841375702890022	0.0004215129681099095	0.0002190627550362957	0.00016573599530839644	0.00011907754594408647	0.0005707205346750273	0.00046217840086273303	0.0007315193395425392	0.000537109559042475	0.6605945050110105	0.00021493980141954537	0.9946906844257929	0.597526866601818	0.00033888598852141433	0.5516468656102103	0.6341519646907929	0.0005753819585306936	0.8844670271927889	0.11382783209100296	1.060528486949302	-0.14358696500329673	0.5569922227793532	0.8102681924095974	0.8087603548643276	0.00037640258282388444
R1019R	silent	159	65	86	91	252	9	29	150	208	203	120	6	6	235	220	222	735	0.0005024494410249969	0.00019423361595305433	0.00033581657467093834	0.00030450367555795335	0.000654790712841921	0.00016265452179570593	0.0003875568416701116	0.0004625502755390549	0.0008540931084085262	0.0006717862929251682	0.0005197371246939565	8.924245901221346e-05	9.261586906762282e-05	0.0008861187248901738	0.0007917940045787907	0.0009710048376070609	0.0013870618787903916	0.738334953724968	0.0003723361447559668	1.7404363362720183	0.6244644361365868	0.0006270417003916766	0.7616404860276836	0.677095170369724	0.0010089948614666043	1.2362029661369889	0.37706926686558423	1.6595095152698536	0.01611387786421517	0.8190163499252244	1.24609326281223	1.239262932597539	0.0006694575688714158
R1019N	missense	72	64	46	40	76	9	11	98	75	88	37	13	13	145	137	103	334	0.00022924255746765483	0.00019129068237800804	0.00018141814953487475	0.000135702724976914	0.0001992841299953673	0.00016265452179570593	0.00015502273666804465	0.000303261438929579	0.000310579312148555	0.00029308323563892143	0.00016322322924273012	0.00017848491802442692	0.00018523173813524564	0.0005481920925168025	0.0004944234055740865	0.0004528453054310957	0.0006313393062429093	0.6211609413995535	0.00017692392172129103	0.6164138788950092	0.5738842867780464	0.00026753680398994636	0.3673395573062904	0.6372169180404492	0.0005317000274412235	0.9095712136925509	-0.020870741806453322	0.7540346009260032	0.01611387786421517	0.8190163499252244	0.6311082166312835	0.7865254754256138	0.000325386917717487
R1019G	missense	19	98	59	18	16	5	0	144	144	64	18	7	0	77	87	52	123	6.280618012812461e-05	0.0002913504239295815	0.00023159763770409542	6.288662864783819e-05	4.399779493404213e-05	9.759271307742355e-05	1.291856138900372e-05	0.0004441707943918077	0.0005925526350202694	0.00021404955411831342	8.161161462136506e-05	0.00010199138172824396	1.323083843823183e-05	0.00029286974805692187	0.0003152844905110117	0.00023077693449853913	0.00023368977305707685	0.4442438232740629	0.00015745812130388932	-1.080709996279664	0.48744769131909005	0.0003330961495379389	-0.30648268911274157	0.5944617793500295	0.0002681552365308874	0.5593756795165238	-0.8782032382377217	-1.1967445412890854	-0.8869761091277284	-0.6627000976958445	-0.2759390019586273	-0.9297223194924649	0.0002529031691242385
R1019F	missense	83	30	34	26	23	3	9	77	62	61	30	4	2	86	90	70	165	0.00026378595653812334	9.12309408264346e-05	0.00013509862199405565	8.936520913113848e-05	6.211453402453006e-05	6.506180871828237e-05	0.0001291856138900372	0.00023893325491421377	0.0002574539034915653	0.00020417034392823742	0.00013315579227696404	6.374461358015247e-05	3.9692515314695496e-05	0.000326662411294259	0.00032603282541479616	0.00030915400659238263	0.0003128427607054416	0.5809689798651264	9.44523264940397e-05	0.23086194229950613	0.5694329438743072	0.00020842832365274513	0.33263881673393425	0.61927922878571	0.00031867300100171987	0.7626485545022402	0.2978880208179594	1.4793400665585499	-0.2057348717521411	0.45502500252292416	0.4420497711785602	0.967182534540737	0.0002071845503828349
R1019V	missense	60	304	196	68	70	44	4	319	231	103	36	82	22	161	137	87	337	0.00019155884939078005	0.0008975947403891146	0.0007604122437951132	0.000228377756668465	0.00018375549648923478	0.0007319453480806766	6.45928069450186e-05	0.0009802389945198513	0.0009480842160324311	0.00034247928658930147	0.00015892788110476354	0.0010581605854305311	0.0003043092840793321	0.0006082679382720684	0.0004944234055740865	0.0003831767969032348	0.0006369930910749352	0.46356454682394216	0.0005175350593354819	-0.8953708862513664	0.46708441926466837	0.0006074325945615868	-0.4652259349254219	0.6235237406308992	0.0005307153079560813	0.7974141789036784	-1.054294497293403	-1.5974235738956093	-0.5412363784942659	-0.09543852592044015	-0.18772754742436995	-0.8464310499080248	0.0005518943206177167
R1019S	missense	214	231	144	87	159	33	16	237	274	122	73	22	8	237	261	157	532	0.0006751664363773396	0.0006827605894107364	0.0005596942911182306	0.0002912643853163032	0.0004140968934968671	0.0005530253741054002	0.00021961554361306325	0.0007290527521741395	0.001123806721590166	0.00040504761779311616	0.0003178557622095271	0.0002932252224687014	0.00011907754594408647	0.0008936282056095821	0.000938687914930512	0.0006879765217126261	0.0010044891051566288	0.5560496406199331	0.00048695403983553434	-0.008183357752221109	0.5302537935103548	0.0006439407134417372	0.027215136279477588	0.6279034175478888	0.0008811954368523373	0.8332869030823806	-0.4010819835180594	-0.11110017823393115	-0.3913714487140528	0.1504476366717924	0.2841062272032124	0.019673729218930625	0.000670696730043203
R1019K	missense	85	33	41	78	193	11	39	53	88	144	83	18	31	92	105	137	410	0.0002700665745509358	0.00010005974155157344	0.0001621183463928668	0.00026147598227259036	0.0005020924833649514	0.0001951854261548471	0.0005167424555601488	0.0001654153303252249	0.00036370472080554466	0.0004774951591870069	0.0003608092435891929	0.00024222953160457942	0.0004233868300234186	0.00034919085345248374	0.0003797744999337186	0.0006008908860528	0.0007745685219875692	0.7840860647741285	0.0002564366383954955	2.179315873198585	0.6889863665021333	0.0003418561134767423	1.264625498699189	0.713934599799458	0.0005261061903566429	1.5379445593826335	0.4228267574262594	1.7636263644006565	0.24251025523129216	1.190469074303196	1.6606286437601359	1.4770477193519262	0.0003747996474096269
R1019T	missense	101	76	82	98	106	2	15	184	151	109	54	5	9	185	194	114	431	0.0003203115186534355	0.00022660588527856338	0.000320376732157332	0.0003276724334808411	0.00027692729752602985	4.8796356538711774e-05	0.00020669698222405952	0.0005667006687067891	0.00062115862429711	0.0003622377069694535	0.00023624414758816203	7.649353629618297e-05	0.0001323083843823183	0.0006983817069049675	0.0006986417687459917	0.0005007424050440001	0.0008141450158117516	0.6421785302935474	0.0002878955871106916	0.8180306149606634	0.5375103789392163	0.0004465852868903787	0.08378433210497525	0.6318858532193479	0.0006779777241266777	0.8659059339171647	0.6269467400821842	2.228082110954067	0.23796262748057148	1.183007697327525	0.5892402936609344	1.705544904140796	0.0004708195327092493
R1019M	missense	50	55	29	68	189	4	16	60	70	83	48	17	28	78	121	74	314	0.00016015575932671776	0.00016480428020259155	0.00011579881885204771	0.000228377756668465	0.0004917400610275297	8.132726089785297e-05	0.00021961554361306325	0.00018685805833034666	0.00029014646266509745	0.0002766178853221281	0.00021047205876036253	0.0002294806088885489	0.0003836943147087231	0.000296624488416626	0.00043709895275390254	0.00032657113372434784	0.0005936474073627355	0.7615748259566569	0.00025018022918765846	1.9633709083377466	0.6324309917263197	0.0002410236162694837	0.8237443016071033	0.6839909551076986	0.000413485495564403	1.292684434653872	0.431426929188177	1.7831952431757547	0.22323937065986518	1.158850977501127	1.3599332148662409	1.4710231103384408	0.0003015631136738484
R1019_	nonsense	70	66	59	104	126	9	29	121	87	162	55	6	14	155	144	197	259	0.00022296193945484235	0.0001971765495281006	0.00023159763770409542	0.0003475313688433163	0.00032868940921313827	0.00016265452179570593	0.0003875568416701116	0.0003737161166606933	0.00035961815090885315	0.0005367704203274629	0.0002405394957261286	8.924245901221346e-05	0.00019846257657347746	0.0005857394961138437	0.0005195028536829169	0.0008621477930322783	0.0004899946854422579	0.6827459995554127	0.00027624874132216266	1.2071847079574252	0.6065991088606539	0.00037766104590578455	0.6223701353832459	0.6278185709202486	0.0006143462070678241	0.8325919477857873	0.37706926686558423	1.6595095152698536	0.3471070969056396	1.3620830473407248	0.8873822637088195	1.5107962813052893	0.00042275199809859045
R1019E	missense	32	809	616	211	8	62	14	643	644	186	10	154	3	431	358	88	61	0.00010363019721140561	0.002383776195787485	0.0023815957077237813	0.0007016823828074577	2.3292950259198775e-05	0.0010247234873129473	0.0001937784208350558	0.001972730976471201	0.002635837583366026	0.000615804101848071	4.7248829517632405e-05	0.001976083020984727	5.292335375292732e-05	0.0016220478353921827	0.0012862174101528772	0.0003875310786862261	0.00011684488652853843	0.4255280293764704	0.0013725868091444809	-1.2602461598968142	0.440130886782437	0.0013179053728007326	-0.6753439955647897	0.42668237577295404	0.0008531603026899562	-0.8148590828788274	-0.7233012782519787	-0.8442797579217499	-1.572157828978114	-1.7868904204046987	-0.9168164127801438	-1.3155850891632244	0.0011812174948783898
R1019W	missense	58	8	8	29	134	12	11	37	21	62	51	1	16	18	32	71	239	0.0001852782313779676	2.6486402175416498e-05	3.4739645655614314e-05	9.929467681237608e-05	0.0003493942538879816	0.0002114508783344177	0.00015502273666804465	0.00011640338059923235	8.990453772721329e-05	0.0002074634139915961	0.00022335810317426226	2.549784543206099e-05	0.00022492425344994112	7.134006683437841e-05	0.00011823168394162938	0.0003135082883753739	0.0004523027865620842	0.8782967822573121	0.00012747874463284712	3.083056899686683	0.7110153015161486	0.00015928235887307602	1.4363535312361828	0.8000822716822363	0.0002388457064283665	2.243556350083494	-0.13481409411329007	0.4947672618253647	0.9455328035785079	2.343931174358393	2.2543222603354534	1.4193492180918788	0.00017520226997809655
R1019Y	missense	84	263	229	161	111	44	10	376	320	225	55	67	14	319	266	184	333	0.0002669262655445296	0.0007769344638122173	0.0008877909445323658	0.0005361912547868308	0.00028986782544780697	0.0007319453480806766	0.00014210417527904092	0.0011548440654187	0.0013117889368379756	0.000744233834319059	0.0002405394957261286	0.0008669267446900737	0.00019846257657347746	0.0012015169151053204	0.0009566018064368195	0.0008055421298533913	0.0006294547112989005	0.5340246660665123	0.0006226961221448053	-0.21946370507401822	0.5051043512099036	0.0008628515830754658	-0.1688390189900074	0.5600408351950394	0.000898278890673608	0.277443231291278	-0.7118718164711968	-0.8182730968637537	-0.6403037757863399	-0.2579802372726075	-0.03695316425758253	-0.5381266670681806	0.0007946088652979596
R1019L	missense	132	101	59	82	164	23	34	176	138	153	68	27	11	173	157	171	316	0.0004176610978520286	0.0003001792246547203	0.00023159763770409542	0.00027471527251424053	0.0004270374214186442	0.0003903708523096942	0.00045214964861513024	0.0005421946938437928	0.0005680332156401204	0.0005071327897572349	0.00029637902151969416	0.00035696983604885385	0.00015877006125878198	0.000653324822588518	0.0005660789715993164	0.0007489364666745043	0.0005974165972507529	0.6679349486338658	0.00030838238907292514	1.0651058158653919	0.572854230502556	0.0004784349301902106	0.35930968489167747	0.6257372492747141	0.0006414392145282729	0.8155444169444614	0.06380481478459148	0.9467058344799107	-0.3518629074303792	0.21527003121137167	0.7466533059005102	0.5809879328456412	0.00047608551126380284
R1019Q	missense	15	0	1	1	5	0	3	2	0	9	10	1	3	3	6	8	46	5.0244944102499685e-05	2.942933575046278e-06	7.71992125680318e-06	6.619645120825072e-06	1.5528633506132516e-05	1.6265452179570593e-05	5.167424555601488e-05	9.189740573623606e-06	4.086569896691513e-06	3.293070063358668e-05	4.7248829517632405e-05	2.549784543206099e-05	5.292335375292732e-05	1.5018961438816506e-05	2.5079448108830473e-05	3.918853604692174e-05	8.857596236840816e-05	0.764650858538999	8.20278336470176e-06	1.9928785579740294	0.816295424418833	2.336396015538355e-05	2.2570717529672075	0.7998302331765338	4.196572699074422e-05	2.241491972283751	0.5020080034738842	1.9437958131119601	0.31714387352819634	1.3129218324655807	2.1638140944083295	1.6283588227887704	2.4510823503609844e-05
R1019D	missense	61	4	5	1	10	0	3	8	19	32	16	1	1	8	25	25	151	0.0001946991583971863	1.4714667875231389e-05	2.315976377040954e-05	6.619645120825072e-06	2.8469161427909612e-05	1.6265452179570593e-05	5.167424555601488e-05	2.756922172087082e-05	8.173139793383026e-05	0.00010867131209083605	7.30209183454319e-05	2.549784543206099e-05	2.646167687646366e-05	3.379266323733714e-05	9.31522358327989e-05	0.00011321132635777392	0.00028645843148932	0.6673558538181013	1.8240809548593903e-05	1.0595506969021335	0.6951456255624667	7.274821252274226e-05	1.3126404136119514	0.8096835216844368	0.00013165366422930748	2.322197537465061	0.5020080034738842	1.9437958131119601	0.01611387786421517	0.8190163499252244	1.5647962159930486	1.3814060815185922	7.421422876688122e-05
A1020F	missense	96	63	70	83	69	11	11	176	155	132	72	8	2	159	129	96	239	0.0003046099736214043	0.00018834774880296178	0.00027405720461651294	0.00027802509507465306	0.00018116739090487936	0.0001951854261548471	0.00015502273666804465	0.0005421946938437928	0.0006375049038838761	0.00043797831842670287	0.0003135604140715605	0.00011474030444427445	3.9692515314695496e-05	0.0006007584575526602	0.0004657611791639945	0.00042236533295015655	0.0004523027865620842	0.6226164778561605	0.00023039935984975178	0.6303764942590167	0.5676903058185545	0.00048280958255648304	0.31905396551220666	0.5935268170468556	0.00048529693905722393	0.5517176614811898	-0.10005198785407812	0.5738651522146996	-0.4610073768554472	0.036194681198172096	0.5003827070841377	0.30502991670643587	0.00039950196048781956
A1020_	nonsense	106	332	349	313	127	71	35	559	594	257	91	118	23	423	557	200	375	0.00033601306368546665	0.0009799968804904105	0.0013509862199405566	0.0010392842839695364	0.0003312775147974937	0.0011711125569290827	0.00046506821000413394	0.0017154182404097399	0.00243150908853145	0.0008496120763465363	0.00039517202869292553	0.001517121803207629	0.00031754012251756396	0.0015920099125145495	0.001999190292103915	0.0008752106383812522	0.0007086076989472653	0.5487527811178593	0.0009253862247994994	-0.07818039707761122	0.49650101328671997	0.001347927858495163	-0.23590691373204817	0.5338364064825997	0.0012937546354867455	0.06280999206413634	-0.40108198351805935	-0.11110017823393102	-0.6792218418167095	-0.32183382814108413	-0.08375910624850769	-0.21646700318750758	0.0011890229062604693
A1020S	missense	273	284	210	215	362	53	49	482	383	426	213	43	27	415	367	386	930	0.0008604446677553071	0.0008387360688881891	0.0008144516925927355	0.0007149216730491079	0.0009394823271210172	0.000878334417696812	0.000645928069450186	0.0014795482323534006	0.001569242840329541	0.0014061409170541513	0.0009192045015248486	0.0005609525995053418	0.0003704634762704913	0.0015619719896369166	0.0013184624148642307	0.001685107050017635	0.001754557892872085	0.6326607381503782	0.0008268979404127625	0.7267286965467258	0.5821062923606539	0.0013435341228154854	0.4314347503472188	0.6436785502281857	0.0015800248368477167	0.9624966585617174	-0.13347574334102788	0.4978125526341983	-0.1801807672797531	0.49695209444770955	0.706886701818554	0.4973823235409539	0.0012501523000253217
A1020T	missense	153	88	73	104	259	12	25	251	130	153	121	5	15	159	167	138	419	0.0004836075869865595	0.0002619210881791187	0.00028563708650171767	0.0003475313688433163	0.0006729074519324091	0.0002114508783344177	0.00033588259611409674	0.0007719382081843829	0.0005353406564665882	0.0005071327897572349	0.000524032472831923	7.649353629618297e-05	0.0002116934150117093	0.0006007584575526602	0.0006019067546119314	0.0006052451678357913	0.0007915298764836474	0.728225115972276	0.0003919992488641404	1.6434550650076647	0.5837372505625261	0.0005846110318100322	0.4441489938174271	0.6526815685887046	0.0006498600641210076	1.036237895768018	0.20097800780990308	1.2588304826633299	0.4420826101364963	1.5179111288192408	1.0412806515310367	1.3883708057412854	0.0005421567815983934
A1020G	missense	295	275	204	203	414	23	40	342	315	281	198	26	16	323	336	265	920	0.0009295314658962442	0.0008122496667127726	0.000791291928822326	0.0006752038023241574	0.001074063817507499	0.0003903708523096942	0.0005296610169491525	0.0010506936722509657	0.0012913560873545182	0.0009286457578671443	0.0008547742794553499	0.0003442209133328234	0.00022492425344994112	0.001216535876544137	0.0012073962875251243	0.001158238954275687	0.0017357119434319981	0.6499549811400763	0.0008382023038416887	0.892628260093031	0.5962012039034322	0.0010313674492319945	0.5413125736048715	0.6604551531570847	0.0013294707654442366	1.099909180291213	0.13252062715405133	1.103062177052602	-0.18480096491649828	0.48937165071759164	0.8446166713297053	0.7962169138850967	0.0010663468395059733
A1020C	missense	112	76	71	78	76	14	18	163	168	138	66	12	6	161	188	176	411	0.000354854917723904	0.00022660588527856338	0.0002779171652449145	0.00026147598227259036	0.0001992841299953673	0.00024398178269355888	0.0002454526663910707	0.0005023724846914238	0.0006906303125408657	0.00045773673880685487	0.000287788325243761	0.00016573599530839644	9.261586906762282e-05	0.0006082679382720684	0.0006771450989384228	0.0007707078755894609	0.0007764531169315779	0.6122567899483845	0.00024132079069785889	0.5309984698262765	0.5684721787093093	0.00048463196532072636	0.3251491077938427	0.6513946461041944	0.0007081435074328826	1.0256970690812088	0.0026103540430695805	0.8074636173347786	-0.25273143442836477	0.3779168727661536	0.6272815489004427	0.5926902450504661	0.0004780320878171559
A1020V	missense	238	283	166	139	304	49	56	418	446	324	171	73	23	331	332	300	788	0.0007505338525310891	0.0008357931353131429	0.0006446134249430656	0.0004633751584577551	0.000789372203228403	0.0008132726089785296	0.000736357999173212	0.0012835004334494303	0.0018266967438211063	0.0010702477705915672	0.0007387998797302521	0.0009434202809862567	0.00031754012251756396	0.00124657379942177	0.0011930651743200782	0.0013106388166803826	0.0014869454108228518	0.6103419770760771	0.0006832884804855916	0.5126301249396066	0.5642551418416318	0.001229811206898089	0.29227491555706486	0.645017489333951	0.0013093058003112706	0.9734635390288301	-0.043147136517605544	0.7033467682039758	-0.47290660015515495	0.016671405410539936	0.5927895265085005	0.36000908680725785	0.0010741351625649838
A1020Q	missense	54	58	24	61	93	7	5	106	111	80	38	2	1	129	83	73	245	0.00017271699535234268	0.0001736330809277304	9.649901571003975e-05	0.00020520899874557725	0.0002432819249294094	0.00013012361743656474	7.751136833402232e-05	0.0003277674137925753	0.00045769582842944943	0.00026673867513205213	0.0001675185773806967	3.824676814809149e-05	2.646167687646366e-05	0.0004881162467615364	0.0003009533773059657	0.00032221685194135655	0.0004636103562261363	0.6802543729573131	0.00017965575507818918	1.1832831260615697	0.5561621324893071	0.0003049301236836934	0.22918532123514251	0.6208525698397134	0.00039372420805874875	0.7755353565972423	-0.22499072446237806	0.28957885437259306	-0.15997738119146607	0.5301001637385283	0.7293346012979848	0.40983950905556066	0.00029277002894021045
A1020Y	missense	110	473	348	152	278	53	21	486	387	251	109	114	28	214	272	214	501	0.0003485742997110916	0.0013949505145719357	0.001347126259312155	0.0005064028517431181	0.000722081458035162	0.000878334417696812	0.00028420835055808184	0.001491801219784899	0.001585589119916307	0.0008298536559663844	0.00047248829517632405	0.001466126112343507	0.0003836943147087231	0.0008072691773363872	0.0009780984762443885	0.0009361705833431305	0.0009460666618923595	0.5349834218347433	0.0009926402709155928	-0.2102665888086937	0.5161556122463137	0.0010949330727109787	-0.08268817630841538	0.6377625715929597	0.0009169012247040665	0.9140405112588634	-0.49002306685484043	-0.313477215126427	-0.5821859645904405	-0.16262526934130175	0.20702858204725147	-0.23805124223386437	0.0010014915227768793
A1020W	missense	143	104	68	65	116	20	19	202	192	172	103	9	24	213	274	176	481	0.0004522044969224972	0.0003090080253798592	0.00026633728335970973	0.0002184482889872274	0.0003028083533695841	0.00034157449577098246	0.0002583712277800744	0.0006218391121485307	0.000788707990061462	0.0005697011209610496	0.00044671620634852453	0.00012748922716030494	0.00033077096095579576	0.0008035144369766831	0.0009852640328469114	0.0007707078755894609	0.0009083747630121858	0.617421132123553	0.0002741504877740951	0.5805387771629194	0.5866611816881993	0.0006067411073798917	0.4669426939743373	0.628605421963341	0.0008669652771063103	0.8390368273907376	-0.12124128692401627	0.525650902975511	0.41405388653625286	1.4719238835142212	0.6288394328426647	0.9987873932448661	0.0005826189574200991
A1020M	missense	116	479	365	165	108	52	37	379	339	152	84	72	29	254	277	123	340	0.00036741615374952897	0.0014126081160222132	0.001412745589994982	0.0005494305450284811	0.0002821035086947407	0.0008620689655172414	0.0004909053327821414	0.0011640338059923235	0.0013894337648751144	0.0005038397196938762	0.0003651045917271595	0.0009306713582702262	0.00039692515314695493	0.0009574587917245522	0.000996012367750696	0.0005399309410909218	0.0006426468759069613	0.4795611341359932	0.0009142219399351043	-0.7419194252720993	0.5051144557963793	0.0008556029705721185	-0.16876024801202047	0.5691766859901053	0.0007840122441182828	0.3522724622872578	-0.244544260838057	0.2450866286876933	-0.3700877275365783	0.18536823172820308	-0.18613573699895403	0.21522743020794818	0.0008512790515418353
A1020L	missense	267	296	286	266	330	52	68	546	614	552	324	69	31	478	544	381	1495	0.0008416028137168697	0.0008740512717887444	0.0011078087003512564	0.0008837226236301472	0.0008566629484216439	0.0008620689655172414	0.0008913807358412567	0.001675596031257371	0.0025132404864652803	0.0018210677450373434	0.0013959881448391393	0.0008924245901221347	0.0004233868300234186	0.0017985206322982765	0.0019526141741875154	0.0016633356411026783	0.0028193540362369917	0.6157229707328996	0.000930561386047948	0.5642487184590836	0.599159150639434	0.0018514731018997835	0.5643714447214114	0.6671010565044687	0.0020584561209563653	1.1543439393425479	0.014521233282388147	0.8345656983619475	-0.32383418383013574	0.26125727651639136	0.7609880341743477	0.5479114874391694	0.001613496869634699
A1020R	missense	218	317	227	287	649	38	130	429	548	599	377	29	97	379	475	487	1363	0.0006877276724029644	0.0009358528768647163	0.0008800710232755626	0.0009532288973988104	0.0016822686298310226	0.0006343526350032531	0.0016923315419594873	0.0013171961488860503	0.0022435268732836407	0.001975842038015201	0.0016236415961513682	0.0003824676814809149	0.0012966221669467193	0.0014268013366875681	0.0017054024714004722	0.0021248895100997567	0.002570587503627845	0.6899344588787993	0.001112855356842528	1.2761418901266937	0.6363762691812612	0.001790051664084065	0.8544999752117793	0.6864940367903714	0.0019569202054539104	1.313186485490307	0.42615470077518686	1.7711987852508928	0.5302186988370475	1.6625176399506296	1.1479427836095935	1.7168582126007612	0.001619942408793501
A1020I	missense	101	174	74	123	312	32	65	262	209	257	188	24	64	185	190	190	444	0.0003203115186534355	0.0005150133756330986	0.00028949704713011925	0.0004104179974911545	0.0008100770479032462	0.0005367599219258296	0.0008526250516742456	0.0008056339236210029	0.0008581796783052177	0.0008496120763465363	0.0008118207980756841	0.0003187230679007624	0.000860004498485069	0.0006983817069049675	0.0006843106555409458	0.0008316678205513391	0.0008386447500838644	0.6871055092808499	0.0005062513670394046	1.2490044488478893	0.6253756496502004	0.0008313116190871103	0.7687439117636278	0.6482617661533594	0.0007632512332702791	1.000036514549132	0.20097800780990308	1.2588304826633299	0.4310872258350331	1.4998707983958477	1.0059282917202164	1.3793506405295888	0.000700271406465598
A1020P	missense	87	321	316	219	66	39	9	430	464	190	38	29	2	240	288	135	278	0.0002763471925637483	0.0009476246111649014	0.001223607519203304	0.000728160963290758	0.0001734030741518131	0.0006506180871828237	0.0001291856138900372	0.0013202593957439249	0.0019002550019615535	0.0006289763821015056	0.0001675185773806967	0.0003824676814809149	3.9692515314695496e-05	0.0009048924266886945	0.0010354229290645725	0.0005921823224868174	0.0005258019893784229	0.5103604740987594	0.0007681990419526941	-0.44646867554105496	0.4778289128052695	0.0010042523392969202	-0.38146651872305154	0.5604007091242914	0.0007645749169046267	0.2803908592665477	-0.7021119791820406	-0.7960655086825615	-0.9838861221357849	-0.8217021487444849	-0.18251477833251958	-0.8088838287135232	0.0008456754327180804
A1020A	silent	133	111	63	65	138	14	21	115	93	170	63	16	15	117	119	97	269	0.00042080140685843485	0.0003296085604051831	0.0002470374802177018	0.0002184482889872274	0.0003597466762254033	0.00024398178269355888	0.00028420835055808184	0.0003553366355134461	0.0003841375702890022	0.0005631149808343322	0.00027490228082986126	0.00021673168617251842	0.0002116934150117093	0.0004430593624450869	0.00042993339615137957	0.00042671961473314784	0.0005088406348823447	0.6316919554204624	0.0002887102514588789	0.717435394020564	0.6200613319635324	0.0003943728668666604	0.7273157936985729	0.6384174969583468	0.00045213825205298974	0.9194048240690234	0.0662794339124468	0.952336596640031	-0.01021506085813397	0.7758179731131251	0.7880520039293867	0.8640772848765781	0.0003784071234595097
A1020H	missense	44	42	29	41	194	6	21	59	67	87	92	3	8	54	97	104	454	0.00014131390528828035	0.00012654614372698995	0.00011579881885204771	0.00013901254753732653	0.0005046805889493067	0.00011385816525699414	0.00028420835055808184	0.00018379481147247213	0.0002778867529750229	0.0002897901655755628	0.00039946737683089215	5.099569086412198e-05	0.00011907754594408647	0.00020651071978372695	0.00035111227352362665	0.00045719958721408696	0.0008574906995239513	0.7883136692390736	0.00022150952476641773	2.2198702782684454	0.6965634199011771	0.0002877347767134875	1.3236929239658979	0.7624654601646855	0.00046807832001134796	1.935447434830708	0.39727265295387126	1.7054804126138907	0.3682963959755776	1.3968487222986168	1.8263368790216836	1.5511645674562538	0.000325774207163751
A1020N	missense	99	168	166	157	81	25	15	174	215	163	74	77	15	109	190	122	376	0.00031403090064062303	0.0004973557741828209	0.0006446134249430656	0.0005229519645451807	0.00021222465791714438	0.0004229017566688354	0.00020669698222405952	0.0005360682001280437	0.0008826990976853668	0.0005400634903908215	0.0003221511103474937	0.0009944159718503786	0.0002116934150117093	0.0004130214395674539	0.0006843106555409458	0.0005355766593079305	0.0007104922938912739	0.5599374727606238	0.0004692864553970529	0.029111692147684023	0.5710546531922712	0.0005702454746379314	0.34528095991260754	0.6646687630183663	0.000585850262076901	1.1344216950760506	-0.31090535316897133	0.09408822921884066	-0.6718607421703404	-0.3097563357807353	0.5029381157121141	-0.10783405328094732	0.0005417940640372951
A1020D	missense	109	122	93	67	163	19	20	190	163	169	108	25	15	166	184	147	281	0.00034543399070468536	0.00036198082973069217	0.0003628362990697495	0.00022506793410805246	0.00042444931583428876	0.00032530904359141186	0.00027128978916907815	0.0005850801498540363	0.0006701974630574082	0.0005598219107709736	0.00046819294703835744	0.00033147199061679287	0.0002116934150117093	0.0006270416400705891	0.0006628139857333768	0.0006444337038827131	0.0005314557742104489	0.6295146485197529	0.0003435835946856957	0.696549006293201	0.5997602876851374	0.0005708231176801939	0.5690576486653638	0.609531152523186	0.000616436275974282	0.682804753768455	-0.07886268878414004	0.6220794014538878	-0.19473948745067798	0.4730653329463172	0.6494704695756732	0.5475723672001025	0.0005102809961133906
A1020E	missense	115	94	83	90	182	8	30	110	97	125	85	16	27	124	115	103	476	0.00036427584474312273	0.0002795786896293964	0.0003242366927857336	0.0003011938529975408	0.00047362332193704175	0.00014638906961613534	0.00040047540305911534	0.00034002040122407346	0.00040048384987576827	0.0004149268279831922	0.00036939993986512607	0.00021673168617251842	0.0003704634762704913	0.00046934254496301583	0.00041560228294633357	0.0004528453054310957	0.0008989517882921423	0.6756925371588443	0.00034465813933742817	1.1395225192291862	0.6334092591864166	0.00038120775473704	0.8313704508562848	0.6991072729293825	0.0005591854804081469	1.41649801955812	0.4370671965408696	1.7960291389559222	0.2328229878281605	1.1745749954733178	1.129130329881197	1.48530206721462	0.0004283504581608717
A1020K	missense	120	98	88	128	323	28	23	156	142	165	113	24	26	132	194	156	467	0.00037997738977515387	0.0002913504239295815	0.00034353649592774155	0.0004269671102932172	0.0008385462093311558	0.0004716981132075472	0.0003100454733360893	0.00048092975668630205	0.0005843794952268864	0.0005466496305175389	0.0004896696877281903	0.0003187230679007624	0.0003572326378322594	0.0004993804678406488	0.0006986417687459917	0.0006836222399296348	0.0008819904337960642	0.7384641228944929	0.000475100059870424	1.7416754254221234	0.6243154075994259	0.0005254071425397293	0.7604787241239779	0.6762373380444933	0.0006909087275780849	1.229176698451534	-0.1822387440414282	0.3868569489750212	0.04953763335116482	0.873855323847676	1.2437769493325452	0.6303561364113486	0.0005638053099960794
S1021S	silent	174	163	126	130	282	28	10	248	254	200	152	41	50	234	270	214	564	0.0005495540761210903	0.00048264110630758954	0.0004902149998070019	0.00043358675541404227	0.0007324338803725836	0.0004716981132075472	0.00014210417527904092	0.0007627484676107593	0.0010420753236563358	0.0006619070827350923	0.0006571882651088871	0.0005354547540732808	0.0006747727603498234	0.0008823639845304697	0.0009709329196418655	0.0009361705833431305	0.0010647961433649065	0.6654856240796191	0.0005347191854753043	1.041610027424416	0.5971164018098932	0.0007809797847777686	0.5484470599410711	0.6416223106827122	0.000963565907720093	0.9456545682755669	-0.5210573005948093	-0.3840926836016879	0.10043476356425111	0.9573631869174876	0.8452372185470179	0.2866352516578998	0.0007597549593243887
S1021A	missense	122	66	57	50	63	23	22	148	156	114	76	29	12	163	201	99	329	0.00038625800778796634	0.0001971765495281006	0.00022387771644729224	0.00016880095058103935	0.00016563875739874684	0.0003903708523096942	0.0002971269119470856	0.0004564237818233058	0.0006415914737805676	0.0003787030572862468	0.0003307418066234268	0.0003824676814809149	0.0001720008996970138	0.0006157774189914768	0.0007237212168548223	0.00043542817829913047	0.0006219163315228658	0.6002330681291452	0.00018887349348879477	0.4156577634882078	0.5807435365250142	0.00045186502987838674	0.42081129631579034	0.6109254295880157	0.0005992107864170738	0.6942248921766788	-0.11853539354809126	0.5318079078490987	-0.3470640245486105	0.2231436471284389	0.5102313173268923	0.3774757774887688	0.0004133164365947518
S1021P	missense	86	65	33	86	335	29	27	104	57	176	167	47	117	77	96	88	324	0.00027320688355734205	0.00019423361595305433	0.00013123866136565408	0.00028795456275589065	0.0008696034763434209	0.00048796356538711777	0.0003617197188921042	0.00032164092007682624	0.00023702105400810777	0.0005828734012144842	0.0007216184871783858	0.0006119482903694638	0.001561238935711356	0.00029286974805692187	0.00034752949522236514	0.0003875310786862261	0.0006124933568028224	0.8089835519877924	0.000370757579104505	2.4181515519043253	0.728707554676625	0.000465788465619451	1.574274671067138	0.7011139044923089	0.0004101059196920839	1.4329337845584795	-0.13001521123152135	0.5056866666894704	0.40675464779475334	1.4599478874848364	1.8084533358433144	0.9828172770871534	0.0004155506548053466
S1021H	missense	97	169	130	154	118	25	28	221	243	140	87	47	10	161	172	124	195	0.00030775028262781056	0.0005002987077578672	0.0005056548423206084	0.0005130224968639431	0.0003079845645382949	0.0004229017566688354	0.0003746382802811079	0.0006800408024481469	0.000997123054792729	0.00046432287893357217	0.00037799063614105924	0.0006119482903694638	0.00014553922282055013	0.0006082679382720684	0.0006198206461182389	0.000544285222873913	0.0003693806090257021	0.5860298949840417	0.0004567401528701784	0.2794100984618241	0.5536086724477127	0.0006298693430788769	0.20927965312972327	0.5787646914045053	0.0005354386040724807	0.4308051669076454	-0.052627337925940015	0.6817754650650429	-0.6237346743531471	-0.23079500604483327	0.30649830616639756	0.22549022951010483	0.0005406827000071786
S1021Y	missense	87	213	132	148	173	51	19	231	158	136	84	58	11	153	174	142	229	0.0002763471925637483	0.0006297877850599034	0.0005133747635774115	0.000493163561501468	0.000450330371677843	0.0008458035133376708	0.0002583712277800744	0.0007106732710268922	0.0006497646135739506	0.0004511505986801375	0.0003651045917271595	0.0007521864402457992	0.00015877006125878198	0.0005782300153944355	0.0006269862027207619	0.0006226622949677566	0.00043345683712199735	0.5915383684922695	0.0005216641204541564	0.33225157590410015	0.5540598163002154	0.000544173268752035	0.21279657512945463	0.6007530742548555	0.0005653338375512378	0.6109059387400335	-0.5150253358248962	-0.3703675173345697	-0.6755568877303042	-0.3158206701747438	0.3853180299245294	-0.3430940937546567	0.0005437237422524764
S1021I	missense	70	36	43	72	104	6	10	76	74	94	39	5	10	63	116	83	190	0.00022296193945484235	0.00010888854227671227	0.00016983826764966996	0.00024161704691011516	0.000271751086357319	0.00011385816525699414	0.00014210417527904092	0.00023587000805633924	0.0003064927422518635	0.00031284165601907344	0.0001718139255186633	7.649353629618297e-05	0.00014553922282055013	0.0002403033830210641	0.0004191850612475951	0.0003657596697712696	0.00035995763430565867	0.7134310675628739	0.0001980237357984541	1.5015392739745033	0.6023836395997151	0.00025675458296148485	0.5895081635293803	0.652571478347384	0.0003463014370863969	1.0353361770027958	0.09624265728989004	1.0205150821652602	0.2793553126387965	1.2509214415762357	1.0421278715022264	1.135718261870748	0.00026702658528211196
S1021V	missense	132	166	115	139	72	18	14	288	290	244	74	21	4	330	400	196	519	0.0004176610978520286	0.0004914699070327284	0.0004477554328945845	0.0004633751584577551	0.00018893170765794563	0.00030904359141184127	0.0001937784208350558	0.0008852783419257407	0.0011891918399372303	0.0008068021655228736	0.0003221511103474937	0.0002804762997526709	6.615419219115915e-05	0.0012428190590620658	0.00143669409880586	0.000857793511249287	0.0009799893708845157	0.5549421283171108	0.00039788305151075337	-0.018807460106388316	0.5441579182207528	0.0008008558644333346	0.13560566805718335	0.5871623854187146	0.001129324010000432	0.49958835955372194	-0.20271432975122594	0.34026668709462016	-0.6273387986219723	-0.23670835940419918	0.20546218916817235	0.05177916384521049	0.0007760209753148399
S1021N	missense	85	188	134	107	101	34	15	326	357	135	23	39	10	238	238	78	262	0.0002700665745509358	0.0005562144456837465	0.0005210946848342147	0.00035746083652455393	0.0002639867696042528	0.0005692908262849707	0.00020669698222405952	0.0010016817225249732	0.0014629920230155617	0.00044785752861677884	0.00010308835531119797	0.0005099569086412198	0.00014553922282055013	0.0008973829459692863	0.0008562840140014976	0.00034398826085631305	0.0004956484702742839	0.5484501286951731	0.00042468918416169204	-0.0810836698522442	0.47117943192432155	0.0007539049073671278	-0.4333029905430033	0.5422147102302562	0.0006483259227753452	0.13143436439150405	-0.44000004954842903	-0.1996545626570359	-0.5445534283055222	-0.10088087090677732	-0.12765076533458117	-0.15026771678190662	0.0006089733381013884
S1021R	missense	173	177	154	151	170	43	29	276	280	212	122	83	2	272	330	204	657	0.0005464137671146841	0.0005238421763582374	0.0005982938974022465	0.0005030930291827055	0.0004425660549247767	0.000715679895901106	0.0003875568416701116	0.0008485193796312463	0.0011483261409703151	0.0007014239234953963	0.0005283278209698896	0.0010709095081465616	3.9692515314695496e-05	0.0010250441181992266	0.0011858996177175553	0.0008926277655132174	0.0012400634731577142	0.6045053906071209	0.0005169487894669916	0.4566411378311867	0.5704736376345597	0.0008066493162667118	0.34075161437067825	0.6351236123295707	0.0010859087436469283	0.8924255246813938	-0.26638340962060314	0.19539370778936768	-1.431044153478004	-1.5553626025963936	0.5632727589610863	-0.6799844474035129	0.000803168949793544
S1021F	missense	86	23	38	62	182	14	20	75	106	110	109	19	61	94	92	77	344	0.00027320688355734205	7.063040580111066e-05	0.00015053846450766202	0.00020851882130598978	0.00047362332193704175	0.00024398178269355888	0.00027128978916907815	0.0002328067611984647	0.00043726297894599187	0.00036553077703281215	0.00047248829517632405	0.0002549784543206099	0.0008203119831703735	0.00035670033417189203	0.00033319838201731914	0.00033963397907332176	0.0006501852556829961	0.8003215512429738	0.00022582775338795104	2.3350590370218187	0.6786533719630687	0.00037702220308839817	1.184073950415983	0.6909999466792978	0.0004199294877363823	1.350093149082892	0.0460760478241599	0.9063656992959943	0.5074755716984879	1.6252025705367978	1.6230753788402312	1.265784134916396	0.0003409264814042438
S1021T	missense	107	401	320	279	232	59	23	501	462	271	95	90	27	365	296	181	487	0.0003391533726918729	0.0011830592971686035	0.0012390473617169104	0.0009267503169155102	0.0006030286011548127	0.0009759271307742355	0.0003100454733360893	0.0015377499226530169	0.0018920818621681705	0.0008957150572335577	0.0004123534212447919	0.001160151967158775	0.0003704634762704913	0.0013742349716517103	0.0010640851554746644	0.0007924792845044174	0.0009196823326762379	0.5600819661628543	0.0009879713942389592	0.03049778302079412	0.5096388677957792	0.0011844750658248841	-0.1334898924297198	0.5757507836247063	0.0010376204360767576	0.40611908057434415	-0.4979919965261158	-0.33160976212915133	-0.4957694831146592	-0.020840149594039122	0.10104232372180616	-0.17622495586159523	0.0010700222987135336
S1021G	missense	183	272	255	269	144	62	24	487	600	340	130	59	34	405	469	224	543	0.0005778168571787464	0.0008034208659876338	0.0009881499208708071	0.0008936520913113848	0.00037527530973153583	0.0010247234873129473	0.000322964034725093	0.0014948644666427733	0.0024560285079115994	0.0011229368916053058	0.0005626906060736223	0.0007649353629618298	0.0004630793453381141	0.0015244245860398754	0.0016839058015929032	0.0009797134011730435	0.0010252196495407241	0.568680145614084	0.0007651245469753404	0.11297807539910207	0.5334183846586494	0.001409130118058325	0.05188491769809194	0.5722066001469981	0.0013033158595866367	0.3770896524351718	-0.5014525286356223	-0.33948387618442327	-0.21796932816915288	0.4349517035583646	0.18065088184412192	0.047733913686970664	0.0011591901748734341
S1021C	missense	93	145	120	106	83	13	15	118	127	185	60	13	4	110	155	121	271	0.00029518904660218566	0.00042966830195675655	0.0004670552360365924	0.0003541510139641414	0.00021740086908585523	0.0002277163305139883	0.00020669698222405952	0.00036452637608706974	0.0005230809467765136	0.0006125110317847123	0.0002620162364159615	0.00017848491802442692	6.615419219115915e-05	0.000416776179927158	0.0005589134149967934	0.0005312223775249392	0.0005126098247703621	0.5611745666088638	0.00036706885526083645	0.04097883947590697	0.6095286836267283	0.0004405336477660643	0.645207830915413	0.6410811520712167	0.0005048804493048132	0.9412220875298294	-0.042060040876391376	0.7058203516868148	-0.43104415347800407	0.0853558960733157	0.5424695859737164	0.39558812388006526	0.00043749431744390463
S1021L	missense	198	60	78	108	307	21	37	165	134	242	171	37	25	220	253	173	706	0.0006249214922748399	0.00017951894807782294	0.0003049368896437256	0.00036077065908496646	0.0007971365199814692	0.000357839947950553	0.0004909053327821414	0.0005084989784071729	0.0005516869360533543	0.0008002160253961563	0.0007387998797302521	0.00048445906320915885	0.0003440017993940276	0.0008297976194946119	0.00091002568852042	0.000757645030240487	0.0013324086254141397	0.7702698387659943	0.00041059075419699604	2.0467801001108628	0.670178859632634	0.000649800454896734	1.1180103241766686	0.6692394224519651	0.0009574692409174148	1.1718587043084516	0.1373089279405258	1.1139575033580773	-0.14869637078177703	0.5486091262013907	1.4455497095319945	0.831283314779734	0.0006726201500037149
S1021_	nonsense	74	507	351	273	66	43	13	436	427	178	25	66	6	374	437	142	117	0.00023552317548046728	0.001495010256123509	0.0013587061411973597	0.000906891381553035	0.0001734030741518131	0.000715679895901106	0.0001808598594460521	0.001338638876891172	0.0017490519157839675	0.0005894595413412015	0.00011167905158713113	0.0008541778219740432	9.261586906762282e-05	0.0014080276348890474	0.0015692568959525352	0.0006226622949677566	0.00022238220339302473	0.484664968191353	0.0009835027132564292	-0.6929595579508563	0.4653045057680819	0.0009472073464008681	-0.47910136933295755	0.47772294519041464	0.000955582257300591	-0.3967998736403986	-0.5973766286620275	-0.5577501081844917	-0.9648628848223545	-0.7904903713797559	-0.5229536003080708	-0.6741202397821238	0.0009620974389859628
S1021K	missense	75	25	29	24	38	10	9	87	99	56	41	9	1	104	106	74	197	0.00023866348448687351	7.651627295120322e-05	0.00011579881885204771	8.274556401031341e-05	0.00010093611778986136	0.0001789199739752765	0.0001291856138900372	0.0002695657234929591	0.0004086569896691513	0.0001877049936114441	0.00018040462179459645	0.00012748922716030494	2.646167687646366e-05	0.00039424773776893326	0.0003833572782349801	0.00032657113372434784	0.0003731497989137195	0.6383665640561609	9.399919340085642e-05	0.7814633286439169	0.5666491195224284	0.0002615830821420377	0.31093732827920073	0.614839753949809	0.0003693314871604952	0.7262860420829387	-0.14144467301230315	0.4796800056314742	-0.6828561264718036	-0.32779666620412845	0.6062288996686854	0.07594166971367289	0.0002416379209011298
S1021E	missense	76	62	65	58	69	5	19	146	135	117	44	9	10	146	177	113	319	0.00024180379349327975	0.0001854048152279155	0.00025475740147450494	0.00019527953106433964	0.00018116739090487936	9.759271307742355e-05	0.0002583712277800744	0.00045029728810755675	0.0005557735059500458	0.00038858226747632283	0.0001932906662084962	0.00012748922716030494	0.00014553922282055013	0.0005519468328765066	0.0006377345376245464	0.0004963881232610087	0.000603070382082779	0.6139497098488415	0.00020415228466790988	0.5472382481601396	0.55114575316967	0.00039698593193560544	0.19007980158689441	0.6256565912257133	0.0005722849689612101	0.8148837691388267	0.4228267574262594	1.7636263644006565	0.05750656302244017	0.8869300941739353	0.5174006062952868	1.3252782292872958	0.0003911410618549084
S1021W	missense	58	54	54	45	59	13	13	75	139	84	52	6	7	130	83	97	212	0.0001852782313779676	0.00016186134662754526	0.00021229783456208748	0.00015225183777897667	0.00015528633506132515	0.0002277163305139883	0.0001808598594460521	0.0002328067611984647	0.0005721197855368119	0.0002799109553854868	0.00022765345131222885	8.924245901221346e-05	0.00010584670750585465	0.0004918709871212406	0.0003009533773059657	0.00042671961473314784	0.0004014187230738497	0.6103727187346784	0.00017042433850748365	0.5129250223657432	0.5956980113838799	0.00032812273835824805	0.5373899027487871	0.6137728327651896	0.0004052406755585509	0.7175471852901466	-0.10005198785407812	0.5738651522146996	0.07410582484190192	0.914164810105388	0.5892873701348923	0.7440149811600438	0.0003012625841414275
S1021D	missense	82	24	0	12	173	7	17	25	21	65	38	0	5	32	55	56	211	0.0002606456475317171	7.357333937615695e-05	3.85996062840159e-06	4.302769328536297e-05	0.000450330371677843	0.00013012361743656474	0.00023253410500206697	7.964441830473792e-05	8.990453772721329e-05	0.0002173426241816721	0.0001675185773806967	1.2748922716030496e-05	7.938503062939099e-05	0.00012390643187023618	0.00020063558487064378	0.00024819406163050433	0.00039953412812984105	0.8811003243339323	0.00014269784124194113	3.1099506126507044	0.7131704092010178	0.00013860253939857999	1.453153816969129	0.7374226526344727	0.00024306755162530636	1.7303287139253445	0.2521305302572843	1.3752232174277472	0.7942651282478589	2.0957435011926333	2.0978110478483925	1.7354833593101904	0.00017478931075527582
S1021M	missense	66	14	20	8	50	4	7	41	46	48	50	2	2	55	58	35	228	0.00021040070342921743	4.414400362569416e-05	8.10591731964334e-05	2.9788403043712825e-05	0.0001319933848021264	8.132726089785297e-05	0.00010334849111202976	0.00012865636803073048	0.0001920687851445011	0.00016136043310457473	0.0002190627550362957	3.824676814809149e-05	3.9692515314695496e-05	0.00021026546014343107	0.00021138391977442827	0.00015675414418768696	0.0004315722421779887	0.7174601457876786	7.17462411669917e-05	1.5401892639964536	0.6678780178894302	0.00017528708532902552	1.1000739588694946	0.700409058174605	0.00025249394157088377	1.4271605830135703	0.1040679948018466	1.0383208987681096	0.01611387786421517	0.8190163499252244	1.355807935293173	0.9286686243466671	0.00016650908935563367
S1021Q	missense	41	43	24	34	91	22	14	84	83	61	55	9	12	52	84	56	202	0.00013189297826906167	0.0001294890773020362	9.649901571003975e-05	0.00011584378961443877	0.0002381057137606986	0.0003741054001301236	0.0001937784208350558	0.0002603759829193355	0.0003432718713220871	0.00020417034392823742	0.0002405394957261286	0.00012748922716030494	0.0001720008996970138	0.0001990012390643187	0.0003045361556072272	0.00024819406163050433	0.00038257277363376287	0.699403411123631	0.00014498439909680334	1.3669752990012036	0.6013187948481336	0.00026208942347394717	0.5812070952285252	0.6794797084287945	0.00028357605748395326	1.255734058888335	-0.2856885648159898	0.15146665002688994	0.13005723017105197	1.0059653158554915	1.0679721510393547	0.5787159829411908	0.00023021662668490126
A1022N	missense	56	80	54	81	34	9	16	71	62	76	42	6	6	98	68	72	212	0.00017899761336515513	0.00023837761957874848	0.00021229783456208748	0.000271405449953828	9.058369545243968e-05	0.00016265452179570593	0.00021961554361306325	0.00022055377376696656	0.0002574539034915653	0.0002535663948786174	0.00018469996993256303	8.924245901221346e-05	9.261586906762282e-05	0.0003717192956107085	0.00024721170278704324	0.0003178625701583652	0.0004014187230738497	0.5658928730866736	0.00020316614988677588	0.08624043235468326	0.6097959078017187	0.00022906851051742808	0.647290994799106	0.6399218803660598	0.0003345530729074917	0.9317268131259234	0.13039693352419576	1.0982299127271244	0.01611387786421517	0.8190163499252244	0.5550860800932376	0.9586231313261744	0.00025559591110389855
A1022R	missense	189	204	145	116	283	38	41	226	201	206	142	67	15	250	236	211	693	0.0005966587112171838	0.0006033013828844869	0.0005635542517466322	0.00038724923956826675	0.0007350219859569391	0.0006343526350032531	0.0005425795783381563	0.0006953570367375196	0.0008254871191316856	0.0006816655031152443	0.0006142347837292212	0.0008669267446900737	0.0002116934150117093	0.0009424398302857358	0.0008491184573989747	0.0009231077379941565	0.001307908891142027	0.6369508883959387	0.0005722817150390812	0.7678830884279164	0.6078175584031543	0.0007041861106784177	0.6318686400792772	0.6613696291357402	0.0010056437292052236	1.1073994004997176	-0.06786730448267687	0.6470983601953558	-0.6122750521860963	-0.21199299196758764	0.8357170430023038	0.2175526841138841	0.0007607038516409076
A1022G	missense	287	197	226	193	302	20	59	243	250	241	148	41	53	266	265	231	560	0.0009044089938449944	0.000582700847859163	0.000876211062647161	0.000642105576720032	0.0007841959920596921	0.00034157449577098246	0.0007751136833402232	0.0007474322333213866	0.0010257290440695698	0.0007969229553327976	0.0006400068725570207	0.0005354547540732808	0.0007144652756645188	0.0010025156760410019	0.000953019028135558	0.0010101933736539827	0.0010572577635888719	0.6410464706222585	0.0007213033698215119	0.8071710355337361	0.6035410229431141	0.0008025227763201937	0.5985306225963549	0.6318792377381296	0.0010057464603548537	0.8658517483373719	0.3558799677956461	1.6112952660306652	0.1252583472892832	0.9980916999384241	0.7571844688224876	1.3046934829845447	0.0008431908688321865
A1022T	missense	116	48	45	32	60	7	13	84	75	117	63	13	8	99	126	95	243	0.00036741615374952897	0.0001442037451772676	0.00017755818890647314	0.0001092241444936137	0.00015787444064568057	0.00013012361743656474	0.0001808598594460521	0.0002603759829193355	0.000310579312148555	0.00038858226747632283	0.00027490228082986126	0.00017848491802442692	0.00011907754594408647	0.0003754740359704126	0.00045501284426021	0.0004180110511671652	0.00045984116633811896	0.6192002483789221	0.00014721512980575874	0.5976054166474972	0.6373114392442797	0.0003086099608435186	0.8617901558268424	0.6408121123534898	0.0004270847744339767	0.9390184574972814	0.14298606083221632	1.1268752831912145	-0.17577164837469797	0.5041862173980678	0.7994713433238737	0.8155307502946412	0.0002943032883610847
A1022C	missense	120	49	45	58	107	12	25	135	133	141	84	9	18	114	139	93	333	0.00037997738977515387	0.0001471466787523139	0.00017755818890647314	0.00019527953106433964	0.0002795154031103853	0.0002114508783344177	0.00033588259611409674	0.0004166015726709368	0.0005476003661566627	0.00046761594899693084	0.0003651045917271595	0.00012748922716030494	0.0002513859303264048	0.00043179514136597454	0.0005015889621766095	0.00040930248760118263	0.0006294547112989005	0.6898573511651827	0.000199874950458378	1.2754022141522852	0.608689101598754	0.0004492306198879224	0.6386628132045834	0.6567353170005619	0.0004930353256106668	1.069441029566381	0.20097800780990308	1.2588304826633299	0.2948674788170442	1.2763725395793255	0.9945020189744165	1.2676015111213277	0.0003807136319856558
A1022W	missense	69	39	44	41	81	21	27	76	49	91	68	19	29	77	104	66	152	0.0002198216304484361	0.00011771734300185111	0.00017369822827807157	0.00013901254753732653	0.00021222465791714438	0.000357839947950553	0.0003617197188921042	0.00023587000805633924	0.00020432849483457564	0.00030296244582899746	0.00029637902151969416	0.0002549784543206099	0.00039692515314695493	0.00029286974805692187	0.0003761917216324571	0.00029173687946041743	0.0002883430264333287	0.6734002156789828	0.0001606631941835984	1.1175328239737552	0.6586880975485617	0.0002598849925599016	1.0284333217572152	0.6151897606468829	0.0003122853438957813	0.729152850284275	0.004683362665934899	0.8121805527127691	0.19220513691989644	1.1079325361119206	0.9583729986717485	0.9600565444123448	0.0002442778435464271
A1022V	missense	194	216	133	170	149	25	38	346	314	230	107	22	16	291	335	181	539	0.0006123602562492149	0.0006386165857850423	0.0005172347242058131	0.0005659796578305437	0.0003882158376533129	0.0004229017566688354	0.0005038238941711451	0.0010629466596824638	0.0012872695174578265	0.0007606991846358523	0.0004638975989003909	0.0002932252224687014	0.00022492425344994112	0.001096384185033605	0.0012038135092238627	0.0007924792845044174	0.0010176812697646894	0.5833861535116266	0.000527511701368678	0.25404931472216047	0.5437468847765804	0.0008937032401691333	0.13240142942151087	0.6053106283145063	0.0010275895621316437	0.6482356054734778	0.07603927120160313	0.9745441848212235	-0.11516503677510377	0.6036246061912122	0.3448954498723831	0.7890843955062179	0.0008162681678898182
A1022Y	missense	60	157	93	105	79	27	26	110	103	86	36	34	8	97	103	68	150	0.00019155884939078005	0.00046498350485731186	0.0003628362990697495	0.00035084119140372887	0.00020704844674843356	0.0004554326610279766	0.00034880115750310044	0.00034002040122407346	0.00042500326925591734	0.00028649709551220413	0.00015892788110476354	0.00044621229506106735	0.00011907754594408647	0.0003679645552510044	0.0003726089433311956	0.0003004454430264	0.0002845738365453113	0.5541157061745225	0.00034642736051980597	-0.026735131346005817	0.5545939014289477	0.00030261216177423963	0.21696007138136675	0.5946045741069539	0.00033139819453847783	0.5605452719377002	-0.11584625503731005	0.5379267886091258	-0.5737116570467355	-0.14872131619092882	0.2502567373243537	0.1946027362090985	0.0003268125722775078
A1022I	missense	84	61	47	70	89	11	11	78	70	117	40	4	20	87	137	81	263	0.0002669262655445296	0.0001824618816528692	0.00018527811016327633	0.00023499740178929007	0.00023292950259198774	0.0001951854261548471	0.00015502273666804465	0.0002419965017720883	0.00029014646266509745	0.00038858226747632283	0.00017610927365662986	6.374461358015247e-05	0.00027784760720286846	0.00033041715165396315	0.0004944234055740865	0.00035705110620528696	0.0004975330652182927	0.6550840794577578	0.00020891672404935586	0.9418304814794379	0.6136917899838987	0.0002742086263925346	0.6776616042596206	0.6520907825693696	0.0004198561821629073	1.0313989306292821	-0.10005198785407812	0.5738651522146996	0.6393631682621157	1.8415929899638293	0.883630338789447	1.2077290710892643	0.00030099384420159925
A1022E	missense	65	99	73	148	467	27	18	98	110	149	197	109	56	115	93	81	318	0.00020726039442281122	0.0002942933575046278	0.00028563708650171767	0.000493163561501468	0.0012112334134783363	0.0004554326610279766	0.0002454526663910707	0.000303261438929579	0.0004536092585327579	0.0004939605095038003	0.0008504789313173832	0.0014023814987633545	0.0007541577909792144	0.00043554988172567866	0.00033678116031858065	0.00035705110620528696	0.0006011857871387702	0.7868828051055984	0.0005710818547465374	2.206144338637609	0.7250568465293526	0.0005253275345708801	1.5458153321522528	0.6623560647021013	0.0004326419838470791	1.1154790218194697	-0.2684564182434684	0.1906767724113772	-0.2694039516215185	0.3505619653879575	1.6224795642031105	0.2706193688996673	0.0005096837910548322
A1022L	missense	134	154	164	142	211	25	40	269	333	226	111	30	36	229	361	228	504	0.0004239417158648411	0.00045615470413217304	0.0006368935036862624	0.00047330462613899267	0.0005486783838833489	0.0004229017566688354	0.0005296610169491525	0.0008270766516261246	0.0013649143454949654	0.0007475269043824177	0.0004810789914522572	0.00039521660419694534	0.0004895410222145777	0.0008635902827319491	0.0012969657450566617	0.0009971305283050088	0.0009517204467243855	0.6317364349486185	0.0005287578044601943	0.7178620755649507	0.5645068874878544	0.0008551492232389413	0.29423741553711596	0.6239218418633747	0.0010273517507045013	0.8006749161631774	0.09775852089483941	1.023964286663267	0.09295390809693746	0.9450892089663917	0.6042581357550814	0.9845267478148294	0.0008037529261345457
A1022D	missense	84	70	43	39	70	15	6	160	111	88	34	14	3	134	110	41	193	0.0002669262655445296	0.00020894828382828572	0.00016983826764966996	0.00013239290241650144	0.00018375549648923478	0.0002602472348731295	9.042992972302605e-05	0.0004931827441178003	0.00045769582842944943	0.00029308323563892143	0.0001503371848288304	0.00019123384074045744	5.292335375292732e-05	0.0005068899485600571	0.0003976883914400261	0.0001828798348856348	0.00036561141913768474	0.6046700886917693	0.00017373373759592298	0.4582210474216991	0.5180332306203027	0.0003485747482537504	-0.06805107701081868	0.5700607744935011	0.0003632673985058507	0.35951378707741594	-0.4590739304957461	-0.24305537770604632	-0.5579173898635037	-0.12280736985046839	0.24989458582943214	-0.18293137377825736	0.00029519196145184136
A1022S	missense	157	86	79	68	101	11	20	116	115	143	64	15	5	195	195	152	459	0.0004961688230121844	0.00025603522102902613	0.00030879685027212725	0.000228377756668465	0.0002639867696042528	0.0001951854261548471	0.00027128978916907815	0.00035839988237132067	0.00047404210801621553	0.0004742020891236482	0.0002791976289678278	0.00020398276345648793	7.938503062939099e-05	0.0007359291105020088	0.0007022245470472533	0.0006662051127976695	0.0008669136742439947	0.6183119762199635	0.0002642991493934678	0.5890844328976247	0.6062838524619536	0.0003964604271197531	0.6199125330952069	0.6400160521978621	0.0007428181111477317	0.932498148594652	0.14298606083221632	1.1268752831912145	-0.40985485440806596	0.12012157103120802	0.7138317048624945	0.6234984271112113	0.0004678592292203175
A1022A	silent	125	151	72	124	138	22	36	180	176	160	94	56	24	122	159	99	310	0.000395678934807185	0.0004473259034070342	0.0002817771258733161	0.00041372782005156703	0.0003597466762254033	0.0003741054001301236	0.00047798677139313764	0.000554447681275291	0.0007233228717143978	0.0005301842802007456	0.0004080580731068253	0.0007266885948137383	0.00033077096095579576	0.00046183306424360754	0.0005732445282018394	0.00043542817829913047	0.0005861090275867007	0.6141197804154787	0.0003756443813893302	0.548869694693763	0.5893330475297427	0.0005540032265743149	0.487771402392567	0.6392838817165262	0.0005141536995828196	0.9265011423710049	0.10642190019532395	1.043676988224018	-0.34182096913623866	0.23174602513306775	0.6543807464857783	0.6377115066785428	0.0004812671025154882
A1022F	missense	87	46	33	45	67	9	12	159	87	103	43	5	1	115	104	69	234	0.0002763471925637483	0.00013831787802717505	0.00013123866136565408	0.00015225183777897667	0.0001759911797361685	0.00016265452179570593	0.00016794129805704837	0.0004901194972599256	0.00035961815090885315	0.00034247928658930147	0.00018899531807052962	7.649353629618297e-05	2.646167687646366e-05	0.00043554988172567866	0.0003761917216324571	0.0003047997248093913	0.0004428798118420408	0.6530263426075389	0.0001494498892269936	0.9220911008342244	0.5416935241123687	0.00034530306320715244	0.1163943193760373	0.621040020459637	0.00038985528500239195	0.7770707128605233	0.013891364452758636	0.833132491315338	-0.4610073768554473	0.036194681198171916	0.6051853776902617	0.43466358625675494	0.000294869412478846
A1022M	missense	81	86	20	47	89	14	10	96	105	90	44	11	6	102	105	59	129	0.0002575053385253109	0.00025603522102902613	8.10591731964334e-05	0.00015887148289980173	0.00023292950259198774	0.00024398178269355888	0.00014210417527904092	0.00029713494521382995	0.00043317640904930036	0.0002996693757656388	0.0001932906662084962	0.00015298707259236595	9.261586906762282e-05	0.000386738257049525	0.0003797744999337186	0.00026125690697947825	0.00024499734272112893	0.6264568542051173	0.00018222384492931225	0.6672163120252531	0.5795235963510849	0.0003058178490593163	0.41130117130300886	0.5715985984587111	0.0003181917516709627	0.3721096785061595	-0.2347505617515344	0.2673712661914006	-0.21796932816915288	0.4349517035583646	0.48354238727814053	0.35116148487488263	0.0002687444818865304
A1022_	nonsense	57	64	69	100	50	12	12	87	74	101	36	12	15	65	86	90	104	0.00018213792237156137	0.00019129068237800804	0.0002701972439881113	0.00033429207860166617	0.0001319933848021264	0.0002114508783344177	0.00016794129805704837	0.0002695657234929591	0.0003064927422518635	0.0003358931464625841	0.00015892788110476354	0.00016573599530839644	0.0002116934150117093	0.00024781286374047235	0.00031170171220975016	0.0003962396422522087	0.00019788246912091185	0.609667988518415	0.000231943347442478	0.5061647128589535	0.5896887062406282	0.00026771987332804256	0.49054396360063957	0.6179296139619546	0.0002884091718308358	0.7515942321771718	-0.10005198785407812	0.5738651522146996	0.1062905082133032	0.9669708154866735	0.5827676362122549	0.7704179838506866	0.0002626907975337855
A1022Q	missense	15	47	20	13	7	2	0	25	24	5	1	1	0	32	33	5	30	5.0244944102499685e-05	0.00014126081160222131	8.10591731964334e-05	4.6337515845775506e-05	2.0704844674843356e-05	4.8796356538711774e-05	1.291856138900372e-05	7.964441830473792e-05	0.00010216424741728782	1.9758420380152007e-05	8.590696275933164e-06	2.549784543206099e-05	1.323083843823183e-05	0.00012390643187023618	0.00012181446224289088	2.6125690697947826e-05	5.8422443264269213e-05	0.45376592076301964	7.234058632981839e-05	-0.9893667777066227	0.4491993528749194	5.2539445594527727e-05	-0.6046501631484857	0.514430769869148	8.256725701883603e-05	-0.09613621856753019	-0.5771732425737406	-0.511779210840455	-0.284916117799766	0.32511086738486816	-0.5633843864742129	-0.0933341717277934	6.914909631439404e-05
A1022H	missense	57	26	34	23	10	6	1	49	66	33	10	0	0	35	47	24	105	0.00018213792237156137	7.94592065262495e-05	0.00013509862199405565	7.943574144990087e-05	2.8469161427909612e-05	0.00011385816525699414	2.583712277800744e-05	0.00015316234289372677	0.00027380018307833135	0.00011196438215419471	4.7248829517632405e-05	1.2748922716030496e-05	1.323083843823183e-05	0.00013517065294934856	0.0001719733584605518	0.00010885704457478262	0.00019976706406492052	0.5441251439605923	8.06156828495289e-05	-0.1225722207092426	0.5227319619667171	0.0001465439344109713	-0.031421803329350274	0.6515264056400037	0.0001539420300124009	1.02677627505361	-0.6441200322043538	-0.664110309210446	0.01611387786421517	0.8190163499252244	0.29092741700500574	0.07745302035738921	0.00012703388242430035
A1022P	missense	66	31	37	78	85	14	19	82	57	112	52	3	22	51	54	91	181	0.00021040070342921743	9.417387440148089e-05	0.00014667850387926044	0.00026147598227259036	0.00022257708025456607	0.00024398178269355888	0.0002583712277800744	0.00025424948920358645	0.00023702105400810777	0.0003721169171595295	0.00022765345131222885	5.099569086412198e-05	0.0003043092840793321	0.00019524649870461457	0.0001970528065693823	0.0004005939240352	0.00034299627980958054	0.7112193652794448	0.00018122636020197444	1.4803229395137343	0.6313365806090637	0.00027276022792086316	0.815212746730147	0.6961766478592728	0.00028397237727969437	1.3924940789013525	0.024886748754221824	0.8581514500568059	0.7757817225538457	2.065417435552049	1.2293432550484111	1.4617844428044275	0.00024598632180084396
A1022K	missense	68	55	47	32	23	10	3	41	54	39	26	13	0	43	50	21	73	0.0002166813214420299	0.00016480428020259155	0.00018527811016327633	0.0001092241444936137	6.211453402453006e-05	0.0001789199739752765	5.167424555601488e-05	0.00012865636803073048	0.0002247613443180332	0.00013172280253434673	0.00011597439972509772	0.00017848491802442692	1.323083843823183e-05	0.00016520857582698158	0.0001827216933643363	9.57941992258087e-05	0.00013946002585664264	0.5329143452560376	0.00013035526722100292	-0.2301147487747373	0.597741391971196	0.00015027872865205205	0.5533192124390118	0.5898110620092045	0.0001457961235684423	0.5212829380740346	-0.5393846816843407	-0.4257949087123763	-1.1300141578140228	-1.0614571200560372	0.28149580057943635	-0.7436260143842067	0.00014214337314716577
N1023L	missense	110	105	53	81	217	22	33	131	84	126	113	21	31	85	81	93	438	0.0003485742997110916	0.0003119509589549054	0.00020843787393368587	0.000271405449953828	0.0005642070173894814	0.0003741054001301236	0.0004392310872261265	0.0004043485852394387	0.0003473584412187786	0.00041821989804655086	0.0004896696877281903	0.0002804762997526709	0.0004233868300234186	0.00032290767093455487	0.0002937878207034427	0.00040930248760118263	0.0008273371804198124	0.7005655388368432	0.0003390003250579752	1.3781233140095401	0.6496162803874289	0.0004148991530582396	0.9577133658616844	0.7348562223665205	0.00046333378991474816	1.7093077923206055	0.06969909317058408	0.9601177083814215	0.17884117536191488	1.0860060371682296	1.34838149073061	1.0230618727748255	0.00040574442267698763
N1023W	missense	54	214	158	234	194	38	38	275	251	212	103	62	36	186	179	127	184	0.00017271699535234268	0.0006327307186349497	0.0006137337399158529	0.000777808301696946	0.0005046805889493067	0.0006343526350032531	0.0005038238941711451	0.0008454561327733718	0.0010298156139662612	0.0007014239234953963	0.00044671620634852453	0.0008031821311099213	0.0004895410222145777	0.0007021364472646716	0.0006449000942270693	0.000557348068222887	0.00034865006464160657	0.6141221882688291	0.0006322383372992639	0.5488927926588006	0.561966433454139	0.0007558529691458884	0.27443313663379854	0.5613075063302453	0.0005632586685890586	0.2878181847683477	-0.10005198785407812	0.5738651522146996	-0.21502494752237158	0.4397826033526638	0.37038137135364896	0.5068238777836817	0.0006504499916780704
N1023R	missense	127	301	238	129	268	42	48	303	179	190	158	61	29	188	135	134	349	0.0004019595528199975	0.0008887659396639759	0.00092253059018798	0.00043027693285362974	0.0006962004021916078	0.0006994144437215354	0.0006330095080611823	0.0009312270447938588	0.0007355825814044723	0.0006289763821015056	0.0006829603539366865	0.0007904332083938907	0.00039692515314695493	0.00070964592798408	0.0004872578489715635	0.0005878280407038261	0.0006596082304030394	0.5794744456620686	0.0007344434662242984	0.2165252308204315	0.5892716193182682	0.0007446865905591308	0.48729253467190475	0.6224664479963555	0.0006110850120156272	0.7887541869056319	-0.043324363405150945	0.7029435051559724	-0.29915655691437626	0.3017463155003474	0.49752398413265614	0.5023449103281599	0.0006967383562663522
N1023G	missense	131	85	59	98	138	5	9	123	128	92	72	10	6	141	130	101	209	0.00041452078884562243	0.0002530922874539799	0.00023159763770409542	0.0003276724334808411	0.0003597466762254033	9.759271307742355e-05	0.0001291856138900372	0.0003798426103764424	0.0005271675166732051	0.00030625551589235614	0.0003135604140715605	0.00014023814987633546	9.261586906762282e-05	0.000533173131077986	0.000469343957465256	0.00044413674186511305	0.0003957649382418237	0.6693685217966064	0.00029302725871607993	1.078857742570252	0.5906347077187256	0.00038170651425339106	0.4979185812345561	0.5953221790865502	0.0004606046921625447	0.5664229761588634	0.1217967617622782	1.0786610339520262	-0.1801807672797531	0.49695209444770955	0.7143997666545571	0.7878065641998678	0.0003784461550440053
N1023K	missense	51	38	25	15	35	0	3	21	30	22	20	1	0	29	20	31	78	0.00016329606833312397	0.00011477440942680483	0.00010035897633844135	5.295716096660058e-05	9.31718010367951e-05	1.6265452179570593e-05	5.167424555601488e-05	6.739143087323978e-05	0.0001266836667974369	7.574061145724937e-05	9.020231089729822e-05	2.549784543206099e-05	1.323083843823183e-05	0.0001126422107911238	7.523834432649142e-05	0.00013933701705572175	0.00014888300057668604	0.5861744618436783	9.031558694216047e-05	0.28079689399437546	0.6310724685151741	9.000450500630606e-05	0.8131538432822935	0.6703740900498394	0.00011902514318750575	1.181152453264033	0.5020080034738842	1.9437958131119601	-0.284916117799766	0.32511086738486816	0.758367730180234	1.134453340248414	9.97817450453241e-05
N1023T	missense	17	15	1	11	11	0	0	40	9	22	12	0	2	32	27	26	70	5.652556211531215e-05	4.7086937200740445e-05	7.71992125680318e-06	3.9717870724950433e-05	3.105726701226503e-05	1.6265452179570593e-05	1.291856138900372e-05	0.00012559312117285594	4.086569896691513e-05	7.574061145724937e-05	5.5839525793565566e-05	1.2748922716030496e-05	3.9692515314695496e-05	0.00012390643187023618	0.00010031779243532189	0.00011756560814076522	0.0001338062410246166	0.6089835111870613	3.139549904868977e-05	0.4995986844646168	0.5518611244758346	7.45097393476465e-05	0.19565652632928027	0.637339053502366	0.00011889901836773497	0.9105715915333871	-0.10005198785407819	0.5738651522146992	0.49323513258387763	1.6018380186522772	0.5352756007757614	1.0878515854334883	7.493475225469042e-05
N1023N	silent	37	86	97	121	84	21	31	95	86	98	77	31	10	78	97	70	164	0.00011933174224343676	0.00025603522102902613	0.00037827614158335586	0.00040379835237032945	0.00021998897467021065	0.000357839947950553	0.00041339396444811904	0.0002940716983559554	0.00035553158101216164	0.00032601393627250814	0.0003350371547613934	0.00040796552691297586	0.00014553922282055013	0.000296624488416626	0.00035111227352362665	0.00030915400659238263	0.0003109581657614329	0.6167915294554253	0.0003145246724132305	0.5744991483736049	0.633905735045924	0.00032766359260050465	0.8352407615408947	0.6251028084926928	0.00031696223357351703	0.8103478876998312	0.06267530964362161	0.9441357521848844	-0.4476434152974658	0.05812118014186299	0.7400292658714437	0.5011284661633737	0.0003197168328624174
N1023S	missense	67	177	132	142	89	12	22	189	187	145	54	11	8	189	209	113	175	0.00021354101243562366	0.0005238421763582374	0.0005133747635774115	0.00047330462613899267	0.00023292950259198774	0.0002114508783344177	0.0002971269119470856	0.0005820169029961618	0.0007682751405780044	0.00048078822925036555	0.00023624414758816203	0.00015298707259236595	0.00011907754594408647	0.0007134006683437841	0.0007523834432649142	0.0004963881232610087	0.00033168871014552844	0.5595545040564809	0.0004358627671666573	0.025437964369772824	0.5448961490713216	0.0005168311051031735	0.14136059590302033	0.5486477696237726	0.0005734652362538088	0.18412577739359468	0.147732495856678	1.1376753479083943	-0.10882485874408482	0.6140270535715643	0.11697477922212929	0.8758512007399792	0.0005087197028412132
N1023_	nonsense	59	995	885	420	64	146	23	666	494	286	25	272	42	291	422	137	164	0.00018841854038437382	0.0029311618407460924	0.003419925116763809	0.0013934352979336777	0.00016822686298310227	0.002391021470396877	0.0003100454733360893	0.002043185654202315	0.002022852098862299	0.0009451111081839377	0.00011167905158713113	0.0034804559014763254	0.0005689260528439688	0.001096384185033605	0.0015155152214336128	0.0006008908860528	0.0003109581657614329	0.46204628761548977	0.0019781872796066705	-0.9099351860696614	0.4573128134632222	0.0012807069782089207	-0.5414011398521152	0.5089693570666873	0.0008809371145703626	-0.14086914266261857	-0.8871580808906482	-1.217120440186961	-0.7865803135969544	-0.49797885877984177	-0.5307351561947984	-0.8575496494834014	0.001379943790795318
N1023F	missense	24	1	5	65	343	6	108	23	23	96	96	19	165	4	10	40	155	7.850772516015576e-05	5.885867150092556e-06	2.315976377040954e-05	0.0002184482889872274	0.0008903083210182643	0.00011385816525699414	0.0014081231914014056	7.351792458898885e-05	9.807767752059631e-05	0.0003194277961457908	0.0004166487693827585	0.0002549784543206099	0.0021963191807464837	1.877370179852063e-05	3.941056131387646e-05	0.00017852555310264348	0.00029399681126535473	0.9379449679786899	0.00028445056023149846	3.6552477717242815	0.7972459244648149	0.0002269180419095336	2.1085701052100285	0.8522405012091425	0.00013267665687009882	2.6707700046364047	1.0922764700722887	3.2868959728989915	0.9351919702402891	2.326964777808717	2.8115292938569048	2.806930375353854	0.0002146817530037103
N1023C	missense	37	23	6	47	338	4	42	57	14	52	104	3	45	46	24	21	197	0.00011933174224343676	7.063040580111066e-05	2.7019724398811132e-05	0.00015887148289980173	0.0008773677930964871	8.132726089785297e-05	0.0005554981397271599	0.00017766831775672305	6.129854845037269e-05	0.0001745327133580094	0.00045101155448649114	5.099569086412198e-05	0.0006086185681586642	0.00017647279690609393	8.95694575315374e-05	9.57941992258087e-05	0.0003731497989137195	0.9063395982934055	0.00028347235154905267	3.3520649703937093	0.7599409854797257	0.00021612778351289908	1.8177569645953708	0.7264059354216549	0.00018374656314428987	1.6400938255030681	0.8344464633894895	2.700228138228497	1.076811718217827	2.5593229180924055	2.2699719201640494	2.6297755281604513	0.00022778223273541386
N1023Y	missense	26	14	12	2	4	3	0	18	13	10	3	2	1	12	12	10	25	8.478834317296822e-05	4.414400362569416e-05	5.017948816922067e-05	9.929467681237608e-06	1.2940527921777098e-05	6.506180871828237e-05	1.291856138900372e-05	5.8201690299616175e-05	5.721197855368118e-05	3.622377069694535e-05	1.718139255186633e-05	3.824676814809149e-05	2.646167687646366e-05	4.881162467615364e-05	4.657611791639945e-05	4.789709961290435e-05	4.899946854422579e-05	0.4822228173981074	2.9298371849482385e-05	-0.7163865302071759	0.5183404679247676	4.220470802552726e-05	-0.0656559881068766	0.6262250825960357	4.807107768742081e-05	0.8195401249641707	-0.7021119791820406	-0.7960655086825615	-0.15997738119146607	0.5301001637385283	0.012499202216706085	-0.13298267247201662	3.9858052520810147e-05
N1023Q	missense	43	16	8	33	67	0	13	27	37	64	21	6	10	53	72	52	100	0.00013817359628187414	5.002987077578672e-05	3.4739645655614314e-05	0.00011253396705402623	0.0001759911797361685	1.6265452179570593e-05	0.0001808598594460521	8.577091202048699e-05	0.0001552896560742775	0.00021404955411831342	9.449765903526481e-05	8.924245901221346e-05	0.00014553922282055013	0.00020275597942402283	0.00026154281599208924	0.00023077693449853913	0.0001903440893448771	0.7775866470829563	9.332366580539895e-05	2.1169685036772425	0.6443183534664125	0.00013740194531208568	0.9164130231037579	0.6153998151142788	0.00022135495481488205	0.7308733484201455	1.04607604782416	3.181771274537106	0.2124085230081834	1.1410806054027394	1.2547516250670487	2.1614259399699227	0.00015069352197745556
N1023E	missense	44	67	59	39	62	2	18	33	49	42	20	0	4	52	45	42	100	0.00014131390528828035	0.00020011948310314688	0.00023159763770409542	0.00013239290241650144	0.00016305065181439142	4.8796356538711774e-05	0.0002454526663910707	0.0001041503931677342	0.00020432849483457564	0.00014160201272442273	9.020231089729822e-05	1.2748922716030496e-05	6.615419219115915e-05	0.0001990012390643187	0.00016480780185802884	0.00018723411666862608	0.0001903440893448771	0.5888299972109284	0.00018179016875953378	0.3062708137647295	0.6008065014163745	0.0001350708029060077	0.5772134776041762	0.6244022802586672	0.00018534681173396268	0.8046100543858914	0.7015803583790884	2.3979038621272593	0.715083882200234	1.9658293660545776	0.562698115251599	2.1818666140909184	0.0001674025944665014
N1023V	missense	67	16	30	37	159	1	14	19	4	98	118	0	18	25	26	55	316	0.00021354101243562366	5.002987077578672e-05	0.0001196587794804493	0.00012577325729567639	0.0004140968934968671	3.2530904359141185e-05	0.0001937784208350558	6.12649371574907e-05	2.0432849483457566e-05	0.00032601393627250814	0.0005111464284180233	1.2748922716030496e-05	0.0002513859303264048	9.762324935230729e-05	9.673501413406039e-05	0.00024383977984751304	0.0005974165972507529	0.8184856463543047	0.00017738970026219487	2.509302885276894	0.8501742499878965	0.00022971453783286993	2.5211763978779933	0.8237328037965095	0.00025890366014615844	2.4372713275339364	0.7750092755376219	2.5649844296137045	1.2948674788170442	2.9170910382490347	2.4892502035629414	2.7410377339313694	0.00022200263274707444
N1023M	missense	39	5	1	9	36	1	3	9	11	39	32	0	0	6	17	27	132	0.00012561236025624922	1.7657601450277664e-05	7.71992125680318e-06	3.309822560412536e-05	9.575990662115051e-05	3.2530904359141185e-05	5.167424555601488e-05	3.063246857874535e-05	4.9038838760298155e-05	0.00013172280253434673	0.00014174648855289722	1.2748922716030496e-05	1.323083843823183e-05	2.6283182517928884e-05	6.449000942270693e-05	0.00012191988992375652	0.000250651127553155	0.8354614039907238	3.855891373308918e-05	2.6721472945076066	0.7722593442776248	8.828514960657185e-05	1.9137855524096306	0.8220818078543203	0.00011583605235438684	2.4237484756942123	0.200978007809903	1.2588304826633299	0.01611387786421517	0.8190163499252244	2.336560440870483	1.038923416294277	8.089337189801596e-05
N1023P	missense	15	37	10	8	26	7	2	11	12	9	11	1	0	21	6	11	56	5.0244944102499685e-05	0.00011183147585175854	4.245956691241749e-05	2.9788403043712825e-05	6.987885077759632e-05	0.00013012361743656474	3.875568416701116e-05	3.6758962294494424e-05	5.312540865698967e-05	3.293070063358668e-05	5.1544177655598985e-05	2.549784543206099e-05	1.323083843823183e-05	8.260428791349079e-05	2.5079448108830473e-05	5.225138139589565e-05	0.000107421911808495	0.5568150652322945	6.348957414637129e-05	-0.0008408213258509391	0.6423212334340815	4.358981231016744e-05	0.9008443406561398	0.6725136212361853	6.683925730667797e-05	1.1986767623795722	-0.5260207201263593	-0.3953864760760374	-0.284916117799766	0.32511086738486816	0.699560093903287	-0.03513780434558461	5.797288125440556e-05
N1023I	missense	26	4	7	12	30	3	1	26	17	16	18	3	2	36	33	22	54	8.478834317296822e-05	1.4714667875231389e-05	3.087968502721272e-05	4.302769328536297e-05	8.0231273115018e-05	6.506180871828237e-05	2.583712277800744e-05	8.270766516261246e-05	7.355825814044724e-05	5.5982191077097355e-05	8.161161462136506e-05	5.099569086412198e-05	3.9692515314695496e-05	0.00013892539330905267	0.00012181446224289088	0.0001001484810088	0.00010365272192047764	0.7794963883736474	4.221332982570627e-05	2.135288198086575	0.6161249243142364	7.346493225038053e-05	0.6966292652555455	0.5906962519587036	0.0001161352646203053	0.5285332845050597	-0.4010819835180594	-0.11110017823393115	-0.10882485874408475	0.6140270535715644	1.1201502492823936	0.2514634376688166	7.727117556546404e-05
N1023A	missense	18	18	7	16	8	3	1	16	12	11	7	2	0	12	12	7	14	5.966587112171838e-05	5.591573792587927e-05	3.087968502721272e-05	5.6266983527013114e-05	2.3292950259198775e-05	6.506180871828237e-05	2.583712277800744e-05	5.20751965838671e-05	5.312540865698967e-05	3.9516840760304014e-05	3.436278510373266e-05	3.824676814809149e-05	1.323083843823183e-05	4.881162467615364e-05	4.657611791639945e-05	3.483425426393044e-05	2.8268924160130263e-05	0.5705374732733837	4.1588839184825975e-05	0.13079497829701126	0.5784106850283814	4.477005777622336e-05	0.40262539684026666	0.5671339368132892	3.962273025415345e-05	0.33554086788541204	-0.4010819835180594	-0.11110017823393115	-0.4610073768554473	0.036194681198171916	0.28965374767422997	-0.037452748517879615	4.199387573840093e-05
N1023H	missense	11	6	6	8	0	0	0	14	16	10	5	1	0	11	15	10	14	3.768370807687477e-05	2.0600535025323943e-05	2.7019724398811132e-05	2.9788403043712825e-05	2.5881055843554194e-06	1.6265452179570593e-05	1.291856138900372e-05	4.594870286811803e-05	6.947168824375573e-05	3.622377069694535e-05	2.5772088827799493e-05	2.549784543206099e-05	1.323083843823183e-05	4.505688431644952e-05	5.732445282018394e-05	4.789709961290435e-05	2.8268924160130263e-05	0.5448895609686574	1.999919201305083e-05	-0.11523934999146046	0.5589281496683185	4.4354062659154655e-05	0.2507479926858024	0.5831404946483028	4.463684022741702e-05	0.46664616289894656	-0.10005198785407819	0.5738651522146992	-0.284916117799766	0.32511086738486816	0.20071826853109617	0.4494880097997837	3.63300316332075e-05
N1023D	missense	8	1	1	1	0	0	0	3	3	5	0	0	0	7	0	1	1	2.8262781057656074e-05	5.885867150092556e-06	7.71992125680318e-06	6.619645120825072e-06	2.5881055843554194e-06	1.6265452179570593e-05	1.291856138900372e-05	1.2252987431498142e-05	1.634627958676605e-05	1.9758420380152007e-05	4.295348137966582e-06	1.2748922716030496e-05	1.323083843823183e-05	3.003792287763301e-05	3.582778301261496e-06	8.70856356598261e-06	3.7691898880173684e-06	0.5647640542575322	5.703384778019057e-06	0.07541194155638914	0.5764254570539659	1.3163258884095694e-05	0.3871494197234932	0.4252091005791828	1.1524613658223622e-05	-0.826926273145868	-0.10005198785407819	0.5738651522146992	0.01611387786421517	0.8190163499252244	-0.12145497062199521	0.6964407510699618	1.0130419106779458e-05
L1024P	missense	73	8	15	33	80	2	9	22	18	108	88	4	8	37	39	112	329	0.00023238286647406104	2.6486402175416498e-05	6.175937005442545e-05	0.00011253396705402623	0.00020963655233278896	4.8796356538711774e-05	0.0001291856138900372	7.045467773111431e-05	7.764482803713875e-05	0.0003589446369060948	0.0003822859842790258	6.374461358015247e-05	0.00011907754594408647	0.00014268013366875682	0.00014331113205045984	0.0004920338414780174	0.0006219163315228658	0.8078098261850766	0.00010260407290416428	2.406892279179316	0.7960267216350139	0.00022233253173834343	2.09906572821259	0.7845094671087756	0.00034998535968002494	2.116003808254318	0.4228267574262594	1.7636263644006565	0.27138638296752127	1.2378466712499765	2.207320605215408	1.5007365178253165	0.00022497398810751088
L1024Y	missense	47	53	35	58	61	7	13	125	127	138	43	4	11	148	103	113	200	0.00015073483230749907	0.000158918413052499	0.00013895858262245726	0.00019527953106433964	0.000160462546230036	0.00013012361743656474	0.0001808598594460521	0.00038596910409219147	0.0005230809467765136	0.00045773673880685487	0.00018899531807052962	6.374461358015247e-05	0.00015877006125878198	0.0005594563135959148	0.0003726089433311956	0.0004963881232610087	0.0003788035837457455	0.6366568943776357	0.00016340476824233297	0.7650628736691238	0.5722720534926484	0.00038894552693652243	0.35477128517166856	0.5960764007300847	0.00045181424098346613	0.5726005973626483	0.14298606083221632	1.1268752831912145	0.3963251195758213	1.4428359676036369	0.5641449187344802	1.2848556253974257	0.00033472151205410713
L1024G	missense	227	165	181	180	420	31	49	238	361	274	125	20	17	285	352	289	786	0.0007159904534606205	0.0004885269734576821	0.0007025128343690894	0.0005990778834346691	0.0010895924510136315	0.000520494469746259	0.000645928069450186	0.000732115999032014	0.0014793383026023277	0.0009055942674236337	0.0005412138653837894	0.0002677273770366404	0.00023815509188817295	0.0010738557428753802	0.0012647207403453083	0.0012627417170674783	0.0014831762209348346	0.6987817956389248	0.000719927535568768	1.3610122893645396	0.5858266746622052	0.0009145656086104411	0.4604372387800174	0.6551402241141028	0.0012711236053057503	1.056376064218506	0.09376803816203468	1.0148843200051398	-0.05083291176639803	0.7091755137517279	0.9592751974543544	0.8620299168784339	0.0009685389164949865
L1024T	missense	99	43	53	75	124	10	17	165	250	129	67	13	20	217	212	165	396	0.00031403090064062303	0.0001294890773020362	0.00020843787393368587	0.00025154651459135277	0.0003235131980444274	0.0001789199739752765	0.00023253410500206697	0.0005084989784071729	0.0010257290440695698	0.00042809910823662684	0.0002920836733817276	0.00017848491802442692	0.00027784760720286846	0.0008185333984154996	0.0007631317781686986	0.0007228107759765565	0.0007481841927714476	0.7105955825567282	0.00022824666596787558	1.474339140077814	0.5558646493884151	0.0005636027010237743	0.22686627187589317	0.6147069847625906	0.0007631650363330505	0.7251985663346606	0.11382783209100296	1.060528486949302	0.19220513691989644	1.1079325361119206	0.8088013260961225	1.0842305115306112	0.0005183381344415668
L1024S	missense	112	140	83	130	124	21	32	238	221	153	72	10	37	200	221	186	440	0.000354854917723904	0.00041495363408152516	0.0003242366927857336	0.00043358675541404227	0.0003235131980444274	0.000357839947950553	0.0004263125258371228	0.000732115999032014	0.0009072185170655158	0.0005071327897572349	0.0003135604140715605	0.00014023814987633546	0.0005027718606528096	0.0007547028123005295	0.0007953767828800522	0.000814250693419374	0.0008311063703078297	0.6112183120771968	0.00037407257008143207	0.5210365983708354	0.5408671836917742	0.0006150069299815813	0.10995252749893568	0.6347046433337072	0.0007988591647269463	0.8889938653346198	0.07603927120160313	0.9745441848212235	0.5545047893228002	1.7023642778709707	0.5066609970681303	1.338454231346097	0.0005959795549299866
L1024I	missense	84	64	38	60	216	9	41	94	99	97	70	4	19	123	152	128	475	0.0002669262655445296	0.00019129068237800804	0.00015053846450766202	0.00020189917618516472	0.000561618911805126	0.00016265452179570593	0.0005425795783381563	0.0002910084514980809	0.0004086569896691513	0.00032272086620914947	0.00030496971779562734	6.374461358015247e-05	0.0002646167687646366	0.00046558780460331166	0.0005481650800930089	0.0005617023500058783	0.0008970671933481337	0.7564457307265636	0.0002763368087189902	1.9141687165698393	0.6208514969107805	0.00033183900629300226	0.7334755772597968	0.6911255597375268	0.0006181306070125831	1.351122010954783	0.5231973025438224	1.9920100623511487	0.6181738691921775	1.806827315005937	1.3329221015948065	1.899418688678543	0.0004087688073415252
L1024F	missense	78	42	64	67	93	7	16	70	120	145	28	3	13	84	109	83	134	0.0002480844115060922	0.00012654614372698995	0.00025089744084610336	0.00022506793410805246	0.0002432819249294094	0.00013012361743656474	0.00021961554361306325	0.00021749052690909202	0.000494474957499673	0.00048078822925036555	0.0001245650960010309	5.099569086412198e-05	0.00018523173813524564	0.00031915293057485075	0.0003941056131387646	0.0003657596697712696	0.00025442031744117235	0.6729398722169817	0.00021144836090263881	1.1131168585294817	0.5972482687155151	0.00032932970241504036	0.5494750372011962	0.6041381663264621	0.0003333596327315143	0.6386322931049405	0.2273069465322522	1.3187394966223445	0.5601819222144908	1.7116788548257738	0.7670747296118728	1.515209175724059	0.0002913792320163978
L1024Q	missense	55	37	35	54	77	7	1	67	67	66	51	9	3	91	103	107	258	0.0001758573043587489	0.00011183147585175854	0.00013895858262245726	0.0001820402408226895	0.00020187223557972272	0.00013012361743656474	2.583712277800744e-05	0.0002083007863354684	0.0002778867529750229	0.00022063569424503074	0.00022335810317426226	0.00012748922716030494	5.292335375292732e-05	0.0003454361130927796	0.0003726089433311956	0.0004702624325630609	0.00048811009049824924	0.6866832138233472	0.000158675633719157	1.244953468869811	0.6233767804544329	0.0002325453341824461	0.7531615935957467	0.6641963365721857	0.00041910439487132135	1.1305521805160108	-0.7021119791820406	-0.7960655086825615	-0.38182613080782246	0.1661088163362278	1.042889080993856	-0.3149783461731669	0.0002701084542576415
L1024L	silent	215	260	211	158	192	32	31	310	356	339	143	50	19	332	391	298	954	0.0006783067453837458	0.0007681056630870785	0.0008183116532211372	0.0005262617871055932	0.000499504377780596	0.0005367599219258296	0.00041339396444811904	0.0009526697727989806	0.00145890545311887	0.0011196438215419471	0.0006185301318671878	0.0006501950585175553	0.0002646167687646366	0.001250328539781474	0.0014044490940945066	0.0013019302531144	0.0017997881715282934	0.5724647488423648	0.0006530458702986012	0.1492828748714886	0.5845854925083117	0.0010374372948317465	0.4507615204952912	0.658567730233497	0.0014391240146296685	1.0844498203361963	-0.11341594941205967	0.5434567195783604	-0.39042630256974004	0.15199835543471274	0.561498071900992	0.34772753750653657	0.0010432023932533388
L1024E	missense	114	150	102	108	222	12	24	157	135	150	141	5	22	168	138	190	519	0.0003611355357367165	0.00044438296983198794	0.0003975759447253638	0.00036077065908496646	0.0005771475453112585	0.0002114508783344177	0.000322964034725093	0.0004839930035441766	0.0005557735059500458	0.0004972535795671588	0.0006099394355912547	7.649353629618297e-05	0.0003043092840793321	0.0006345511207899974	0.000498006183875348	0.0008316678205513391	0.0009799893708845157	0.6503871767991728	0.00044496927973839415	0.8967742103525146	0.6435913710815071	0.000536739881163159	0.9107457834224283	0.683163917267819	0.0007360536240252999	1.285910396094027	0.1839446685111227	1.2200727274579115	0.5996904634981644	1.776501249365353	1.0311434632896566	1.4982869884116323	0.0005725875949756178
L1024_	nonsense	71	117	237	223	64	30	21	211	371	160	35	20	5	230	311	154	247	0.0002261022484612486	0.0003472661618554608	0.0009186706295595785	0.0007414002535324081	0.00016822686298310227	0.0005042290175666884	0.00028420835055808184	0.0006494083338694015	0.0015202040015692428	0.0005301842802007456	0.00015463253296679695	0.0002677273770366404	7.938503062939099e-05	0.0008673450230916532	0.0011178268299935868	0.0006749136763636522	0.0004673795461141537	0.58395384467677	0.0005438909769826374	0.25949504117474304	0.5166443973883302	0.0007136072871515468	-0.07887781912508285	0.5593394112775715	0.0007818662688907615	0.2716980616816054	-0.24899100086614456	0.23496849163613504	-0.5279541664860604	-0.07364615497532452	0.1507717612437552	0.08066116833040526	0.000679788177674982
L1024K	missense	111	379	380	251	174	56	46	538	465	318	124	83	28	454	476	184	460	0.0003517146087174978	0.0011183147585175856	0.001470644999421006	0.0008340752852239591	0.00045291847726219837	0.0009271307742355238	0.0006071723852831748	0.0016510900563943747	0.0019043415718582452	0.0010504893502114151	0.0005369185172458227	0.0010709095081465616	0.0003836943147087231	0.0017084068636653775	0.0017089852497017338	0.0008055421298533913	0.0008687982691880034	0.5400931975806209	0.0009689883801061872	-0.16124972426217687	0.5230046226750542	0.0012857098739274644	-0.02929625858726076	0.5409846649706063	0.0012729331281021263	0.12135940334687209	-0.18382898559085212	0.3832385044874819	-0.4457674102987104	0.061199176246917814	-0.02306219316752185	0.22221884036719985	0.0011758771273785926
L1024M	missense	84	36	54	86	165	16	26	110	133	102	89	4	13	129	124	155	523	0.0002669262655445296	0.00010888854227671227	0.00021229783456208748	0.00028795456275589065	0.0004296255270029996	0.0002765126870527001	0.00034880115750310044	0.00034002040122407346	0.0005476003661566627	0.0003391862165259428	0.0003865813324169924	6.374461358015247e-05	0.00018523173813524564	0.0004881162467615364	0.00044784728765768703	0.0006792679581466435	0.0009875277506605506	0.7498918447680581	0.00025969161664942254	1.851298845902705	0.619674921455938	0.00040334707908091784	0.7243035048076853	0.7080683430808747	0.0006506898108066045	1.4898956705682866	0.10086285492663517	1.0310279056266258	0.46327190920643446	1.5526768037771335	1.3551660070928924	1.2918523547018796	0.0004379095021789816
L1024R	missense	244	205	168	166	184	31	32	357	409	307	152	23	17	478	426	334	734	0.0007693757065695264	0.0006062443164595332	0.0006523333461998687	0.0005527403675888936	0.0004787995331057526	0.000520494469746259	0.0004263125258371228	0.0010966423751190837	0.0016754936576435203	0.0010142655795144697	0.0006571882651088871	0.0003059741451847319	0.00023815509188817295	0.0017985206322982765	0.0015298463346386589	0.001458684397302087	0.0013851772838463828	0.5986952735318041	0.0005725293908385121	0.4009060653262973	0.5693133124685391	0.00111089746934649	0.3317062221291965	0.5984457345666591	0.0015430571620213512	0.5920071565261766	-0.08668802629609666	0.6042735848510383	-0.10882485874408482	0.6140270535715643	0.44153981466055675	0.6091503192113012	0.0010754946740687845
L1024V	missense	201	243	191	173	578	46	55	308	300	326	275	66	44	308	328	303	1203	0.0006343424192940585	0.0007180757923112918	0.0007411124406531053	0.0005759091255117813	0.0014985131333417878	0.0007644762524398178	0.0007234394377842084	0.0009465432790832315	0.0012300575389041454	0.0010768339107182843	0.0011855160860787767	0.0008541778219740432	0.0005953877297204324	0.001160214771148575	0.0011787340611150322	0.0013237016620293565	0.002269052312586456	0.7019789395643959	0.0008834026229544915	1.3916817313370113	0.6408735367973475	0.0011097377036961096	0.889558724943052	0.6981552207319339	0.001482925701719855	1.4087000229181594	-0.023961818783595164	0.7470011471387152	-0.1567484110612676	0.5353979947627969	1.2299801597327409	0.6411995709507561	0.0011586886761234853
L1024A	missense	118	33	14	44	123	5	8	69	98	110	77	2	9	119	152	92	477	0.0003736967717623414	0.00010005974155157344	5.7899409426023855e-05	0.00014894201521856415	0.000320925092460072	9.759271307742355e-05	0.00011626705250103349	0.00021442728005121748	0.0004045704197724598	0.00036553077703281215	0.0003350371547613934	3.824676814809149e-05	0.0001323083843823183	0.0004505688431644952	0.0005481650800930089	0.0004049482058181913	0.0009008363832361511	0.7750492071108743	0.00015695656466405836	2.0926274449709372	0.6555772950636716	0.0003298914079044707	1.0041828534526196	0.6905009788101422	0.0005761296280779617	1.3460062410566815	0.07603927120160313	0.9745441848212235	0.5389926231445527	1.6769131798678811	1.4809388464934126	1.3257286823445522	0.0003543258668821636
L1024W	missense	48	18	16	16	84	4	17	42	56	66	59	0	20	36	38	62	316	0.00015387514131390528	5.591573792587927e-05	6.561933068282704e-05	5.6266983527013114e-05	0.00021998897467021065	8.132726089785297e-05	0.00023253410500206697	0.00013171961488860502	0.00023293448411141625	0.00022063569424503074	0.0002577208882779949	1.2748922716030496e-05	0.00027784760720286846	0.00013892539330905267	0.00013972835374919835	0.00027431975232845217	0.0005974165972507529	0.7767339917627014	9.944775670148252e-05	2.10878918379779	0.6792260374508353	0.00021075267038076173	1.1885382024305913	0.7890818421962051	0.00028759752415936403	2.1534548699334692	0.4562505129132091	1.8396789639811575	1.3383331725981344	2.9884060060931823	1.816927418720617	2.41404248503717	0.00019926598374720274
L1024D	missense	94	60	79	96	172	9	16	113	82	118	69	3	12	152	114	146	237	0.0002983293556085919	0.00017951894807782294	0.00030879685027212725	0.000321052788360016	0.0004477422660934876	0.00016265452179570593	0.00021961554361306325	0.00034921014179769704	0.0003391853014253956	0.0003918753375396815	0.0003006743696576608	5.099569086412198e-05	0.0001720008996970138	0.0005744752750347314	0.00041201950464507205	0.0006400794220997218	0.00044853359667406685	0.7062304947404872	0.00031427771320086345	1.4324658898877336	0.6165893400728538	0.00034523628760510874	0.7002496492848146	0.6159784736400831	0.0005187769496133981	0.7356129806083802	0.13039693352419576	1.0982299127271244	0.5279972388430896	1.6588728494444884	0.9561095065936428	1.3785513810858063	0.00039276365013979006
L1024N	missense	62	97	34	56	26	10	20	70	72	65	16	28	0	89	73	44	113	0.0001978394674035925	0.0002884074903545352	0.00013509862199405565	0.00018865988594351458	6.987885077759632e-05	0.0001789199739752765	0.00027128978916907815	0.00021749052690909202	0.00029831960245848047	0.0002173426241816721	7.30209183454319e-05	0.00036971875876488436	1.323083843823183e-05	0.0003379266323733714	0.0002651255942933507	0.00019594268023460871	0.00021484382361699	0.5146654934784513	0.00017051121226742546	-0.405171647589343	0.54524271228697	0.00020154341797366912	0.14406225257117658	0.570944146843781	0.0002534596826295802	0.3667492460551674	0.18077462172161615	1.2128595853192932	-1.446284120034741	-1.5803670976451396	0.03521328367900032	-0.18375375616292322	0.0002085047709568916
L1024C	missense	46	43	22	29	51	7	3	48	66	65	26	4	0	41	53	57	216	0.00014759452330109283	0.0001294890773020362	8.877909445323657e-05	9.929467681237608e-05	0.00013458149038648182	0.00013012361743656474	5.167424555601488e-05	0.00015009909603585223	0.00027380018307833135	0.0002173426241816721	0.00011597439972509772	6.374461358015247e-05	1.323083843823183e-05	0.00015769909510757332	0.00019347002826812078	0.0002525483434134957	0.0004089571028498845	0.6321306935060103	0.00011303608473853269	0.7216441042223858	0.5987803374023949	0.00018930407575523835	0.5614183808599804	0.7253348413624645	0.00025316864240976857	1.6313207898470057	-0.4010819835180594	-0.11110017823393115	-0.6828561264718036	-0.32779666620412845	0.9714610916431239	-0.2194484222190298	0.00018516960096784653
L1024H	missense	65	73	46	59	78	7	9	102	94	88	19	1	7	75	123	91	236	0.00020726039442281122	0.00021777708455342454	0.00018141814953487475	0.00019858935362475217	0.00020446034116407814	0.00013012361743656474	0.0001291856138900372	0.00031551442636107717	0.00038822414018569373	0.00029308323563892143	8.590696275933165e-05	2.549784543206099e-05	0.00010584670750585465	0.00028536026733751364	0.0004442645093564255	0.0004005939240352	0.0004466490017300582	0.6214507369790974	0.0002005612322192824	0.6191938190284176	0.534492187617296	0.00027068219123625595	0.060255820299759115	0.6598947804221228	0.0003942169256147993	1.095319321966145	-0.0031419748460217757	0.7943747361099195	0.6181738691921775	1.806827315005937	0.5915896537647739	1.3006010255579283	0.0002884867830234459
A1025K	missense	49	51	49	31	22	10	5	92	59	41	31	3	0	97	49	47	99	0.00015701545032031152	0.00015303254590240644	0.0001929980314200795	0.00010591432193320116	5.952642844017465e-05	0.0001789199739752765	7.751136833402232e-05	0.0002848819577823318	0.00024519419380149076	0.00013830894266106405	0.00013745114041493063	5.099569086412198e-05	1.323083843823183e-05	0.0003679645552510044	0.0001791389150630748	0.0002090055255835826	0.00018845949440086842	0.5351606380533606	0.00012786783192396544	-0.20856659573357408	0.5398124520184822	0.00020145905866495432	0.10173029637456853	0.5576877064429253	0.00023614212257463255	0.2581694034995271	-0.3632934226286595	-0.025115876105852374	-0.5859461134637473	-0.16879461515548824	0.050444368046840514	-0.0969552456306703	0.00018848967105451745
A1025_	nonsense	77	185	228	276	175	23	11	467	472	252	54	29	26	326	521	242	311	0.00024494410249968596	0.0005473856449586076	0.0008839309839039642	0.0009168208492342726	0.0004555065828465538	0.0003903708523096942	0.00015502273666804465	0.0014335995294852827	0.0019329475611350856	0.000833146726029743	0.00023624414758816203	0.0003824676814809149	0.0003572326378322594	0.0012278000976232494	0.001870210273258501	0.001058090473266887	0.0005879936225307095	0.614177151426447	0.0007009110152358495	0.5494200411694966	0.4927881933138582	0.0011089844910595684	-0.2648504495270358	0.5530279080535155	0.0011860236166698367	0.22000228169581276	-0.40108198351805935	-0.11110017823393102	-0.029643612696460007	0.7439411887096201	0.1681906244460912	0.31642050523784454	0.0009986397076550849
A1025E	missense	104	162	79	139	144	16	21	137	143	208	85	7	23	111	167	164	517	0.00032973244567265417	0.00047969817273254325	0.00030879685027212725	0.0004633751584577551	0.00037527530973153583	0.0002765126870527001	0.00028420835055808184	0.0004227280663866859	0.0005884660651235779	0.0006882516432419616	0.00036939993986512607	0.00010199138172824396	0.00031754012251756396	0.00042053092028686214	0.0006019067546119314	0.0007184564941935652	0.0009762201809964985	0.6128091509274817	0.00040678637279849034	0.5362971374468724	0.6213627784674225	0.0005172114286543379	0.737461306744165	0.7070547689524096	0.0006792785875222143	1.481593764780658	0.011921771589854156	0.82865086873413	0.49323513258387763	1.6018380186522772	0.9184507363238984	1.2152444436932035	0.0005344254629916808
A1025H	missense	42	8	8	13	38	2	5	23	15	32	37	3	1	49	29	81	193	0.0001350332872754679	2.6486402175416498e-05	3.4739645655614314e-05	4.6337515845775506e-05	0.00010093611778986136	4.8796356538711774e-05	7.751136833402232e-05	7.351792458898885e-05	6.53851183470642e-05	0.00010867131209083605	0.00016322322924273012	5.099569086412198e-05	2.646167687646366e-05	0.0001877370179852063	0.00010748334903784489	0.00035705110620528696	0.00036561141913768474	0.7658557409900985	5.2124920366666916e-05	2.004436709023548	0.7200596229346241	0.0001026993960674048	1.506859142235482	0.7211789129302962	0.0002544707230915057	1.5972807277193013	0.20097800780990308	1.2588304826633299	-0.284916117799766	0.32511086738486816	1.7028588596594438	0.791970675024099	0.00013643167984185914
A1025L	missense	116	269	216	98	169	38	12	262	245	153	96	44	10	215	267	168	484	0.00036741615374952897	0.000794592065262495	0.0008376114563631451	0.0003276724334808411	0.0004399779493404213	0.0006343526350032531	0.00016794129805704837	0.0008056339236210029	0.0010052961945861121	0.0005071327897572349	0.0004166487693827585	0.0005737015222213723	0.00014553922282055013	0.0008110239176960913	0.000960184584738081	0.0007358736213255305	0.0009140285478442118	0.5430272303382548	0.0005999634761117256	-0.13310424520235442	0.5488896516341849	0.000683677919336777	0.17249221155378364	0.6280948621355217	0.0008552776679009787	0.8348549728322333	-0.5771732425737406	-0.511779210840455	-0.5957059507529034	-0.18480776073981325	0.29141431306122084	-0.3482934857901341	0.0007129730211164939
A1025S	missense	87	38	32	53	76	9	3	84	105	92	43	1	3	119	127	96	365	0.0002763471925637483	0.00011477440942680483	0.00012737870073725247	0.00017873041826227696	0.0001992841299953673	0.00016265452179570593	5.167424555601488e-05	0.0002603759829193355	0.00043317640904930036	0.00030625551589235614	0.00018899531807052962	2.549784543206099e-05	5.292335375292732e-05	0.0004505688431644952	0.0004585956225614715	0.00042236533295015655	0.0006897617495071784	0.6864513017348043	0.00015504191460542538	1.2427287913113139	0.5891380002737509	0.00029720080648288044	0.4862508984961277	0.6671357095930273	0.0005053228870458254	1.1546277732214758	-0.4979919965261158	-0.33160976212915133	0.31714387352819634	1.3129218324655807	0.9612024876763058	0.49065603516821465	0.0003191885360447104
A1025V	missense	121	92	55	37	132	21	10	81	136	89	54	19	1	132	173	137	466	0.0003831176987815601	0.0002736928224793038	0.00021615779519048906	0.00012577325729567639	0.00034421804271927075	0.000357839947950553	0.00014210417527904092	0.0002511862423457119	0.0005598600758467373	0.0002963763057022801	0.00023624414758816203	0.0002549784543206099	2.646167687646366e-05	0.0004993804678406488	0.0006234034244195003	0.0006008908860528	0.0008801058388520555	0.6407826930393674	0.000239960479421185	0.8046406798598279	0.5963182184600677	0.00033591669287072283	0.5422247683876159	0.678751819915545	0.0006509451542912511	1.2497721250828178	-0.40108198351805935	-0.11110017823393102	-0.9838861221357849	-0.8217021487444849	0.865545857776754	-0.46640116348920796	0.00040894077552771957
A1025G	missense	154	109	98	103	169	19	13	299	183	172	81	13	18	221	240	152	514	0.0004867478959929657	0.0003237226932550905	0.00038213610221175744	0.00034422154628290376	0.0004399779493404213	0.00032530904359141186	0.0001808598594460521	0.0009189740573623607	0.0007519288609912384	0.0005697011209610496	0.0003522185473132597	0.00017848491802442692	0.0002513859303264048	0.000833552359854316	0.0008634495706040206	0.0006662051127976695	0.0009705663961644724	0.6510771016632267	0.00037251457277254327	0.9033924956336035	0.5342449344641736	0.0006482056466569771	0.05832834184938213	0.6330163535033624	0.0008334433598551197	0.8751655495557248	-0.2549539478398213	0.22140036884736392	0.14873944313880613	1.036617568267773	0.6122954623462368	0.6290089685575684	0.0006180545264282133
A1025D	missense	40	47	37	21	89	9	32	70	111	68	56	11	8	69	100	85	264	0.00012875266926265546	0.00014126081160222131	0.00014667850387926044	7.28160963290758e-05	0.00023292950259198774	0.00016265452179570593	0.0004263125258371228	0.00021749052690909202	0.00045769582842944943	0.0002272218343717481	0.00024483484386409517	0.00015298707259236595	0.00011907754594408647	0.0002628318251792889	0.00036186060842741114	0.00037446823333725217	0.0004994176601623013	0.667350677215189	0.0001484212286006363	1.05950103898046	0.6088263298568258	0.0002868107583935962	0.6397325852454088	0.6852542019987171	0.0003746445817765634	1.3030313410924088	0.41846195202380937	1.753694661853079	-0.10882485874408482	0.6140270535715643	1.0007549884394258	1.1838608577123217	0.000269958856256932
A1025A	silent	70	29	40	37	43	12	5	106	124	64	33	19	9	110	154	88	280	0.00022296193945484235	8.828800725138832e-05	0.0001582583857644652	0.00012577325729567639	0.00011387664571163845	0.0002114508783344177	7.751136833402232e-05	0.0003277674137925753	0.0005108212370864391	0.00021404955411831342	0.0001460418366908638	0.0002549784543206099	0.0001323083843823183	0.000416776179927158	0.000555330636695532	0.0003875310786862261	0.0005295711792664403	0.636384493072591	0.00012154907400579209	0.7624497926777629	0.5372004637401528	0.0002996700104220479	0.08136836749503779	0.6362868291223196	0.0004723022686438391	0.9019531122083289	-0.43584408977727124	-0.1901980686232657	-0.284916117799766	0.32511086738486816	0.5819237574603765	0.06745639938080124	0.00029784045102389305
A1025W	missense	91	97	52	65	96	7	6	139	140	75	44	4	1	136	132	88	249	0.0002889084285893732	0.0002884074903545352	0.0002045779133052843	0.0002184482889872274	0.0002510462416824757	0.00013012361743656474	9.042992972302605e-05	0.00042885456010243497	0.0005762063554335034	0.00025027332481525875	0.0001932906662084962	6.374461358015247e-05	2.646167687646366e-05	0.0005143994292794653	0.000476509514067779	0.0003875310786862261	0.00047114873600217106	0.6122447509252944	0.00024061998358238063	0.530882982338483	0.5358961274564494	0.00036215622663992333	0.0712003269781225	0.6102176251164516	0.0004623971895089104	0.6884274612103961	-0.15804393483176488	0.4419099527425841	-0.38182613080782246	0.1661088163362278	0.43017025684233384	0.30400938453940596	0.00035505779991040477
A1025M	missense	70	80	46	35	16	7	7	79	72	38	17	7	3	102	77	39	76	0.00022296193945484235	0.00023837761957874848	0.00018141814953487475	0.0001191536121748513	4.399779493404213e-05	0.00013012361743656474	0.00010334849111202976	0.0002450597486299628	0.00029831960245848047	0.00012842973247098805	7.731626648339847e-05	0.00010199138172824396	5.292335375292732e-05	0.000386738257049525	0.0002794567074983967	0.00017417127131965217	0.0001451138106886687	0.48660752688683895	0.00014573679405562915	-0.6743250539753909	0.5126822956951227	0.00018728133751070748	-0.10976464720157118	0.5197012197047646	0.00024637001163906063	-0.052967419399413906	-0.10005198785407819	0.5738651522146992	-0.284916117799766	0.32511086738486816	-0.2790190401921253	0.4494880097997837	0.00019312938106846576
A1025Q	missense	56	86	86	48	38	12	5	165	179	101	64	10	4	101	151	117	191	0.00017899761336515513	0.00025603522102902613	0.00033581657467093834	0.0001621813054602143	0.00010093611778986136	0.0002114508783344177	7.751136833402232e-05	0.0005084989784071729	0.0007355825814044723	0.0003358931464625841	0.0002791976289678278	0.00014023814987633546	6.615419219115915e-05	0.0003829835166898209	0.0005445823017917475	0.0005138052503929739	0.0003618422292496674	0.5315854412114288	0.00021374230473751002	-0.24286260950080965	0.5518765015321776	0.00046479308381051427	0.19577639919786505	0.6184699271422003	0.0004508033245310524	0.7560197882290083	-0.43584408977727124	-0.1901980686232657	-0.32630880295799114	0.25719712313615706	0.23631119264202124	0.033499527256445685	0.0003764462376930256
A1025N	missense	40	104	41	13	1	10	3	116	104	25	11	4	0	95	83	26	77	0.00012875266926265546	0.0003090080253798592	0.0001621183463928668	4.6337515845775506e-05	5.176211168710839e-06	0.0001789199739752765	5.167424555601488e-05	0.00035839988237132067	0.00042908983915260885	8.561982164732537e-05	5.1544177655598985e-05	6.374461358015247e-05	1.323083843823183e-05	0.00036045507453159615	0.0003009533773059657	0.00011756560814076522	0.00014699840563267737	0.37930600436984896	0.0001306600246968031	-1.7036430625188423	0.4541202015439213	0.00023116343020671346	-0.5662893590604832	0.5137982895746259	0.0002314931164027511	-0.10131669000044392	-0.5393846816843407	-0.4257949087123763	-0.6828561264718036	-0.32779666620412845	-0.7904163705265899	-0.3767957874582524	0.00019777219043542256
A1025Y	missense	54	6	11	7	33	2	7	37	54	50	19	0	6	24	26	24	102	0.00017271699535234268	2.0600535025323943e-05	4.631952754081908e-05	2.647858048330029e-05	8.799558986808426e-05	4.8796356538711774e-05	0.00010334849111202976	0.00011640338059923235	0.0002247613443180332	0.00016794657323129206	8.590696275933165e-05	1.2748922716030496e-05	9.261586906762282e-05	9.386850899260315e-05	9.673501413406039e-05	0.00010885704457478262	0.00019411327923289447	0.7506546408187537	4.5348558229381896e-05	1.8586161671616126	0.5938446484860485	0.00014875456522697232	0.5229418886337532	0.7042324044073628	0.00012339346173358517	1.458476556188522	0.325916744418203	1.5431167805054362	0.8612119178784721	2.20558433736613	1.2800115373279626	1.8743505589357832	0.00010583219506331313
A1025R	missense	279	172	132	91	124	16	19	232	224	182	93	35	12	245	304	205	560	0.0008792865217937445	0.000509127508483006	0.0005133747635774115	0.00030450367555795335	0.0003235131980444274	0.0002765126870527001	0.0002583712277800744	0.0007137365178847667	0.0009194782267555905	0.0006026318215946362	0.0004037627249688587	0.0004589612177770978	0.0001720008996970138	0.0009236661284872151	0.0010927473818847563	0.0008969820472962088	0.0010572577635888719	0.5670096079052368	0.00041262978641569957	0.09695300411090065	0.5659586966116839	0.000659902322800963	0.30555509041771606	0.6314538992115888	0.0009926633303142629	0.8623679179237664	-0.029470913568370907	0.7344657221509048	-0.4262452705962353	0.09322951199038314	0.4216253374841277	0.41384761707064394	0.0006883984798436417
A1025P	missense	73	71	52	48	53	13	7	122	149	77	37	28	10	124	148	81	118	0.00023238286647406104	0.00021189121740333198	0.0002045779133052843	0.0001621813054602143	0.00013975770155519264	0.0002277163305139883	0.00010334849111202976	0.0003767793635185679	0.000612985484503727	0.0002568594649419761	0.00016322322924273012	0.00036971875876488436	0.00014553922282055013	0.00046934254496301583	0.000533833966887963	0.00035705110620528696	0.00022426679833703343	0.5799703814238905	0.0001796020344310058	0.22128262473945162	0.5366221441904222	0.0003524618855517503	0.07686003886318435	0.5530519632062997	0.0003961236040983248	0.22019931080943406	-0.34309003654037257	0.0208550212381844	-0.4048914348765159	0.12826514527328073	0.17278065813735669	0.07456008325573256	0.0003093958413603603
A1025T	missense	83	62	33	53	99	5	9	63	55	111	62	2	14	74	92	115	336	0.00026378595653812334	0.0001854048152279155	0.00013123866136565408	0.00017873041826227696	0.00025881055843554195	9.759271307742355e-05	0.0001291856138900372	0.00019604779890397027	0.00022884791421472472	0.0003688238470961708	0.0002706069326918947	3.824676814809149e-05	0.00019846257657347746	0.00028160552697780946	0.00033319838201731914	0.0005050966868269913	0.0006351084961309266	0.669370608766724	0.00018854611332284708	1.0788777623786847	0.6677093256473459	0.00026608162322669013	1.0987589072422155	0.7127778367302894	0.00043875227298826165	1.5284698325233481	0.1217967617622782	1.0786610339520262	0.715083882200234	1.9658293660545776	1.2353688340480826	1.5222452000033018	0.0002977933365125996
A1025F	missense	39	23	13	13	45	2	1	46	58	31	13	0	3	41	48	29	93	0.00012561236025624922	7.063040580111066e-05	5.4039448797622264e-05	4.6337515845775506e-05	0.0001190528568803493	4.8796356538711774e-05	2.583712277800744e-05	0.00014397260232010316	0.00024110762390479928	0.00010537824202747737	6.013487393153215e-05	1.2748922716030496e-05	5.292335375292732e-05	0.00015769909510757332	0.00017555613676181332	0.00013062845348973912	0.00017715192473681632	0.6842831278328794	7.251505683121444e-05	1.2219300142711105	0.5370851685413028	0.000137648335545978	0.08046957608061506	0.6276189663655434	0.00016025890252398551	0.8309570419990208	-0.2761432469097594	0.17318611960817545	0.6181738691921775	1.806827315005937	0.7111188774502488	0.9900067173070562	0.00012347409830039264
A1025C	missense	54	26	43	57	100	7	7	72	55	88	75	1	7	86	69	73	392	0.00017271699535234268	7.94592065262495e-05	0.00016983826764966996	0.0001919697085039271	0.00026139866401989737	0.00013012361743656474	0.00010334849111202976	0.0002236170206248411	0.00022884791421472472	0.00029308323563892143	0.00032644645848546025	2.549784543206099e-05	0.00010584670750585465	0.000326662411294259	0.00025079448108830476	0.00032221685194135655	0.0007406458129954129	0.7260348332715201	0.000175666461674936	1.6224442035137627	0.6684614625082451	0.00026799865724098687	1.1046222403193073	0.7250851152825727	0.00041007988932983334	1.6292753524885017	-0.10005198785407819	0.5738651522146992	0.6181738691921775	1.806827315005937	1.4521139321071905	1.190346233610318	0.0002845816694152521
A1025I	missense	40	58	28	20	58	8	2	64	48	43	25	6	1	40	40	59	147	0.00012875266926265546	0.0001736330809277304	0.00011193885822364612	6.950627376866327e-05	0.00015269822947696976	0.00014638906961613534	3.875568416701116e-05	0.0001991110457618448	0.00020024192493788413	0.0001448950827877814	0.00011167905158713113	8.924245901221346e-05	2.646167687646366e-05	0.0001539443547478692	0.00014689391035172135	0.00026125690697947825	0.0002789200517132853	0.5990936340236457	0.0001269441105992524	0.4047274428662094	0.5644668206617834	0.00016398177626866036	0.29392507192146744	0.697723131770087	0.00021025380594808852	1.4051609015530955	-0.5771732425737406	-0.511779210840455	-0.5279541664860604	-0.07364615497532452	0.7012711387802574	-0.29271268290788977	0.00016705989760533373
A1026V	missense	73	47	23	29	65	14	9	62	102	88	44	27	9	57	65	74	171	0.00023238286647406104	0.00014126081160222131	9.263905508163816e-05	9.929467681237608e-05	0.0001708149685674577	0.00024398178269355888	0.0001291856138900372	0.00019298455204609573	0.0004209166993592258	0.00029308323563892143	0.0001932906662084962	0.00035696983604885385	0.0001323083843823183	0.00021777494086283933	0.00023646336788325876	0.00032657113372434784	0.0003241503303694937	0.6486399537967453	0.0001260023780159233	0.8800135152649384	0.6105814337829605	0.0002750687883131848	0.6534146149913452	0.6712951168472461	0.0002762399432099849	1.188696329419919	-0.2761432469097594	0.17318611960817545	-0.43104415347800407	0.0853558960733157	0.9073748198920676	0.12927100784074558	0.0002257703698463643
A1026L	missense	87	7	22	20	20	0	2	12	9	59	42	6	1	19	27	44	104	0.0002763471925637483	2.3543468600370222e-05	8.877909445323657e-05	6.950627376866327e-05	5.435021727146381e-05	1.6265452179570593e-05	3.875568416701116e-05	3.982220915236896e-05	4.086569896691513e-05	0.0001975842038015201	0.00018469996993256303	8.924245901221346e-05	2.646167687646366e-05	7.509480719408253e-05	0.00010031779243532189	0.00019594268023460871	0.00019788246912091185	0.6637139672532503	5.904476352343346e-05	1.02461494446973	0.7846618377094928	0.00011574302046334182	2.010470017375941	0.7268879796726339	0.00014230943724623124	1.6440421168462533	0.37706926686558434	1.659509515269854	-0.5279541664860604	-0.07364615497532452	1.5597090262306414	0.7929316801472648	0.00010569907374433551
A1026N	missense	30	39	13	23	29	4	7	22	21	30	21	7	1	32	18	20	55	9.734957919859315e-05	0.00011771734300185111	5.4039448797622264e-05	7.943574144990087e-05	7.764316753066258e-05	8.132726089785297e-05	0.00010334849111202976	7.045467773111431e-05	8.990453772721329e-05	0.00010208517196411871	9.449765903526481e-05	0.00010199138172824396	2.646167687646366e-05	0.00012390643187023618	6.807278772396843e-05	9.14399174428174e-05	0.00010553731686448631	0.588953794578741	8.220892519500921e-05	0.30745837249745434	0.6545249533453834	8.923551161442778e-05	0.9959792533819284	0.6147995601499783	9.723911347537708e-05	0.7259568257680479	0.1040679948018466	1.0383208987681096	-0.5859461134637473	-0.16879461515548824	0.6764648172158102	0.4347631418063107	8.956118342827136e-05
A1026R	missense	97	235	162	160	69	12	8	202	163	117	70	11	14	140	191	99	155	0.00030775028262781056	0.0006945323237109215	0.0006291735824294592	0.0005328814322264183	0.00018116739090487936	0.0002114508783344177	0.00011626705250103349	0.0006218391121485307	0.0006701974630574082	0.00038858226747632283	0.00030496971779562734	0.00015298707259236595	0.00019846257657347746	0.0005294183907182819	0.0006878934338422072	0.00043542817829913047	0.00029399681126535473	0.5246207121301815	0.0005094386823179196	-0.30967360061996235	0.5474270700406819	0.0004963971401194722	0.16109055916717066	0.5634399327283494	0.0004866842035312436	0.3052843005253864	-0.25975283072159	0.21048096398325825	0.11302389087227156	0.9780184009738648	0.05223375302419824	0.5942496824785616	0.0004975066753228784
A1026C	missense	39	43	69	87	26	10	10	57	78	64	20	21	0	27	70	30	64	0.00012561236025624922	0.0001294890773020362	0.0002701972439881113	0.0002912643853163032	6.987885077759632e-05	0.0001789199739752765	0.00014210417527904092	0.00017766831775672305	0.00032283902183862954	0.00021404955411831342	9.020231089729822e-05	0.0002804762997526709	1.323083843823183e-05	0.00010513273007171553	0.0002543772593895662	0.00013498273527273044	0.00012249867136056446	0.5990803415308342	0.00019020738934601177	0.404599931141228	0.5673449452066178	0.00020118980115274105	0.31636168382151547	0.6113659565035545	0.00015424784902364416	0.6978331264902917	-0.10005198785407812	0.5738651522146996	-1.326308802957991	-1.383521375533552	0.472931580484345	-0.4048281116594262	0.00018188167984079897
A1026A	silent	61	43	11	27	75	5	2	41	51	66	36	4	1	37	47	49	120	0.0001946991583971863	0.0001294890773020362	4.631952754081908e-05	9.267503169155101e-05	0.00019669602441101187	9.759271307742355e-05	3.875568416701116e-05	0.00012865636803073048	0.00021250163462795867	0.00022063569424503074	0.00015892788110476354	6.374461358015247e-05	2.646167687646366e-05	0.00014268013366875682	0.0001719733584605518	0.00021771408914956524	0.0002280359882250508	0.6916345624864808	0.00011629491523635453	1.2924505800569706	0.6421613771979376	0.00018018039450212086	0.8995981707026539	0.6746131768809932	0.00019010089237598117	1.215873642873625	-0.40108198351805935	-0.11110017823393102	-0.38182613080782246	0.1661088163362278	1.1359741312110831	0.027504319051148383	0.0001621920673714855
A1026G	missense	78	95	91	87	142	11	13	139	115	89	67	20	55	129	140	71	145	0.0002480844115060922	0.00028252162320444263	0.0003551163778129463	0.0002912643853163032	0.000370099098562825	0.0001951854261548471	0.0001808598594460521	0.00042885456010243497	0.00047404210801621553	0.0002963763057022801	0.0002920836733817276	0.0002677273770366404	0.0007409269525409825	0.0004881162467615364	0.000505171740477871	0.0003135082883753739	0.0002751508618252679	0.6441378181521427	0.0003247503712241293	0.8368255978226566	0.5757178192772558	0.0003728391618006645	0.3816329822259043	0.5593720479611493	0.0003954867843600123	0.2719653797441665	-0.0331051982234649	0.7261962505846906	0.4420826101364963	1.5179111288192408	0.49680798659757586	1.1220536897019657	0.000364358772461602
A1026P	missense	23	0	0	11	62	2	8	5	3	11	28	0	6	0	8	29	39	7.536741615374953e-05	2.942933575046278e-06	3.85996062840159e-06	3.9717870724950433e-05	0.00016305065181439142	4.8796356538711774e-05	0.00011626705250103349	1.8379481147247212e-05	1.634627958676605e-05	3.9516840760304014e-05	0.0001245650960010309	1.2748922716030496e-05	9.261586906762282e-05	3.7547403597041264e-06	3.2245004711353466e-05	0.00013062845348973912	7.538379776034737e-05	0.9328789756000585	5.239285418569743e-05	3.606650910615964	0.8398605222786237	4.970192437383704e-05	2.440775045451794	0.7868053163388506	6.0502999080286015e-05	2.134808475298795	0.37706926686558434	1.659509515269854	0.8612119178784721	2.20558433736613	2.727411477122184	1.932546926317992	5.419925921327349e-05
A1026_	nonsense	35	19	15	32	33	5	0	56	41	33	14	3	3	55	70	32	22	0.0001130511242306243	5.8858671500925554e-05	6.175937005442545e-05	0.0001092241444936137	8.799558986808426e-05	9.759271307742355e-05	1.291856138900372e-05	0.00017460507089884852	0.00017163593566104355	0.00011196438215419471	6.443022206949873e-05	5.099569086412198e-05	5.292335375292732e-05	0.00021026546014343107	0.0002543772593895662	0.00014369129883871304	4.3345683712199736e-05	0.6780441705487616	7.945944397926225e-05	1.162081179544102	0.5316758722655066	0.00013065890269589638	0.03830104608762304	0.5077174438820756	0.00016291992552097751	-0.15112321784178168	-0.8782032382377217	-1.1967445412890854	0.01611387786421517	0.8190163499252244	0.34975300259664777	-0.18886409568193047	0.0001243460907320454
A1026Q	missense	37	17	8	38	24	4	2	11	13	36	20	1	0	18	24	42	37	0.00011933174224343676	5.2972804350832996e-05	3.4739645655614314e-05	0.00012908307985608892	6.470263960888549e-05	8.132726089785297e-05	3.875568416701116e-05	3.6758962294494424e-05	5.721197855368118e-05	0.00012184359234427071	9.020231089729822e-05	2.549784543206099e-05	1.323083843823183e-05	7.134006683437841e-05	8.95694575315374e-05	0.00018723411666862608	7.161460787233e-05	0.6825194415197533	7.037454236785542e-05	1.2050113905560105	0.7168910445388047	7.650421102243612e-05	1.4821582779627833	0.6543288703996364	0.00010493956222671797	1.0497304899987472	-0.3219007374704345	0.06906927047737274	-0.284916117799766	0.32511086738486816	1.2456333861725137	0.19709006893112047	8.393943853900318e-05
A1026T	missense	22	14	13	22	51	2	18	24	40	44	33	8	4	29	30	41	91	7.22271071473433e-05	4.414400362569416e-05	5.4039448797622264e-05	7.612591888948834e-05	0.00013458149038648182	4.8796356538711774e-05	0.0002454526663910707	7.658117144686338e-05	0.00016754936576435204	0.00014818815285114005	0.0001460418366908638	0.00011474030444427445	6.615419219115915e-05	0.0001126422107911238	0.00011106612733910638	0.0001828798348856348	0.00017338273484879895	0.7437308232267569	7.722271542482165e-05	1.7921976302374623	0.6688880576829129	0.00013459013168830482	1.10794779146324	0.6797517289821614	0.00014499272696616599	1.2579621041224518	0.7015803583790884	2.3979038621272593	-0.23915862723909093	0.40018602860047237	1.3860358419410514	1.3990449453638658	0.00011893519135976415
A1026E	missense	50	28	13	17	79	6	3	49	35	59	34	11	1	46	38	35	110	0.00016015575932671776	8.534507367634205e-05	5.4039448797622264e-05	5.957680608742565e-05	0.00020704844674843356	0.00011385816525699414	5.167424555601488e-05	0.00015316234289372677	0.00014711651628089448	0.0001975842038015201	0.0001503371848288304	0.00015298707259236595	2.646167687646366e-05	0.00017647279690609393	0.00013972835374919835	0.00015675414418768696	0.00020919003878496395	0.7391128548639128	0.00010150244382745588	1.747898557053233	0.6330978473604677	0.00016205006195124292	0.8289428191916163	0.646105750929669	0.0001705363334069858	0.9823771892357732	-0.34309003654037257	0.0208550212381844	-0.7620373725194285	-0.45771080134218445	1.1864061884935408	-0.21842789005200003	0.00014469627972856153
A1026W	missense	35	6	8	12	16	0	2	11	17	34	23	0	0	14	12	17	50	0.0001130511242306243	2.0600535025323943e-05	3.4739645655614314e-05	4.302769328536297e-05	4.399779493404213e-05	1.6265452179570593e-05	3.875568416701116e-05	3.6758962294494424e-05	7.355825814044724e-05	0.00011525745221755339	0.00010308835531119797	1.2748922716030496e-05	1.323083843823183e-05	5.63211053955619e-05	4.657611791639945e-05	7.837707209384348e-05	9.61143421444429e-05	0.6939069106004407	3.559141722508584e-05	1.3142486755593747	0.7165403287899657	8.216575699092326e-05	1.479424249945108	0.6931267380665067	6.934715938756193e-05	1.3675131100217977	0.37706926686558434	1.659509515269854	0.01611387786421517	0.8190163499252244	1.3870620118420935	1.2392629325975393	6.236811120119034e-05
A1026D	missense	26	1	1	19	27	8	8	0	8	23	23	0	3	11	11	18	37	8.478834317296822e-05	5.885867150092556e-06	7.71992125680318e-06	6.619645120825072e-05	7.246695636195174e-05	0.00014638906961613534	0.00011626705250103349	3.0632468578745355e-06	3.677912907022362e-05	7.903368152060803e-05	0.00010308835531119797	1.2748922716030496e-05	5.292335375292732e-05	4.505688431644952e-05	4.299333961513795e-05	8.273135387683478e-05	7.161460787233e-05	0.8369763914904547	3.806729899427455e-05	2.6866802096015587	0.817784213443175	5.549110318997604e-05	2.2686777071293247	0.6865785189616229	6.059904642018807e-05	1.3138784556252658	-0.10005198785407812	0.5738651522146996	0.6181738691921775	1.806827315005937	2.0897454574520498	1.1903462336103183	5.138581620147956e-05
A1026F	missense	36	13	22	22	17	4	5	32	26	36	36	2	6	30	37	29	69	0.00011619143323703052	4.120107005064789e-05	8.877909445323657e-05	7.612591888948834e-05	4.658590051839755e-05	8.132726089785297e-05	7.751136833402232e-05	0.00010108714630985967	0.00011033738721067085	0.00012184359234427071	0.00015892788110476354	3.824676814809149e-05	9.261586906762282e-05	0.00011639695115082791	0.00013614557544793687	0.00013062845348973912	0.0001319216460806079	0.6267320077715263	6.317299597794259e-05	0.6698557948058896	0.6719905299154917	0.0001230490017423912	1.1321333207301991	0.6349634902407006	0.00012877315654227794	0.8911140088691951	-0.020870741806453322	0.7540346009260032	0.3840906631588095	1.4227626686390773	0.897701041468428	1.0883986347825403	0.0001049983847542039
A1026I	missense	32	3	7	15	8	1	0	15	15	16	11	1	0	12	14	14	29	0.00010363019721140561	1.1771734300185111e-05	3.087968502721272e-05	5.295716096660058e-05	2.3292950259198775e-05	3.2530904359141185e-05	1.291856138900372e-05	4.901194972599257e-05	6.53851183470642e-05	5.5982191077097355e-05	5.1544177655598985e-05	2.549784543206099e-05	1.323083843823183e-05	4.881162467615364e-05	5.3741674518922446e-05	6.531422674486956e-05	5.6537848320260525e-05	0.6845462517943443	2.9725382638299298e-05	1.2244540999099904	0.6239826201396607	5.548085920143828e-05	0.7578844572798423	0.6443573924381444	5.610134356505155e-05	0.9680568676411233	-0.4010819835180594	-0.11110017823393115	-0.284916117799766	0.32511086738486816	0.9834651416103187	0.10700534457546851	4.710252846826304e-05
A1026K	missense	50	57	37	48	21	3	3	92	35	68	27	3	0	49	64	51	54	0.00016015575932671776	0.0001706901473526841	0.00014667850387926044	0.0001621813054602143	5.6938322855819224e-05	6.506180871828237e-05	5.167424555601488e-05	0.0002848819577823318	0.00014711651628089448	0.0002272218343717481	0.0001202697478630643	5.099569086412198e-05	1.323083843823183e-05	0.0001877370179852063	0.00023288058958199724	0.00022642265271554784	0.00010365272192047764	0.5491007016537003	0.0001341220698869945	-0.07484287805008291	0.5586535295857644	0.00019487251407450967	0.24860717351128697	0.5819213328228177	0.00018767324555080724	0.45666034505809744	-0.10005198785407819	0.5738651522146992	-0.5859461134637473	-0.16879461515548824	0.21014154683976716	0.20253526852960552	0.00017222260983743715
A1026H	missense	34	10	23	44	46	13	69	25	43	56	43	8	99	28	30	33	61	0.00010991081522421806	3.237226932550905e-05	9.263905508163816e-05	0.00014894201521856415	0.0001216409624647047	0.0002277163305139883	0.0009042992972302605	7.964441830473792e-05	0.00017980907545442657	0.0001877049936114441	0.00018899531807052962	0.00011474030444427445	0.001323083843823183	0.00010888747043141967	0.00011106612733910638	0.00014804558062170436	0.00011684488652853843	0.7274120664282329	9.889857552260401e-05	1.6356556739282964	0.6910116733133095	0.00015903845136028456	1.2804139130617436	0.640688472329732	0.0001212110162301922	0.9380057562058906	0.5989180164819408	2.1643053970071806	1.0618713684248904	2.5348100098105384	1.28469178106531	2.3495577034088595	0.00012638268103769358
A1026M	missense	27	6	9	12	77	5	12	14	16	42	55	0	9	11	11	38	133	8.792865217937445e-05	2.0600535025323943e-05	3.8599606284015906e-05	4.302769328536297e-05	0.00020187223557972272	9.759271307742355e-05	0.00016794129805704837	4.594870286811803e-05	6.947168824375573e-05	0.00014160201272442273	0.0002405394957261286	1.2748922716030496e-05	0.0001323083843823183	4.505688431644952e-05	4.299333961513795e-05	0.00016981698953666088	0.0002525357224971637	0.8503547608317232	7.602501754360638e-05	2.8150157277274355	0.7897791721069088	0.00012439047489060627	2.050362539068117	0.8084972214272392	0.000127600733991353	2.3124808796553284	0.23574011406911502	1.3379283730526645	1.0161138778642151	2.459734848594934	2.3926197154836273	1.8988316108237993	0.00010933874214185523
A1026S	missense	87	37	45	46	75	16	8	42	46	78	62	22	5	71	77	62	169	0.0002763471925637483	0.00011183147585175854	0.00017755818890647314	0.0001555616603393892	0.00019669602441101187	0.0002765126870527001	0.00011626705250103349	0.00013171961488860502	0.0001920687851445011	0.0002601525350053348	0.0002706069326918947	0.0002932252224687014	7.938503062939099e-05	0.0002703413058986971	0.0002794567074983967	0.00027431975232845217	0.00032038114048147634	0.6703124908270869	0.00016041183737715818	1.087913013173956	0.6959067510399065	0.0002136369669325839	1.3185738180489501	0.6408347189971197	0.00028612472655175557	0.9392036222724268	-0.3762583997930272	-0.0546164574285284	-0.5674627077697341	-0.13846854951490378	1.115230151165111	-0.09654250347171608	0.00022005784362049918
A1026Y	missense	9	0	0	3	1	0	4	0	0	7	9	1	4	0	0	7	25	3.1403090064062305e-05	2.942933575046278e-06	3.85996062840159e-06	1.3239290241650144e-05	5.176211168710839e-06	1.6265452179570593e-05	6.45928069450186e-05	3.0632468578745355e-06	4.086569896691513e-06	2.6344560506869343e-05	4.2953481379665825e-05	2.549784543206099e-05	6.615419219115915e-05	3.7547403597041264e-06	3.582778301261496e-06	3.483425426393044e-05	4.899946854422579e-05	0.7046995705063697	6.304598903452213e-06	1.4177800974876937	0.8570678052636217	1.9111964660275305e-05	2.5749155679255757	0.8539450843070799	2.2792810367280462e-05	2.6847317740707624	0.5989180164819407	2.1643053970071806	0.41405388653625275	1.471923883514221	2.225809146494677	1.818114640260701	1.6069791310335994e-05
T1027W	missense	62	102	43	77	117	22	27	76	48	103	41	25	32	46	71	49	78	0.0001978394674035925	0.0003031221582297666	0.00016983826764966996	0.00025816615971217783	0.0003053964589539395	0.0003741054001301236	0.0003617197188921042	0.00023587000805633924	0.00020024192493788413	0.00034247928658930147	0.00018040462179459645	0.00033147199061679287	0.00043661766846165044	0.00017647279690609393	0.00025796003769082773	0.00021771408914956524	0.00014888300057668604	0.6364747562458614	0.0002591307611363885	0.7633156658506316	0.6218510294712156	0.00023974896034453032	0.7412675000173423	0.605803567102467	0.00020025748108079322	0.652273130960552	-0.014621792529451746	0.7682534949502915	0.1196544697712847	0.9888973144303647	0.7189520989428418	0.878575404690328	0.00023304573418723735
T1027G	missense	161	383	273	298	215	43	43	197	106	200	148	80	19	142	126	136	260	0.0005087300590378094	0.0011300864928177705	0.0010576292121820356	0.0009896369455633484	0.0005590308062207706	0.000715679895901106	0.0005684167011161637	0.000606522877859158	0.00043726297894599187	0.0006619070827350923	0.0006400068725570207	0.0010326627399984702	0.0002646167687646366	0.0005369278714376901	0.00045501284426021	0.0005965366042698087	0.0004918792803862666	0.5654116525039827	0.0009340958641959813	0.08162419765244938	0.6423240458032022	0.0005864249530243158	0.9008662646672443	0.6253832267779382	0.0005200891500884938	0.8126447164367296	-0.10005198785407812	0.5738651522146996	-0.5913411453504535	-0.17764634377292007	0.5983783929188078	0.19810940422088974	0.0006802033224362637
T1027_	nonsense	75	96	161	156	111	16	40	102	56	105	82	17	19	48	86	66	90	0.00023866348448687351	0.0002854645567794889	0.0006253136218010576	0.0005196421419847682	0.00028986782544780697	0.0002765126870527001	0.0005296610169491525	0.00031551442636107717	0.00023293448411141625	0.0003490654267160188	0.00035651389545122633	0.0002294806088885489	0.0002646167687646366	0.0001839822776255022	0.00031170171220975016	0.00029173687946041743	0.00017149813990479027	0.6182815271364843	0.0004300720365032804	0.5887923420751131	0.648836121034899	0.00031350705815993464	0.951631581581597	0.6175153681697082	0.00023972975230011502	0.7482012592869122	0.28228294748738336	1.4438321957001108	0.061871368424890265	0.8940915111408287	0.7628750609812074	1.1689618534204698	0.00032776961565444333
T1027V	missense	179	166	145	160	248	22	63	153	128	179	163	21	47	90	128	97	251	0.0005652556211531214	0.0004914699070327284	0.0005635542517466322	0.0005328814322264183	0.0006444382905044995	0.0003741054001301236	0.0008267879288962381	0.00047174001611267847	0.0005271675166732051	0.0005927526114045602	0.0007044370946265194	0.0002804762997526709	0.0006350802450351279	0.0003416813727330755	0.00046217840086273303	0.00042671961473314784	0.0004749179258901884	0.6489788510207813	0.0005580859703775696	0.8832644758064389	0.6665746945165504	0.0005740243097042408	1.0899138145664795	0.6516968225561618	0.0004263743285547862	1.0281721129532067	0.34440015011221614	1.585174024871037	0.35493243441759614	1.3749222233549256	1.0004501344420416	1.4800481241129813	0.0005194948695455322
T1027A	missense	60	347	250	177	70	61	34	234	154	129	39	64	30	184	139	60	113	0.00019155884939078005	0.0010241408841161045	0.0009688501177287992	0.0005891484157534314	0.00018375549648923478	0.0010084580351333767	0.00045214964861513024	0.0007198630116005159	0.0006334183339871845	0.00042809910823662684	0.0001718139255186633	0.0008286799765419822	0.00041015599158518673	0.0006946269665452634	0.0005015889621766095	0.0002656111887624696	0.00021484382361699	0.4939005749061091	0.0006914737285218925	-0.6043645772988525	0.5066383494932648	0.0004882985948357477	-0.15688063303312177	0.500100179086235	0.00041916773527533315	-0.2135141302758316	-0.3483756330020564	0.008828145580794379	-0.3054377849443678	0.29144058847717763	-0.324919780202602	0.150134367028986	0.0005329800195443243
T1027R	missense	184	228	181	298	326	30	67	245	150	278	247	19	47	184	181	152	312	0.0005809571661851527	0.0006739317886855975	0.0007025128343690894	0.0009896369455633484	0.0008463105260842222	0.0005042290175666884	0.000878462174452253	0.0007535587270371358	0.0006170720544004185	0.0009187665476770684	0.0010652463382157123	0.0002549784543206099	0.0006350802450351279	0.0006946269665452634	0.0006520656508295923	0.0006662051127976695	0.0005898782174747182	0.6562952271889726	0.0008030980236755644	0.9534487338723481	0.6710837815226365	0.0008386609168325838	1.125064703141013	0.6105871773406564	0.0006506939869118109	0.6914543614269618	0.24109523101788546	1.350113436013965	0.3963251195758213	1.4428359676036369	0.9233225994801076	1.3964747018088008	0.0007641509758066529
T1027S	missense	180	128	63	130	221	18	61	139	79	161	138	11	26	99	74	98	216	0.0005683959301595277	0.0003796384311809698	0.0002470374802177018	0.00043358675541404227	0.0005745594397269031	0.00030904359141184127	0.0008009508061182307	0.00042885456010243497	0.00032692559173532105	0.0005334773502641043	0.0005970533911773549	0.00015298707259236595	0.0003572326378322594	0.0003754740359704126	0.0002687083725946122	0.00043107389651613913	0.0004089571028498845	0.6839752470428385	0.0004087055266349042	1.218976587010808	0.6721255993833858	0.00047157772331980383	1.1331862637781729	0.6471341758499455	0.00037105335198276215	0.9908007337580799	0.41358610069134677	1.742600122547147	0.3682963959755776	1.3968487222986168	1.1143211948490201	1.569724422422882	0.0004171122006458234
T1027L	missense	185	197	129	222	315	11	82	148	73	225	164	33	73	134	143	123	271	0.0005840974751915588	0.000582700847859163	0.0005017948816922067	0.0007380904309719956	0.0008178413646563126	0.0001951854261548471	0.0010722405952873087	0.0004564237818233058	0.000302406172355172	0.000744233834319059	0.0007087324427644861	0.00043346337234503684	0.0009790820444291555	0.0005068899485600571	0.0005159200753816555	0.0005399309410909218	0.0005126098247703621	0.669581658211162	0.0006601068812949195	1.0809023095496597	0.6927477443358013	0.0005529490578155057	1.293947570537574	0.6274797310497138	0.0005188376974507491	0.8298166039769114	0.739844858474371	2.48497111897788	0.3538666805529362	1.3731736212741492	1.068222161354715	1.9290723701260144	0.0005772978788537248
T1027T	silent	49	66	70	119	64	20	16	81	54	61	50	21	8	55	51	55	66	0.00015701545032031152	0.0001971765495281006	0.00027405720461651294	0.00039717870724950433	0.00016822686298310227	0.00034157449577098246	0.00021961554361306325	0.0002511862423457119	0.0002247613443180332	0.00020417034392823742	0.0002190627550362957	0.0002804762997526709	0.00011907754594408647	0.00021026546014343107	0.0001863044716655978	0.00024383977984751304	0.00012626786124858184	0.6293738022165747	0.00025915983109430505	0.6951979011746771	0.608740550677487	0.00022479517140706955	0.639063887930213	0.5932954257149805	0.0001916693932262809	0.5498223989805477	-0.19182236120972354	0.36505033303930556	-0.37206629351866627	0.18212196192055277	0.6280280626951459	0.27358614747992915	0.0002252081319092185
T1027Q	missense	47	61	57	60	110	16	37	62	66	90	78	14	27	122	70	52	102	0.00015073483230749907	0.0001824618816528692	0.00022387771644729224	0.00020189917618516472	0.00028727971986345155	0.0002765126870527001	0.0004909053327821414	0.00019298455204609573	0.00027380018307833135	0.0002996693757656388	0.00033933250289936	0.00019123384074045744	0.0003704634762704913	0.00046183306424360754	0.0002543772593895662	0.00023077693449853913	0.00019411327923289447	0.6658248093535504	0.00022387962353719444	1.0448637511601153	0.6775545615502939	0.00027644665344735646	1.1755081005373151	0.5344339573013673	0.00028527513434115185	0.06770436580692471	0.24928268738445808	1.3687432198775076	0.28718065015075317	1.263760617590437	0.7626920725014518	1.3162519187339723	0.0002618671371085676
T1027Y	missense	58	29	4	57	140	13	31	23	11	50	93	6	30	2	18	20	58	0.0001852782313779676	8.828800725138832e-05	1.9299803142007953e-05	0.0001919697085039271	0.00036492288739411414	0.0002277163305139883	0.00041339396444811904	7.351792458898885e-05	4.9038838760298155e-05	0.00016794657323129206	0.0004037627249688587	8.924245901221346e-05	0.00041015599158518673	1.126422107911238e-05	6.807278772396843e-05	9.14399174428174e-05	0.00011119110169651236	0.8136012244111177	0.00016612010157285938	2.462447786211072	0.8247869039453953	0.00017356651538735944	2.323267648115882	0.7682555021969764	7.049200698560265e-05	1.9828720701963298	0.25896995478758983	1.3907856821354454	0.662377531684231	1.8793530817656017	2.2561958348410944	1.6350693819505235	0.0001367262079819405
T1027F	missense	116	29	23	28	61	9	22	63	21	59	41	14	7	21	49	25	55	0.00036741615374952897	8.828800725138832e-05	9.263905508163816e-05	9.598485425196355e-05	0.000160462546230036	0.00016265452179570593	0.0002971269119470856	0.00019604779890397027	8.990453772721329e-05	0.0001975842038015201	0.00018040462179459645	0.00019123384074045744	0.00010584670750585465	8.260428791349079e-05	0.0001791389150630748	0.00011321132635777392	0.00010553731686448631	0.6878378640042067	0.0001093436157037565	1.256029753687097	0.6364374093297644	0.00016598529055682502	0.8549765973183314	0.6257470205192872	0.00012012296154970646	0.8156244505104294	0.26167584816351475	1.396942687009033	-0.2568873941995225	0.37109811268988796	0.975543600505286	0.8840203998494605	0.000131817289270096
T1027P	missense	35	41	17	43	6	4	2	44	29	31	8	2	0	31	33	24	12	0.0001130511242306243	0.00012360321015194366	6.947929131122863e-05	0.0001456321926581516	1.8116739090487936e-05	8.132726089785297e-05	3.875568416701116e-05	0.0001378461086043541	0.00012259709690074538	0.00010537824202747737	3.865813324169924e-05	3.824676814809149e-05	1.323083843823183e-05	0.00012015169151053205	0.00012181446224289088	0.00010885704457478262	2.4499734272112893e-05	0.5408193163945565	8.920785830295294e-05	-0.15428423902027114	0.5277198170428471	0.00010111989519356902	0.00746135367567522	0.5251149199352471	9.38307331500796e-05	-0.008625295805566055	-0.3219007374704345	0.06906927047737274	-0.4610073768554473	0.036194681198171916	-0.051816060383387326	0.05263197583777233	9.471949554886719e-05
T1027M	missense	49	47	45	112	472	20	89	22	29	93	162	12	108	25	30	75	196	0.00015701545032031152	0.00014126081160222131	0.00017755818890647314	0.0003740099493266166	0.0012241739414001133	0.00034157449577098246	0.0011626705250103349	7.045467773111431e-05	0.00012259709690074538	0.0003095485859557148	0.0007001417464885529	0.00016573599530839644	0.0014421613897672696	9.762324935230729e-05	0.00011106612733910638	0.00033092541550733913	0.00037126520396971077	0.849646971423811	0.0004792507228088561	2.8082260721220824	0.8407582954726349	0.00030068552676903185	2.4477736962796213	0.767826875713378	0.0002277199990421159	1.9793613090344362	0.5319712268513275	2.0119742986371896	0.939597023498002	2.334192230176272	2.4117870258120466	2.173083264406731	0.000335885416206668
T1027I	missense	68	95	83	81	53	5	8	43	40	39	43	9	7	46	35	54	50	0.0002166813214420299	0.00028252162320444263	0.0003242366927857336	0.000271405449953828	0.00013975770155519264	9.759271307742355e-05	0.00011626705250103349	0.00013478286174647955	0.00016754936576435204	0.00013172280253434673	0.00018899531807052962	0.00012748922716030494	0.00010584670750585465	0.00017647279690609393	0.00012898001884541387	0.00023948549806452176	9.61143421444429e-05	0.5659184520685977	0.0002544803668747993	0.08648580545020983	0.6504415245344255	0.00015576258702892698	0.964146611664817	0.5995399453828375	0.00016026316399011812	0.6009695351550327	0.07603927120160313	0.9745441848212235	-0.08079613514384125	0.6600142988765841	0.5505339840900199	0.8172792418489039	0.00019016870596461478
T1027C	missense	70	113	68	114	98	19	11	112	51	90	45	10	12	69	77	49	65	0.00022296193945484235	0.00033549442755527567	0.00026633728335970973	0.0003806295944474417	0.0002562224528511865	0.00032530904359141186	0.00015502273666804465	0.00034614689493982253	0.00021250163462795867	0.0002996693757656388	0.00019758601434646277	0.00014023814987633546	0.0001720008996970138	0.0002628318251792889	0.0002794567074983967	0.00021771408914956524	0.00012438326630457317	0.6125347912445912	0.00030967093955340346	0.5336652702021861	0.582558295082486	0.0002639759799199707	0.43495836772010626	0.5575678556477225	0.000221096472032956	0.2571877387328337	-0.3219007374704345	0.06906927047737274	0.08866454501282686	0.9380515716067804	0.40860379221837534	0.5035604210420765	0.00026491446383544335
T1027K	missense	44	56	33	70	66	9	10	57	29	51	50	5	15	49	17	28	111	0.00014131390528828035	0.00016774721377763784	0.00013123866136565408	0.00023499740178929007	0.0001734030741518131	0.00016265452179570593	0.00014210417527904092	0.00017766831775672305	0.00012259709690074538	0.00017123964329465073	0.0002190627550362957	7.649353629618297e-05	0.0002116934150117093	0.0001877370179852063	6.449000942270693e-05	0.00012627417170674784	0.00021107463372897262	0.6463331656316759	0.00017684658777109875	0.8578850445358773	0.6562832887266936	0.00017264195324710372	1.0096864741522686	0.6529431843567219	0.0001473939582109084	1.0383807182786189	-0.05865930269585313	0.6680502987979247	0.4420826101364963	1.5179111288192408	0.9686507456555883	1.0929807138085827	0.00016562749974303697
T1027E	missense	55	78	80	78	57	12	11	70	46	55	57	9	11	61	93	47	61	0.0001758573043587489	0.00023249175242865593	0.0003126568109005288	0.00026147598227259036	0.00015011012389261433	0.0002114508783344177	0.00015502273666804465	0.00021749052690909202	0.0001920687851445011	0.0001844119235480854	0.0002491301920020618	0.00012748922716030494	0.00015877006125878198	0.00023279390230165583	0.00033678116031858065	0.0002090055255835826	0.00011684488652853843	0.5860229299004966	0.00023918366737359737	0.2793432840704181	0.6379376684147169	0.0002107753569009351	0.8666719671031493	0.5586038152426206	0.00022385636868308938	0.265672997694265	-0.13481409411329007	0.4947672618253647	0.09529512391184007	0.9489304850632804	0.4705627496226108	0.7218488734443225	0.00022460513098587396
T1027N	missense	58	9	12	16	46	4	4	27	12	36	16	1	4	15	19	19	62	0.0001852782313779676	2.9429335750462777e-05	5.017948816922067e-05	5.6266983527013114e-05	0.0001216409624647047	8.132726089785297e-05	6.45928069450186e-05	8.577091202048699e-05	5.312540865698967e-05	0.00012184359234427071	7.30209183454319e-05	2.549784543206099e-05	6.615419219115915e-05	6.007584575526602e-05	7.165556602522992e-05	8.708563565982608e-05	0.0001187294814725471	0.7622349340577843	6.437919247785032e-05	1.969703168497133	0.6364109415330842	8.344020784179481e-05	0.8547702658435417	0.6958757757792864	8.438663222821728e-05	1.3900297187800483	-0.10005198785407819	0.5738651522146992	0.41405388653625275	1.471923883514221	1.4048343843735742	1.0228945178644602	7.740201084928748e-05
T1027D	missense	55	22	8	12	44	15	14	44	15	48	37	7	15	22	12	28	49	0.0001758573043587489	6.768747222606438e-05	3.4739645655614314e-05	4.302769328536297e-05	0.00011646475129599387	0.0002602472348731295	0.0001937784208350558	0.0001378461086043541	6.53851183470642e-05	0.00016136043310457473	0.00016322322924273012	0.00010199138172824396	0.0002116934150117093	8.63590282731949e-05	4.657611791639945e-05	0.00012627417170674784	9.422974720043421e-05	0.698791684069684	6.547989061575888e-05	1.361107146731125	0.6657592415830924	0.00013195372232468078	1.0835568968216969	0.6615374900422292	8.835976627419411e-05	1.1087743028299577	-0.12808071145432173	0.510088438267813	0.31714387352819634	1.3129218324655807	1.18447944879426	0.9115051353666969	9.526445973821126e-05
T1027H	missense	63	21	2	46	82	6	25	49	18	58	64	7	16	31	13	28	92	0.00020097977640999874	6.47445386510181e-05	1.157988188520477e-05	0.0001555616603393892	0.0002148127635014998	0.00011385816525699414	0.00033588259611409674	0.00015316234289372677	7.764482803713875e-05	0.00019429113373816141	0.0002791976289678278	0.00010199138172824396	0.00022492425344994112	0.00012015169151053205	5.0158896217660946e-05	0.00012627417170674784	0.00017526732979280762	0.7912715441524641	0.00011167471109427797	2.2482444694630734	0.7128097083012599	0.0001760739834092137	1.4503419490413174	0.6889665998753708	0.00011796302230693712	1.3334385669209148	0.469823320102483	1.8705626051313042	0.3434728122505455	1.3561202092776803	1.6773416618084351	1.6133414072044923	0.0001352372389368096
K1028T	missense	39	17	6	19	18	1	3	76	13	25	11	0	1	29	26	19	26	0.00012561236025624922	5.2972804350832996e-05	2.7019724398811132e-05	6.619645120825072e-05	4.917400610275297e-05	3.2530904359141185e-05	5.167424555601488e-05	0.00023587000805633924	5.721197855368118e-05	8.561982164732537e-05	5.1544177655598985e-05	1.2748922716030496e-05	2.646167687646366e-05	0.0001126422107911238	9.673501413406039e-05	8.708563565982608e-05	5.0884063488234475e-05	0.6427748179333825	4.884074651516195e-05	0.8237506605998757	0.4725960074922358	0.00010756149647823619	-0.4222599811981068	0.5548526174864734	8.683673101831119e-05	0.2349479727674196	0.200978007809903	1.2588304826633299	0.31714387352819634	1.3129218324655807	0.2121462173897295	1.2858761575644553	8.107965800390312e-05
K1028I	missense	44	36	12	22	27	2	4	10	6	17	8	1	10	14	16	14	36	0.00014131390528828035	0.00010888854227671227	5.017948816922067e-05	7.612591888948834e-05	7.246695636195174e-05	4.8796356538711774e-05	6.45928069450186e-05	3.369571543661989e-05	2.860598927684059e-05	5.9275261140456025e-05	3.865813324169924e-05	2.549784543206099e-05	0.00014553922282055013	5.63211053955619e-05	6.090723112144544e-05	6.531422674486956e-05	6.973001292832132e-05	0.5911484748788781	7.691522642434326e-05	0.32851141911726367	0.6605388157276242	4.0058774773903937e-05	1.042860718790646	0.6471158195709169	6.306814404754955e-05	0.9906503825456457	0.1217967617622782	1.0786610339520262	0.756476567358459	2.033743110303288	0.7873408401511851	1.556202072127657	6.001404841526558e-05
K1028C	missense	22	36	15	19	40	9	1	27	25	33	18	18	2	25	32	26	39	7.22271071473433e-05	0.00010888854227671227	6.175937005442545e-05	6.619645120825072e-05	0.00010611232895857219	0.00016265452179570593	2.583712277800744e-05	8.577091202048699e-05	0.00010625081731397933	0.00011196438215419471	8.161161462136506e-05	0.00024222953160457942	3.9692515314695496e-05	9.762324935230729e-05	0.00011823168394162938	0.00011756560814076522	7.538379776034737e-05	0.6235816143533129	8.573917312449015e-05	0.6396348193406973	0.622807194227586	9.639943152750653e-05	0.7487213461650674	0.604395879606664	0.00010220108479876231	0.6407431514155175	-0.799021992190097	-1.0165750925777817	-0.7855184683689513	-0.4962366696715331	0.6763664389737607	-0.7564058811246575	9.477989648358634e-05
K1028Y	missense	22	15	8	9	8	8	0	25	6	10	11	2	0	21	13	12	12	7.22271071473433e-05	4.7086937200740445e-05	3.4739645655614314e-05	3.309822560412536e-05	2.3292950259198775e-05	0.00014638906961613534	1.291856138900372e-05	7.964441830473792e-05	2.860598927684059e-05	3.622377069694535e-05	5.1544177655598985e-05	3.824676814809149e-05	1.323083843823183e-05	8.260428791349079e-05	5.0158896217660946e-05	5.660566317888696e-05	2.4499734272112893e-05	0.5589598421066376	3.4554439679919726e-05	0.019733513588356302	0.5760996430908979	4.9004588983530717e-05	0.3846095152380905	0.5268866558606539	5.3467145395537896e-05	0.00588650389433109	-1.054294497293403	-1.5974235738956093	-0.4610073768554473	0.036194681198171916	0.13674317757359264	-0.7806144463487187	4.567539135299611e-05
K1028D	missense	18	69	62	33	10	9	2	52	25	31	8	6	2	22	26	7	5	5.966587112171838e-05	0.00020600535025323943	0.00024317751958930018	0.00011253396705402623	2.8469161427909612e-05	0.00016265452179570593	3.875568416701116e-05	0.00016235208346735037	0.00010625081731397933	0.00010537824202747737	3.865813324169924e-05	8.924245901221346e-05	3.9692515314695496e-05	8.63590282731949e-05	9.673501413406039e-05	3.483425426393044e-05	1.1307569664052106e-05	0.4845247682734297	0.00014754649958111885	-0.6943044624492236	0.5123245811924575	0.00010315981901262658	-0.11255323447161218	0.46847173705479145	5.730896658380946e-05	-0.4725739647569387	-0.6229307331344157	-0.6158960599712577	-0.3518629074303792	0.21527003121137167	-0.4264772205592582	-0.20031301437994303	0.00010267176172585163
K1028S	missense	70	34	19	35	86	10	6	37	19	54	52	1	5	33	22	32	96	0.00022296193945484235	0.00010300267512661972	7.719921256803181e-05	0.0001191536121748513	0.0002251651858389215	0.0001789199739752765	9.042992972302605e-05	0.00011640338059923235	8.173139793383026e-05	0.00018111885348472674	0.00022765345131222885	2.549784543206099e-05	7.938503062939099e-05	0.0001276611722299403	8.240390092901442e-05	0.00014369129883871304	0.00018280570956884237	0.7223369456325821	0.0001311301714271061	1.5869712460846042	0.7142100454062337	0.00015172677083250455	1.461258370365031	0.6778179817665474	0.00013414052039162754	1.2421233146839066	-0.2963466329980463	0.12721522226413867	0.49323513258387763	1.6018380186522772	1.4301176437111807	0.8645266204582079	0.0001389991542170794
K1028L	missense	23	19	3	3	20	1	4	6	6	12	14	0	0	14	6	9	27	7.536741615374953e-05	5.8858671500925554e-05	1.543984251360636e-05	1.3239290241650144e-05	5.435021727146381e-05	3.2530904359141185e-05	6.45928069450186e-05	2.1442728005121748e-05	2.860598927684059e-05	4.2809910823662684e-05	6.443022206949873e-05	1.2748922716030496e-05	1.323083843823183e-05	5.63211053955619e-05	2.5079448108830473e-05	4.354281782991304e-05	5.2768658432243156e-05	0.6111458398751463	3.547200538191147e-05	0.5203413897573919	0.7387766627931296	3.9322212543780936e-05	1.652769075138397	0.6304906446410667	4.442800744163714e-05	0.8544781657394974	0.2978880208179594	1.4793400665585499	0.01611387786421517	0.8190163499252244	1.0091962102117622	1.149178208241887	3.974074178910985e-05
K1028A	missense	33	10	14	27	30	2	1	39	9	17	19	0	0	15	17	16	44	0.00010677050621781183	3.237226932550905e-05	5.7899409426023855e-05	9.267503169155101e-05	8.0231273115018e-05	4.8796356538711774e-05	2.583712277800744e-05	0.0001225298743149814	4.086569896691513e-05	5.9275261140456025e-05	8.590696275933165e-05	1.2748922716030496e-05	1.323083843823183e-05	6.007584575526602e-05	6.449000942270693e-05	7.402279031085218e-05	8.480677248039078e-05	0.7097110343458303	6.579449588952547e-05	1.4658538792768043	0.5879513313462896	7.714444929542105e-05	0.4770001417048417	0.661929655419047	7.084885449230398e-05	1.111986421134952	-0.2761432469097594	0.17318611960817545	0.01611387786421517	0.8190163499252244	1.0182801473721994	0.49610123476669993	7.126259989241684e-05
K1028V	missense	64	11	33	33	45	18	3	71	48	55	38	12	4	60	29	33	48	0.00020412008541640498	3.531520290055533e-05	0.00013123866136565408	0.00011253396705402623	0.0001190528568803493	0.00030904359141184127	5.167424555601488e-05	0.00022055377376696656	0.00020024192493788413	0.0001844119235480854	0.0001675185773806967	0.00016573599530839644	6.615419219115915e-05	0.0002290391619419517	0.00010748334903784489	0.00014804558062170436	9.234515225642552e-05	0.6979981494351235	9.953517205014624e-05	1.3534949575412962	0.5967015563482335	0.0001931815499084082	0.5452131044687617	0.5449360126052769	0.0001442283109644816	0.15372380065728775	-0.7767455974789448	-0.9658872598557544	-0.39885947010660283	0.13816190145460108	0.6841439542224487	-0.4138626792005767	0.00014564834430767868
K1028R	missense	63	58	34	67	116	7	30	51	32	72	99	9	21	38	36	54	145	0.00020097977640999874	0.0001736330809277304	0.00013509862199405565	0.00022506793410805246	0.0003028083533695841	0.00013012361743656474	0.00040047540305911534	0.00015928883660947584	0.00013485680659081992	0.00024039411462518277	0.00042953481379665823	0.00012748922716030494	0.00029107844564110026	0.00014643487402846094	0.00013256279714667535	0.00023948549806452176	0.0002751508618252679	0.6963439171809109	0.00020915199759985562	1.3376263006049063	0.7438024332565633	0.00024101864290553416	1.69194780407463	0.7026602698800996	0.00019840850776623147	1.4455996364208663	0.48821971898825095	1.9124218737203396	0.35853655868642137	1.380835576714292	1.4917245803668007	1.6466287252173157	0.00021619304942387376
K1028M	missense	21	23	3	17	17	2	6	17	16	16	6	1	2	41	23	6	23	6.908679814093707e-05	7.063040580111066e-05	1.543984251360636e-05	5.957680608742565e-05	4.658590051839755e-05	4.8796356538711774e-05	9.042992972302605e-05	5.513844344174164e-05	6.947168824375573e-05	5.5982191077097355e-05	3.0067436965766077e-05	2.549784543206099e-05	3.9692515314695496e-05	0.00015769909510757332	8.59866792302759e-05	3.047997248093913e-05	4.5230278656208424e-05	0.6067951659967119	4.805823873013506e-05	0.47860640904765417	0.5723662431371775	5.2664939932090205e-05	0.35550554682934987	0.47122806611357254	7.984900636874918e-05	-0.44999763459709663	0.2679247974405163	1.4111615810333211	0.19220513691989644	1.1079325361119206	0.12803810709330246	1.259547058572621	6.019072834365815e-05
K1028W	missense	41	31	17	10	5	7	4	26	17	9	8	10	0	5	4	13	25	0.00013189297826906167	9.417387440148089e-05	6.947929131122863e-05	3.64080481645379e-05	1.5528633506132516e-05	0.00013012361743656474	6.45928069450186e-05	8.270766516261246e-05	7.355825814044724e-05	3.293070063358668e-05	3.865813324169924e-05	0.00014023814987633546	1.323083843823183e-05	2.252844215822476e-05	1.791389150630748e-05	6.095994496187826e-05	4.899946854422579e-05	0.46902850534378066	5.3897461845844984e-05	-0.8429564305150681	0.5302158514215453	5.6963689294586405e-05	0.02691935619489936	0.7267766872038391	3.760043679265907e-05	1.6431305509677858	-0.304171970510003	0.10940940566128902	-1.02527880729401	-0.889615892993196	0.2756978255492057	-0.3901032436659535	4.948719597769682e-05
K1028G	missense	84	108	92	51	67	32	9	86	44	52	23	69	14	48	43	23	65	0.0002669262655445296	0.0003207797596800443	0.0003589763384413479	0.00017211077314145188	0.0001759911797361685	0.0005367599219258296	0.0001291856138900372	0.0002665024766350846	0.00018389564535111809	0.0001745327133580094	0.00010308835531119797	0.0008924245901221347	0.00019846257657347746	0.0001839822776255022	0.00015764224525550584	0.0001045027627917913	0.00012438326630457317	0.549450741942464	0.0002569645127497531	-0.07148502473646186	0.5392183849035986	0.00018200479766385252	0.097099206547985	0.5741822465810194	0.0001426276379943431	0.393271626801216	-0.6185659277319656	-0.6059643574236802	-0.6528929030943604	-0.27863545132898476	0.13962860287091305	-0.4422999043763325	0.00019386564946931623
K1028_	nonsense	27	81	61	82	17	8	4	113	67	49	17	6	2	68	75	16	24	8.792865217937445e-05	0.00024132055315379477	0.0002393175589608986	0.00027471527251424053	4.658590051839755e-05	0.00014638906961613534	6.45928069450186e-05	0.00034921014179769704	0.0002778867529750229	0.0001646535031679334	7.731626648339847e-05	8.924245901221346e-05	3.9692515314695496e-05	0.0002590770848195847	0.00027229115089587373	7.402279031085218e-05	4.7114873600217106e-05	0.5394563911325245	0.00020048482128683285	-0.16735845720097006	0.4913918842800172	0.00021726666610601296	-0.2757354697535058	0.4652016375023263	0.00016312647490663193	-0.4993584471527571	-0.3553244929573843	-0.006983329103128431	-0.3518629074303792	0.21527003121137167	-0.3141507913690777	0.10414335105412162	0.00019362598743315925
K1028N	missense	31	3	4	9	4	5	8	11	6	18	28	1	6	9	6	18	42	0.00010048988820499937	1.1771734300185111e-05	1.9299803142007953e-05	3.309822560412536e-05	1.2940527921777098e-05	9.759271307742355e-05	0.00011626705250103349	3.6758962294494424e-05	2.860598927684059e-05	6.256833120381469e-05	0.0001245650960010309	2.549784543206099e-05	9.261586906762282e-05	3.754740359704126e-05	2.5079448108830473e-05	8.273135387683478e-05	8.103758259237342e-05	0.6530520328571533	1.927757274202388e-05	0.9223375412942645	0.7722191348752121	6.312459469404515e-05	1.913472097330598	0.7288681219902593	5.659894704376999e-05	1.6602609157533605	0.07603927120160313	0.9745441848212235	0.5601819222144908	1.7116788548257738	1.498690184792741	1.3431115198234986	4.6333704826613e-05
K1028F	missense	18	12	1	7	7	1	5	7	7	6	11	0	0	12	19	8	6	5.966587112171838e-05	3.825813647560161e-05	7.71992125680318e-06	2.647858048330029e-05	2.0704844674843356e-05	3.2530904359141185e-05	7.751136833402232e-05	2.4505974862996284e-05	3.26925591735321e-05	2.3051490443510677e-05	5.1544177655598985e-05	1.2748922716030496e-05	1.323083843823183e-05	4.881162467615364e-05	7.165556602522992e-05	3.918853604692174e-05	1.3192164608060789e-05	0.5795128320150201	2.329037072263711e-05	0.2168934619829393	0.6927889642427408	3.2948550533909513e-05	1.29426890307206	0.5242427611574568	4.3211972839091514e-05	-0.015768907507684088	0.37706926686558434	1.659509515269854	0.01611387786421517	0.8190163499252244	0.498464485849105	1.2392629325975393	3.315029803187938e-05
K1028P	missense	14	2	12	14	3	1	0	2	4	10	2	0	0	4	4	19	3	4.7104635096093454e-05	8.828800725138832e-06	5.017948816922067e-05	4.964733840618804e-05	1.0352422337421678e-05	3.2530904359141185e-05	1.291856138900372e-05	9.189740573623606e-06	2.0432849483457566e-05	3.622377069694535e-05	1.2886044413899746e-05	1.2748922716030496e-05	1.323083843823183e-05	1.877370179852063e-05	1.791389150630748e-05	8.708563565982608e-05	7.538379776034737e-06	0.6292420608165813	2.9752012409492307e-05	0.6939341372289003	0.667675936098016	1.9683101291981568e-05	1.098498616782869	0.6587610840600716	3.282790218517223e-05	1.086033528134984	-0.4010819835180594	-0.11110017823393115	0.01611387786421517	0.8190163499252244	0.9594887607155845	0.35395808584564664	2.74210052955487e-05
K1028K	silent	28	3	7	2	18	1	4	8	3	11	9	0	1	5	12	13	25	9.106896118578068e-05	1.1771734300185111e-05	3.087968502721272e-05	9.929467681237608e-06	4.917400610275297e-05	3.2530904359141185e-05	6.45928069450186e-05	2.756922172087082e-05	1.634627958676605e-05	3.9516840760304014e-05	4.2953481379665825e-05	1.2748922716030496e-05	2.646167687646366e-05	2.252844215822476e-05	4.657611791639945e-05	6.095994496187826e-05	4.899946854422579e-05	0.7371034518234816	2.5438723277847102e-05	1.728622831160245	0.693563208138076	3.1596455861901674e-05	1.3003045730109426	0.6904772316339187	4.476599339518206e-05	1.345811734494021	0.2978880208179594	1.4793400665585499	0.31714387352819634	1.3129218324655807	1.4582463795550697	1.3961309495120653	3.393372417831028e-05
K1028Q	missense	17	0	0	0	2	0	0	2	0	6	3	0	0	0	4	0	4	5.652556211531215e-05	2.942933575046278e-06	3.85996062840159e-06	3.309822560412536e-06	7.764316753066258e-06	1.6265452179570593e-05	1.291856138900372e-05	9.189740573623606e-06	4.086569896691513e-06	2.3051490443510677e-05	1.718139255186633e-05	1.2748922716030496e-05	1.323083843823183e-05	3.7547403597041264e-06	1.791389150630748e-05	4.354281782991305e-06	9.422974720043421e-06	0.7222897114955941	4.469258379231666e-06	1.5865181402322424	0.725309576963346	1.3377298366423032e-05	1.5477855091110697	0.6371491289830042	8.861472092261583e-06	0.9090159722429763	-0.10005198785407819	0.5738651522146992	0.01611387786421517	0.8190163499252244	1.3477732071954296	0.6964407510699618	8.902676279305426e-06
K1028H	missense	1	0	0	0	1	0	0	0	4	5	0	0	0	6	3	2	1	6.280618012812461e-06	2.942933575046278e-06	3.85996062840159e-06	3.309822560412536e-06	5.176211168710839e-06	1.6265452179570593e-05	1.291856138900372e-05	3.0632468578745355e-06	2.0432849483457566e-05	1.9758420380152007e-05	4.295348137966582e-06	1.2748922716030496e-05	1.323083843823183e-05	2.6283182517928884e-05	1.4331113205045985e-05	1.3062845348973913e-05	3.7691898880173684e-06	0.6752789889857437	3.822231983142811e-06	1.13555544987185	0.6329439624747166	1.1887466214862673e-05	0.8277431992984894	0.4752727576419113	1.4361582739991538e-05	-0.41686868323057413	-0.10005198785407819	0.5738651522146992	0.01611387786421517	0.8190163499252244	0.5154766553132551	0.6964407510699618	1.0023760312665673e-05
K1028E	missense	16	27	17	16	6	3	2	15	23	16	12	1	3	13	19	10	18	5.3385253108905916e-05	8.240214010129577e-05	6.947929131122863e-05	5.6266983527013114e-05	1.8116739090487936e-05	6.506180871828237e-05	3.875568416701116e-05	4.901194972599257e-05	9.807767752059631e-05	5.5982191077097355e-05	5.5839525793565566e-05	2.549784543206099e-05	5.292335375292732e-05	5.256636503585777e-05	7.165556602522992e-05	4.789709961290435e-05	3.5807303936165e-05	0.5111576190885243	5.656628850750636e-05	-0.4388218530716414	0.6145655604071406	6.472783602931295e-05	0.6844731398865984	0.5804916589508646	5.1981583652539265e-05	0.44495028117755886	-0.22499072446237806	0.28957885437259306	0.31714387352819634	1.3129218324655807	0.23020052266417199	0.8012503434190869	5.775856939645286e-05
M1029D	missense	46	75	73	81	28	17	8	58	33	41	25	11	4	41	42	19	56	0.00014759452330109283	0.0002236629517035171	0.00028563708650171767	0.000271405449953828	7.505506194630717e-05	0.00029277813923227067	0.00011626705250103349	0.0001807315646145976	0.00013894337648751146	0.00013830894266106405	0.00011167905158713113	0.00015298707259236595	6.615419219115915e-05	0.00015769909510757332	0.00015405946695424435	8.708563565982608e-05	0.000107421911808495	0.5578002287317884	0.00021394013752634245	0.008609618030479169	0.5794046224498816	0.00014241573383757606	0.4103737023189706	0.5712226047992338	0.0001265665273825347	0.36903001827207993	-0.40108198351805935	-0.11110017823393102	-0.3640973638473909	0.19519673224681222	0.2626711128738432	0.0420482770064406	0.0001609741329154844
M1029K	missense	26	92	65	52	32	13	17	67	50	55	39	11	6	61	54	31	59	8.478834317296822e-05	0.0002736928224793038	0.00025475740147450494	0.00017542059570186443	8.540748428372885e-05	0.0002277163305139883	0.00023253410500206697	0.0002083007863354684	0.00020841506473126716	0.0001844119235480854	0.0001718139255186633	0.00015298707259236595	9.261586906762282e-05	0.00023279390230165583	0.0001970528065693823	0.00013933701705572175	0.00011307569664052105	0.5229775547572849	0.00019731957598485053	-0.3254360188514983	0.6034162693624648	0.00019323542503337106	0.5975580977356112	0.5486231863005242	0.00017056485564182023	0.18392442218155503	0.009092481570989868	0.8222130864512321	-0.21796932816915288	0.4349517035583646	0.15201550035522263	0.6285823950047984	0.00018703995222001395
M1029P	missense	21	5	7	27	91	4	28	2	4	24	28	3	34	13	6	8	31	6.908679814093707e-05	1.7657601450277664e-05	3.087968502721272e-05	9.267503169155101e-05	0.0002381057137606986	8.132726089785297e-05	0.0003746382802811079	9.189740573623606e-06	2.0432849483457566e-05	8.23267515839667e-05	0.0001245650960010309	5.099569086412198e-05	0.0004630793453381141	5.256636503585777e-05	2.5079448108830473e-05	3.918853604692174e-05	6.0307038208277895e-05	0.8633025662913734	9.4829507982435e-05	2.939220948847433	0.8406422100752441	5.9128609410519695e-05	2.4468687448197564	0.6513427339054584	4.428534684997197e-05	1.0252718705969228	0.6633760057088591	2.310973465062942	0.9581219308865284	2.36458638841477	2.137120521421371	2.337779926738856	6.608115474764222e-05
M1029T	missense	50	44	44	33	15	3	1	12	29	27	18	2	3	33	24	11	22	0.00016015575932671776	0.0001324320108770825	0.00017369822827807157	0.00011253396705402623	4.140968934968671e-05	6.506180871828237e-05	2.583712277800744e-05	3.982220915236896e-05	0.00012259709690074538	9.22059617740427e-05	8.161161462136506e-05	3.824676814809149e-05	5.292335375292732e-05	0.0001276611722299403	8.95694575315374e-05	5.225138139589565e-05	4.3345683712199736e-05	0.5341908851402472	0.00011501847388971675	-0.2178692049966165	0.6603088426040035	8.405922061213054e-05	1.0410679479630665	0.5090158070843588	7.820692371739327e-05	-0.14048868339505025	-0.4010819835180594	-0.11110017823393115	0.14105261447251513	1.0240056462788847	0.22757001985713324	0.45645273402247677	9.242820607308018e-05
M1029S	missense	71	39	26	14	43	7	7	57	53	96	31	6	3	58	50	34	49	0.0002261022484612486	0.00011771734300185111	0.00010421893696684294	4.964733840618804e-05	0.00011387664571163845	0.00013012361743656474	0.00010334849111202976	0.00017766831775672305	0.0002206747744213417	0.0003194277961457908	0.00013745114041493063	8.924245901221346e-05	5.292335375292732e-05	0.00022152968122254345	0.0001827216933643363	0.00015239986240469565	9.422974720043421e-05	0.6035666330004454	9.636506602163014e-05	0.4476358591777059	0.6217992945742372	0.00021380550718469655	0.7408641971765126	0.5458339076118325	0.00016272024604800238	0.1610782107021597	-0.10005198785407819	0.5738651522146992	-0.22692417082207927	0.42025932756503176	0.4498594223521261	0.49706223988986553	0.00015763027308477636
M1029L	missense	110	302	218	238	95	67	42	312	143	157	50	79	21	202	200	95	90	0.0003485742997110916	0.0008917088732390222	0.0008453313776199483	0.0007910475919385961	0.00024845813609812025	0.0011060507482108003	0.0005554981397271599	0.0009587962665147296	0.0005884660651235779	0.0005203050700106696	0.0002190627550362957	0.0010199138172824395	0.00029107844564110026	0.0007622122930199377	0.0007201384385535607	0.0004180110511671652	0.00017149813990479027	0.5356787708458385	0.0006941364947239217	-0.20359627097392322	0.4999600190666602	0.0005716575391713182	-0.2089420034109043	0.4998546038235958	0.0005179649806613634	-0.2155255694364684	-0.29909244498072796	0.12096738637018102	-0.5445534283055222	-0.10088087090677732	-0.20935461460709862	0.010043257731701852	0.0005945863381855344
M1029V	missense	72	321	407	429	80	57	33	167	107	149	51	97	11	97	126	84	154	0.00022924255746765483	0.0009476246111649014	0.001574863936387849	0.0014232237009773907	0.00020963655233278896	0.0009433962264150943	0.0004392310872261265	0.0005146254721229219	0.0004413495488426834	0.0004939605095038003	0.00022335810317426226	0.0012493944261709885	0.00015877006125878198	0.0003679645552510044	0.00045501284426021	0.0003701139515542609	0.00029211221632134606	0.5538385727265682	0.0010388372002157326	-0.02939360665984825	0.5636545844619121	0.00041832340841091697	0.28759323043795987	0.5987026024280393	0.0003713008918467053	0.5941110902446483	-0.33200106437476035	0.04608693032751195	-0.8959309517806547	-0.6773924736891773	0.28410357134091996	-0.31565277168083267	0.0006094871668244516
M1029M	silent	41	37	16	17	45	3	5	20	10	41	50	0	4	11	24	31	71	0.00013189297826906167	0.00011183147585175854	6.561933068282704e-05	5.957680608742565e-05	0.0001190528568803493	6.506180871828237e-05	7.751136833402232e-05	6.432818401536524e-05	4.4952268863606643e-05	0.00013830894266106405	0.0002190627550362957	1.2748922716030496e-05	6.615419219115915e-05	4.505688431644952e-05	8.95694575315374e-05	0.00013933701705572175	0.00013569083596862527	0.6304838792872447	8.902011737559013e-05	0.7058466067373673	0.7743511778986881	0.00011666303764408291	1.9300925809569205	0.7231527281140614	0.00010241354871808349	1.613447702820198	0.07603927120160313	0.9745441848212235	0.715083882200234	1.9658293660545776	1.416462296838162	1.4701867754379006	0.00010269890124591885
M1029R	missense	109	20	12	128	100	7	27	37	10	115	58	0	13	36	34	78	113	0.00034543399070468536	6.180160507597183e-05	5.017948816922067e-05	0.0004269671102932172	0.00026139866401989737	0.00013012361743656474	0.0003617197188921042	0.00011640338059923235	4.4952268863606643e-05	0.0003819961273496055	0.00025342554014002835	1.2748922716030496e-05	0.00018523173813524564	0.00013892539330905267	0.00012539724054415238	0.00034398826085631305	0.00021484382361699	0.777368122888402	0.00020008671688957676	2.1148722530045494	0.7423650280309452	0.00019919432923811822	1.6807424157434767	0.6927798324693146	0.00020578867958162702	1.364671702073224	0.4440160564961975	1.8118406136398448	1.162241913542453	2.699489819906486	1.7200954569404168	2.2556652167731652	0.000201689908569774
M1029E	missense	36	24	11	11	16	4	2	21	8	10	12	3	2	24	29	10	27	0.00011619143323703052	7.357333937615695e-05	4.631952754081908e-05	3.9717870724950433e-05	4.399779493404213e-05	8.132726089785297e-05	3.875568416701116e-05	6.739143087323978e-05	3.677912907022362e-05	3.622377069694535e-05	5.5839525793565566e-05	5.099569086412198e-05	3.9692515314695496e-05	9.386850899260315e-05	0.00010748334903784489	4.789709961290435e-05	5.2768658432243156e-05	0.5664757519391745	5.090213314399215e-05	0.09183185068319197	0.6025707195408528	4.905846410849358e-05	0.5909665576913443	0.5493066499388217	7.550440401889889e-05	0.18952248410427597	-0.3219007374704345	0.06906927047737274	-0.10882485874408475	0.6140270535715644	0.2907736308262708	0.3415481620244686	5.8488333757128203e-05
M1029A	missense	67	135	105	76	53	29	5	113	68	74	30	33	4	63	62	49	49	0.00021354101243562366	0.00040023896620629376	0.0004091558266105686	0.0002548563371517653	0.00013975770155519264	0.00048796356538711777	7.751136833402232e-05	0.00034921014179769704	0.0002819733228717144	0.00024698025475190013	0.00013315579227696404	0.00043346337234503684	6.615419219115915e-05	0.0002403033830210641	0.00022571503297947427	0.00021771408914956524	9.422974720043421e-05	0.5278512853361083	0.00030100220788095505	-0.27868347950353667	0.5405612903761231	0.0002528298779245689	0.10756791574945422	0.5533027791606239	0.00019449056308763448	0.22225367502844456	-0.799021992190097	-1.0165750925777817	-0.8163950348420212	-0.5468964234593039	0.017046037091454042	-0.7817357580185428	0.00024944088296438615
M1029H	missense	26	24	29	36	5	6	3	21	19	27	5	6	0	16	21	22	22	8.478834317296822e-05	7.357333937615695e-05	0.00011579881885204771	0.00012246343473526383	1.5528633506132516e-05	0.00011385816525699414	5.167424555601488e-05	6.739143087323978e-05	8.173139793383026e-05	9.22059617740427e-05	2.5772088827799493e-05	8.924245901221346e-05	1.323083843823183e-05	6.383058611497015e-05	7.882112262775292e-05	0.0001001484810088	4.3345683712199736e-05	0.5610538323273356	8.184105661740025e-05	0.03982066420205848	0.571469914967504	6.677521985222805e-05	0.34851816078514963	0.6074707638006741	7.15364683659307e-05	0.665928678718978	-0.34309003654037257	0.0208550212381844	-0.8289841621500417	-0.5675516375156809	0.35142250123539537	-0.2733483081387483	7.338424827851967e-05
M1029I	missense	35	44	48	43	27	5	6	36	10	27	20	7	0	49	16	15	22	0.0001130511242306243	0.0001324320108770825	0.00018913807079167793	0.0001456321926581516	7.246695636195174e-05	9.759271307742355e-05	9.042992972302605e-05	0.00011334013374135781	4.4952268863606643e-05	9.22059617740427e-05	9.020231089729822e-05	0.00010199138172824396	1.323083843823183e-05	0.0001877370179852063	6.090723112144544e-05	6.966850852786088e-05	4.3345683712199736e-05	0.573255100306127	0.00013491730767221593	0.15686452866023493	0.6168697785072736	8.517516881907634e-05	0.7024358258094642	0.4783102380272761	9.04146103366781e-05	-0.39198952019466066	-0.0331051982234649	0.7261962505846906	-0.8869761091277284	-0.6627000976958445	0.15577027809167948	0.03174807644442307	0.00010350236227599013
M1029_	nonsense	48	74	59	58	57	13	14	127	73	76	26	18	5	89	92	35	42	0.00015387514131390528	0.00022072001812847083	0.00023159763770409542	0.00019527953106433964	0.00015011012389261433	0.0002277163305139883	0.0001937784208350558	0.00039209559780794054	0.000302406172355172	0.0002535663948786174	0.00011597439972509772	0.00024222953160457942	7.938503062939099e-05	0.0003379266323733714	0.00033319838201731914	0.00015675414418768696	8.103758259237342e-05	0.5861154702371781	0.00019942682769738006	0.28023100153079106	0.5219492151005596	0.0002660106411917069	-0.037523758744544465	0.49474722982427993	0.00022722918529268773	-0.2573586594628598	-0.07008876447663494	0.6420436377399286	-0.48448847270497014	-0.002331187131176757	-0.00488380555887107	0.3198562253043759	0.00023088888472725823
M1029W	missense	56	35	42	40	49	2	10	35	29	38	30	8	4	38	36	39	99	0.00017899761336515513	0.00010594560870166599	0.00016597830702126838	0.000135702724976914	0.00012940527921777097	4.8796356538711774e-05	0.00014210417527904092	0.00011027688688348328	0.00012259709690074538	0.00012842973247098805	0.00013315579227696404	0.00011474030444427445	6.615419219115915e-05	0.00014643487402846094	0.00013256279714667535	0.00017417127131965217	0.00018845949440086842	0.6343345078794648	0.00013425797997940482	0.7427847718370924	0.6438259479456038	0.00012361487713304518	0.9125744430160214	0.6576673362743795	0.00016040710922391423	1.077074942060975	0.46421944258448444	1.8578115109838818	-0.23915862723909093	0.40018602860047237	0.9108113856380297	1.128998769792177	0.00013942665544545475
M1029N	missense	49	8	10	13	21	1	3	50	19	29	30	3	1	31	16	15	45	0.00015701545032031152	2.6486402175416498e-05	4.245956691241749e-05	4.6337515845775506e-05	5.6938322855819224e-05	3.2530904359141185e-05	5.167424555601488e-05	0.0001562255897516013	8.173139793383026e-05	9.879210190076005e-05	0.00013315579227696404	5.099569086412198e-05	2.646167687646366e-05	0.00012015169151053205	6.090723112144544e-05	6.966850852786088e-05	8.669136742439947e-05	0.6941214081690268	4.305545194735718e-05	1.3163062997659598	0.6111278605336535	0.00011747622046578892	0.6576743211806094	0.5910586134958967	8.435469964605946e-05	0.5315012877900224	0.200978007809903	1.2588304826633299	-0.284916117799766	0.32511086738486816	0.8351606362455306	0.791970675024099	8.162879068640185e-05
M1029G	missense	90	175	97	100	81	11	15	165	105	111	26	14	12	119	104	57	62	0.00028576811958296695	0.0005179563092081448	0.00037827614158335586	0.00033429207860166617	0.00021222465791714438	0.0001951854261548471	0.00020669698222405952	0.0005084989784071729	0.00043317640904930036	0.0003688238470961708	0.00011597439972509772	0.00019123384074045744	0.0001720008996970138	0.0004505688431644952	0.0003761917216324571	0.0002525483434134957	0.0001187294814725471	0.5417233098007667	0.0003606872968275778	-0.14561244508119328	0.5161716392651579	0.00035661840856943545	-0.08256323661379132	0.5082297995485208	0.00029950959742074877	-0.14692665406501454	0.024886748754221824	0.8581514500568059	-0.046034028884629305	0.7170491296687953	-0.12503411191999972	0.7876002898628006	0.00033893843427258735
M1029C	missense	33	1	3	14	14	0	12	16	8	51	25	0	0	18	11	22	77	0.00010677050621781183	5.885867150092556e-06	1.543984251360636e-05	4.964733840618804e-05	3.882158376533129e-05	1.6265452179570593e-05	0.00016794129805704837	5.20751965838671e-05	3.677912907022362e-05	0.00017123964329465073	0.00011167905158713113	1.2748922716030496e-05	1.323083843823183e-05	7.134006683437841e-05	4.299333961513795e-05	0.0001001484810088	0.00014699840563267737	0.7764357345106003	2.7448657958804565e-05	2.105928072850201	0.7303304240523796	9.294325513396813e-05	1.58692585755371	0.7232522986796117	9.037007327274843e-05	1.6142632578261957	1.0138913644527587	3.1085380665564495	0.01611387786421517	0.8190163499252244	1.769039062743369	1.963777208240837	7.02539954551737e-05
M1029Y	missense	42	12	7	10	19	6	0	17	3	23	23	1	3	26	20	20	28	0.0001350332872754679	3.825813647560161e-05	3.087968502721272e-05	3.64080481645379e-05	5.176211168710839e-05	0.00011385816525699414	1.291856138900372e-05	5.513844344174164e-05	1.634627958676605e-05	7.903368152060803e-05	0.00010308835531119797	2.549784543206099e-05	5.292335375292732e-05	0.00010137798971201142	7.523834432649142e-05	9.14399174428174e-05	5.4653253376251844e-05	0.6615845143197975	3.9326995338615154e-05	1.0041876084792123	0.7267998976328407	6.340168996507842e-05	1.5594034033151571	0.5769797859898532	8.067737621439303e-05	0.41618549955809675	-0.9451500278683349	-1.3490756396590764	0.31714387352819634	1.3129218324655807	0.9932588371174887	-0.01807690359674785	6.11353538393622e-05
M1029F	missense	36	44	42	60	11	7	2	62	15	39	13	2	2	52	47	17	30	0.00011619143323703052	0.0001324320108770825	0.00016597830702126838	0.00020189917618516472	3.105726701226503e-05	0.00013012361743656474	3.875568416701116e-05	0.00019298455204609573	6.53851183470642e-05	0.00013172280253434673	6.013487393153215e-05	3.824676814809149e-05	3.9692515314695496e-05	0.0001990012390643187	0.0001719733584605518	7.837707209384348e-05	5.8422443264269213e-05	0.5619071933767861	0.00013284169027394518	0.04800675397398875	0.5327656675915946	0.0001125568367147597	0.04679661825659241	0.498139290510263	0.00012694352822074578	-0.22957522710197917	-0.5260207201263593	-0.3953864760760374	0.01611387786421517	0.8190163499252244	-0.044923951623799335	0.21181493692459352	0.00012411401840315022
M1029Q	missense	20	3	1	3	16	0	0	11	1	3	5	0	0	6	10	5	21	6.594648913453083e-05	1.1771734300185111e-05	7.71992125680318e-06	1.3239290241650144e-05	4.399779493404213e-05	1.6265452179570593e-05	1.291856138900372e-05	3.6758962294494424e-05	8.173139793383025e-06	1.3172280253434671e-05	2.5772088827799493e-05	1.2748922716030496e-05	1.323083843823183e-05	2.6283182517928884e-05	3.941056131387646e-05	2.6125690697947826e-05	4.1461088768191055e-05	0.791491639753462	1.9182185183170143e-05	2.250355794264382	0.5833293748081372	2.0969117792277904e-05	0.440969371163123	0.6552452745315671	3.332013082448605e-05	1.0572365031782696	-0.10005198785407819	0.5738651522146992	0.01611387786421517	0.8190163499252244	1.249520556201925	0.6964407510699618	2.4490477933311367e-05
S1030P	missense	34	13	10	12	3	3	5	18	14	23	9	11	1	7	21	9	28	0.00010991081522421806	4.120107005064789e-05	4.245956691241749e-05	4.302769328536297e-05	1.0352422337421678e-05	6.506180871828237e-05	7.751136833402232e-05	5.8201690299616175e-05	6.129854845037269e-05	7.903368152060803e-05	4.2953481379665825e-05	0.00015298707259236595	2.646167687646366e-05	3.003792287763301e-05	7.882112262775292e-05	4.354281782991304e-05	5.4653253376251844e-05	0.5411035905094062	3.42601881464625e-05	-0.15155726498566532	0.6105015761183575	6.037185041256568e-05	0.65279207923932	0.6482834663244192	5.1763779177887696e-05	1.0002142546577781	0.07603927120160313	0.9745441848212235	-0.7620373725194285	-0.45771080134218445	0.5004830229704776	0.25841669173951953	4.87986059123053e-05
S1030S	silent	141	165	144	191	292	36	66	186	124	181	194	18	57	110	150	107	242	0.0004459238789096847	0.0004885269734576821	0.0005596942911182306	0.0006354859315992069	0.0007583149362161379	0.0006018217306441119	0.0008655436130632492	0.0005728271624225381	0.0005108212370864391	0.0005993387515312776	0.0008375928869034836	0.00024222953160457942	0.0007673886294174461	0.000416776179927158	0.0005409995234904859	0.0004702624325630609	0.0004579565713941103	0.6703085332958054	0.0006105055330978144	1.0878750495167606	0.6687803340202532	0.0006301450094859345	1.1071080244643148	0.6284997502423358	0.00047149867684370374	0.8381712995052439	0.15782109077975326	1.160630993042709	0.5007882704743234	1.6142305917121345	1.011051457828773	1.3874307923774216	0.0005707164064758176
S1030T	missense	62	16	16	40	14	10	5	34	16	39	36	8	3	32	36	33	94	0.0001978394674035925	5.002987077578672e-05	6.561933068282704e-05	0.000135702724976914	3.882158376533129e-05	0.0001789199739752765	7.751136833402232e-05	0.00010721364002560874	6.947168824375573e-05	0.00013172280253434673	0.00015892788110476354	0.00011474030444427445	5.292335375292732e-05	0.00012390643187023618	0.00013256279714667535	0.00014804558062170436	0.000179036519680825	0.6407054882600602	7.254337755021477e-05	0.8039000727573153	0.683147091169017	0.00011683400297711869	1.2191050382792963	0.6637440311201366	0.0001458878323298602	1.126847471462487	-0.3632934226286595	-0.025115876105852374	-0.33606864024714733	0.24118397755183207	1.0499508608330328	0.10803405072298986	0.00011175507095239788
S1030Y	missense	63	314	229	103	30	51	15	155	67	78	20	69	18	60	64	30	46	0.00020097977640999874	0.0009270240761395774	0.0008877909445323658	0.00034422154628290376	8.0231273115018e-05	0.0008458035133376708	0.00020669698222405952	0.00047786650982842754	0.0002778867529750229	0.0002601525350053348	9.020231089729822e-05	0.0008924245901221347	0.0002513859303264048	0.0002290391619419517	0.00023288058958199724	0.00013498273527273044	8.857596236840816e-05	0.4528484292868845	0.0005598169600174663	-0.9981680554230826	0.49156742620028776	0.0002765270271765209	-0.2743670210029578	0.5303056566434747	0.0001713696122912719	0.03389059514889874	-0.6119353488329525	-0.5908771012297898	-0.5502305611972127	-0.11019544786158014	-0.4128814937590472	-0.3505362745456849	0.000335904533161753
S1030L	missense	110	117	103	150	116	38	40	168	72	155	101	37	31	104	105	75	163	0.0003485742997110916	0.0003472661618554608	0.0004014359053537654	0.000499783206622293	0.0003028083533695841	0.0006343526350032531	0.0005296610169491525	0.0005176887189807965	0.00029831960245848047	0.0005137189298839522	0.0004381255100725914	0.00048445906320915885	0.0004233868300234186	0.00039424773776893326	0.0003797744999337186	0.00033092541550733913	0.0003090735708174242	0.6221776680785203	0.00038782340680027584	0.6261670963319881	0.623353207079251	0.0004419631903489552	0.7529778257768456	0.5980934391127811	0.0003535053060068538	0.5891216017498986	-0.07833273816084187	0.6232852540567431	-0.05851974043268904	0.6965635917628397	0.6560888412862441	0.6599244229097914	0.0003944306343853616
S1030H	missense	38	23	9	27	22	5	8	36	36	42	19	4	3	31	24	24	31	0.00012247205124984298	7.063040580111066e-05	3.8599606284015906e-05	9.267503169155101e-05	5.952642844017465e-05	9.759271307742355e-05	0.00011626705250103349	0.00011334013374135781	0.000151203086177586	0.00014160201272442273	8.590696275933165e-05	6.374461358015247e-05	5.292335375292732e-05	0.00012015169151053205	8.95694575315374e-05	0.00010885704457478262	6.0307038208277895e-05	0.6349277896558607	6.535786805421306e-05	0.7484759829425853	0.601653750542656	0.00012301304885067453	0.5838182646913617	0.5721322845932811	9.47213079562825e-05	0.37648095425692624	0.07603927120160313	0.9745441848212235	-0.08079613514384125	0.6600142988765841	0.5695917339636244	0.8172792418489039	9.436407495372336e-05
S1030N	missense	73	50	37	72	140	16	36	47	28	61	62	36	53	36	16	29	50	0.00023238286647406104	0.00015008961232736015	0.00014667850387926044	0.00024161704691011516	0.00036492288739411414	0.0002765126870527001	0.00047798677139313764	0.0001470358491779777	0.00011851052700405388	0.00020417034392823742	0.0002706069326918947	0.00047171014049312833	0.0007144652756645188	0.00013892539330905267	6.090723112144544e-05	0.00013062845348973912	9.61143421444429e-05	0.7273236712842507	0.00022582701262771247	1.6348077203165081	0.7020563431511574	0.0001850809132005409	1.36651337361522	0.6077955595998027	0.00010664385501617002	0.6685889914172374	0.23770081483464292	1.3423897625059262	0.18030591362018866	1.0884092603242885	1.2233033617829885	1.2153995114151073	0.00017251726028147448
S1030V	missense	58	132	79	91	38	14	10	98	59	79	47	12	14	77	57	47	93	0.0001852782313779676	0.00039141016548115495	0.00030879685027212725	0.00030450367555795335	0.00010093611778986136	0.00024398178269355888	0.00014210417527904092	0.000303261438929579	0.00024519419380149076	0.00026344560506869345	0.00020617671062239594	0.00016573599530839644	0.00019846257657347746	0.00029286974805692187	0.00020780114147316678	0.0002090055255835826	0.00017715192473681632	0.5259951335069627	0.00027641170227527424	-0.29648910294217773	0.5914806150062659	0.0002545194871055398	0.504512907928315	0.5762378734552753	0.00022170708496262187	0.4101086988666137	-0.2347505617515344	0.2673712661914006	0.07826178461305969	0.9209835701816537	0.20604416795091698	0.5941774181865271	0.0002508794247811453
S1030R	missense	132	58	56	101	207	14	56	59	56	107	99	14	48	76	66	65	150	0.0004176610978520286	0.0001736330809277304	0.00022001775581889066	0.0003376019011620787	0.0005383259615459273	0.00024398178269355888	0.000736357999173212	0.00018379481147247213	0.00023293448411141625	0.0003556515668427361	0.00042953481379665823	0.00019123384074045744	0.0006483110834733597	0.00028911500769721775	0.00024004614618452024	0.0002873825976774261	0.0002845738365453113	0.7442977233036315	0.00031739467486365674	1.7976357679682606	0.7144340080085749	0.00030047891905582067	1.4630042857729915	0.6288271273660271	0.0002752793970261188	0.8408527551201629	0.479731608762732	1.8931079803899329	0.5302186988370475	1.6625176399506296	1.3671642696204716	1.7778128101702813	0.0002977176636485321
S1030F	missense	63	19	19	15	17	10	3	44	26	32	18	7	2	45	41	32	45	0.00020097977640999874	5.8858671500925554e-05	7.719921256803181e-05	5.295716096660058e-05	4.658590051839755e-05	0.0001789199739752765	5.167424555601488e-05	0.0001378461086043541	0.00011033738721067085	0.00010867131209083605	8.161161462136506e-05	0.00010199138172824396	3.9692515314695496e-05	0.0001727180565463898	0.00015047668865298284	0.00014369129883871304	8.669136742439947e-05	0.5926039264159958	5.890023638848887e-05	0.34247321986878854	0.576430272560317	0.00010961660563180651	0.38718695932451436	0.5651923173489644	0.0001383943528656213	0.3196375990315993	-0.5393846816843407	-0.4257949087123763	-0.40985485440806596	0.12012157103120802	0.3497659260749673	-0.15283666884058414	0.00010230373162863888
S1030M	missense	44	49	79	78	14	11	3	44	51	62	12	15	0	23	40	25	41	0.00014131390528828035	0.0001471466787523139	0.00030879685027212725	0.00026147598227259036	3.882158376533129e-05	0.0001951854261548471	5.167424555601488e-05	0.0001378461086043541	0.00021250163462795867	0.0002074634139915961	5.5839525793565566e-05	0.00020398276345648793	1.323083843823183e-05	9.011376863289904e-05	0.00014689391035172135	0.00011321132635777392	7.915298764836473e-05	0.5634627211825577	0.0001890602737655907	0.06292856259061191	0.5738597552286968	0.00015341267075436862	0.36714831997674163	0.6056214284949348	0.00010734299824768977	0.6507812839238567	-0.5771732425737406	-0.511779210840455	-1.1880061047917096	-1.156605580236201	0.3602860554970701	-0.8341923955383279	0.00014993864758921637
S1030G	missense	90	79	51	64	81	28	15	94	56	74	53	9	13	70	43	65	111	0.00028576811958296695	0.00023543468600370222	0.0002007179526768827	0.00021513846642681487	0.00021222465791714438	0.0004716981132075472	0.00020669698222405952	0.0002910084514980809	0.00023293448411141625	0.00024698025475190013	0.00023194879945019544	0.00012748922716030494	0.00018523173813524564	0.000266586565538993	0.00015764224525550584	0.0002873825976774261	0.00021107463372897262	0.6170080250885686	0.00021587894075613605	0.5765759395387082	0.6046667487026659	0.0002507179974528982	0.6073062928564494	0.6200151729129374	0.00023067151055022439	0.7686764696172922	-0.35833000309710944	-0.013822083631502762	0.16224191354245326	1.0587713212367769	0.6508529006708166	0.522474618802637	0.0002324228162530862
S1030C	missense	70	68	52	64	29	20	4	77	69	61	26	19	8	82	52	29	65	0.00022296193945484235	0.00020306241667819314	0.0002045779133052843	0.00021513846642681487	7.764316753066258e-05	0.00034157449577098246	6.45928069450186e-05	0.00023893325491421377	0.00028605989276840593	0.00020417034392823742	0.00011597439972509772	0.0002549784543206099	0.00011907754594408647	0.0003116434498554425	0.0001898872499668593	0.00013062845348973912	0.00012438326630457317	0.5597362709288396	0.0001751054909852387	0.02718161078490936	0.5583295017551859	0.0002112844728339887	0.24608119294086567	0.5223885450725211	0.00018913560490415354	-0.030956279417375835	-0.7233012782519787	-0.8442797579217499	-0.33067360836044113	0.2500357061692639	0.08076884143613307	-0.29712202587624303	0.00019184185624112701
S1030I	missense	45	18	13	30	9	7	5	41	6	23	11	2	0	27	32	19	27	0.0001444542142946866	5.591573792587927e-05	5.4039448797622264e-05	0.00010260449937278863	2.5881055843554195e-05	0.00013012361743656474	7.751136833402232e-05	0.00012865636803073048	2.860598927684059e-05	7.903368152060803e-05	5.1544177655598985e-05	3.824676814809149e-05	1.323083843823183e-05	0.00010513273007171553	0.00011823168394162938	8.708563565982608e-05	5.2768658432243156e-05	0.6032236273183293	5.961018548496109e-05	0.44434548717409406	0.5464369342253541	7.196005412094452e-05	0.15337188936300275	0.5602186922783761	9.080467702635354e-05	0.2789000095456312	-0.22499072446237806	0.28957885437259306	-0.4610073768554473	0.036194681198171916	0.29220579536090935	0.1628867677853825	7.412497221075305e-05
S1030_	nonsense	43	136	194	134	35	27	22	111	78	55	34	30	7	41	63	28	20	0.00013817359628187414	0.00040318189978134005	0.0007526923225383101	0.0004468260456556924	9.31718010367951e-05	0.0004554326610279766	0.0002971269119470856	0.00034308364808194797	0.00032283902183862954	0.0001844119235480854	0.0001503371848288304	0.00039521660419694534	0.00010584670750585465	0.00015769909510757332	0.00022929781128073576	0.00012627417170674784	3.957649382418237e-05	0.5339040532818482	0.0004239680172530344	-0.22062071485732027	0.5354768287173534	0.00025016794457437334	0.06793165568446259	0.5215828316301765	0.00013821189297980982	-0.03755565572574678	-0.1854821831787044	0.37947680947910767	-0.572157828978114	-0.14617192173498914	-0.06341490496620149	0.11665244387205927	0.0002707826182690725
S1030E	missense	43	48	26	28	48	6	24	30	19	35	13	1	13	39	43	13	28	0.00013817359628187414	0.0001442037451772676	0.00010421893696684294	9.598485425196355e-05	0.00012681717363341555	0.00011385816525699414	0.000322964034725093	9.49606525941106e-05	8.173139793383026e-05	0.00011855052228091205	6.013487393153215e-05	2.549784543206099e-05	0.00018523173813524564	0.00015018961438816505	0.00015764224525550584	6.095994496187826e-05	5.4653253376251844e-05	0.6089795653588878	0.00011780617750737241	0.49956083307255483	0.6012019888075226	8.884436168509627e-05	0.580296525946361	0.5118532717219006	0.00010586126449545024	-0.11724779411517952	0.4527899808037026	1.8318048499258854	0.8612119178784721	2.20558433736613	0.32086985496791215	2.018694593646008	0.0001041706012293063
S1030W	missense	49	33	16	17	31	8	3	42	19	32	27	10	8	15	16	28	32	0.00015701545032031152	0.00010005974155157344	6.561933068282704e-05	5.957680608742565e-05	8.281937869937342e-05	0.00014638906961613534	5.167424555601488e-05	0.00013171961488860502	8.173139793383026e-05	0.00010867131209083605	0.0001202697478630643	0.00014023814987633546	0.00011907754594408647	6.007584575526602e-05	6.090723112144544e-05	0.00012627417170674784	6.219163315228658e-05	0.6015627018741614	7.701881425529989e-05	0.42841262405689634	0.6229063574554141	0.00011059801819408391	0.7494943797231628	0.6539685578980394	7.736222043393647e-05	1.0467792697985114	-0.4522345059654407	-0.22749291299834862	-0.07103629785468504	0.6760274444609092	0.7415620911928569	0.2242672657312803	8.832635096110676e-05
S1030K	missense	30	12	24	28	50	8	21	14	21	27	48	0	15	15	5	15	51	9.734957919859315e-05	3.825813647560161e-05	9.649901571003975e-05	9.598485425196355e-05	0.0001319933848021264	0.00014638906961613534	0.00028420835055808184	4.594870286811803e-05	8.990453772721329e-05	9.22059617740427e-05	0.00021047205876036253	1.2748922716030496e-05	0.0002116934150117093	6.007584575526602e-05	2.1496669807568976e-05	6.966850852786088e-05	9.799893708845157e-05	0.721727390785529	9.068384780993284e-05	1.5811239312791008	0.7663443965334727	0.00010963281528243414	1.8676751826611107	0.7062174700806954	6.230999029478686e-05	1.4747356809426408	0.2881281835288032	1.4571324783773578	1.22023386052014	2.79463828008665	1.6411782649609508	2.125885379232004	8.754221779571795e-05
S1030D	missense	22	0	8	10	30	2	4	6	9	23	27	0	2	8	13	23	24	7.22271071473433e-05	2.942933575046278e-06	3.4739645655614314e-05	3.64080481645379e-05	8.0231273115018e-05	4.8796356538711774e-05	6.45928069450186e-05	2.1442728005121748e-05	4.086569896691513e-05	7.903368152060803e-05	0.0001202697478630643	1.2748922716030496e-05	3.9692515314695496e-05	3.379266323733714e-05	5.0158896217660946e-05	0.0001045027627917913	4.7114873600217106e-05	0.8141609521694058	3.858047512755412e-05	2.4678171215939533	0.7848976852527011	6.540296408892731e-05	2.0123085826333207	0.6750439463889102	5.889229896175162e-05	1.2194019569559165	0.1217967617622782	1.0786610339520262	0.49323513258387763	1.6018380186522772	1.8998425537277301	1.3402495263021517	5.429191272607768e-05
S1030A	missense	43	9	8	23	32	1	9	19	8	28	11	1	6	25	21	14	56	0.00013817359628187414	2.9429335750462777e-05	3.4739645655614314e-05	7.943574144990087e-05	8.540748428372885e-05	3.2530904359141185e-05	0.0001291856138900372	6.12649371574907e-05	3.677912907022362e-05	9.549903183740137e-05	5.1544177655598985e-05	2.549784543206099e-05	9.261586906762282e-05	9.762324935230729e-05	7.882112262775292e-05	6.531422674486956e-05	0.000107421911808495	0.7410585193524047	5.7253051784926704e-05	1.7665628541630078	0.6400750503951012	6.127181893017866e-05	0.8833340709242324	0.6306879933896535	8.729512763335619e-05	0.8560945948412888	0.5989180164819407	2.1643053970071806	0.5601819222144908	1.7116788548257738	1.1686638399761764	1.9379921259164772	6.860666611615385e-05
S1030Q	missense	52	12	9	7	8	3	1	14	11	12	8	1	0	16	20	7	9	0.0001664363773395302	3.825813647560161e-05	3.8599606284015906e-05	2.647858048330029e-05	2.3292950259198775e-05	6.506180871828237e-05	2.583712277800744e-05	4.594870286811803e-05	4.9038838760298155e-05	4.2809910823662684e-05	3.865813324169924e-05	2.549784543206099e-05	1.323083843823183e-05	6.383058611497015e-05	7.523834432649142e-05	3.483425426393044e-05	1.8845949440086843e-05	0.5687170185129318	3.1657318375529145e-05	0.11333178835601959	0.605093689932365	4.4113896423444524e-05	0.6106345416954653	0.5112783477182457	4.8187283536369714e-05	-0.121956837863778	-0.4010819835180594	-0.11110017823393115	-0.284916117799766	0.32511086738486816	0.20066983072923564	0.10700534457546851	4.1319499445114466e-05
E1031L	missense	51	29	35	35	23	15	2	57	19	47	25	10	1	38	28	37	51	0.00016329606833312397	8.828800725138832e-05	0.00013895858262245726	0.0001191536121748513	6.211453402453006e-05	0.0002602472348731295	3.875568416701116e-05	0.00017766831775672305	8.173139793383026e-05	0.00015806736304121606	0.00011167905158713113	0.00014023814987633546	2.646167687646366e-05	0.00014643487402846094	0.00010390057073658339	0.00016546270775366956	9.799893708845157e-05	0.5949137566390764	0.00010212868401830673	0.3646308723374976	0.5962669557537712	0.00013228653257972513	0.5418251465407484	0.6046257911204374	0.00012844927240179138	0.6426262931347404	-0.8270507157903405	-1.080351806524668	-0.7242488116300287	-0.39571041045283956	0.5163607706709955	-0.7380311084887538	0.00012095482966660775
E1031C	missense	37	26	7	5	20	1	4	31	14	26	22	2	4	13	29	12	36	0.00011933174224343676	7.94592065262495e-05	3.087968502721272e-05	1.9858935362475217e-05	5.435021727146381e-05	3.2530904359141185e-05	6.45928069450186e-05	9.802389945198513e-05	6.129854845037269e-05	8.891289171068403e-05	9.879300717323138e-05	3.824676814809149e-05	6.615419219115915e-05	5.256636503585777e-05	0.00010748334903784489	5.660566317888696e-05	6.973001292832132e-05	0.5665140662900957	4.613701104685031e-05	0.09219939114733183	0.6357778178285527	8.675708669656831e-05	0.8498347077667415	0.6252676715710102	7.159634754522774e-05	0.8116982356473674	0.2978880208179594	1.4793400665585499	0.23796262748057148	1.183007697327525	0.5845774448538136	1.3311738819430374	6.816348176288213e-05
E1031M	missense	32	6	6	30	19	0	1	22	6	17	7	0	2	10	9	6	20	0.00010363019721140561	2.0600535025323943e-05	2.7019724398811132e-05	0.00010260449937278863	5.176211168710839e-05	1.6265452179570593e-05	2.583712277800744e-05	7.045467773111431e-05	2.860598927684059e-05	5.9275261140456025e-05	3.436278510373266e-05	1.2748922716030496e-05	3.9692515314695496e-05	4.1302143956745394e-05	3.582778301261496e-05	3.047997248093913e-05	3.957649382418237e-05	0.7296290190509539	5.049671762100802e-05	1.656922373646309	0.5746581965255636	4.81746783130359e-05	0.37337262237356583	0.6160617069492477	3.6796598318620456e-05	0.736294721658858	0.200978007809903	1.2588304826633299	0.49323513258387763	1.6018380186522772	0.9221965725595777	1.4303342506578036	4.5155998084221455e-05
E1031R	missense	94	54	27	64	79	8	6	73	47	62	40	5	3	69	73	42	116	0.0002983293556085919	0.00016186134662754526	0.00010807889759524453	0.00021513846642681487	0.00020704844674843356	0.00014638906961613534	9.042992972302605e-05	0.00022668026748271563	0.00019615535504119262	0.0002074634139915961	0.00017610927365662986	7.649353629618297e-05	5.292335375292732e-05	0.0002628318251792889	0.0002651255942933507	0.00018723411666862608	0.00022049760844901605	0.6688179723553865	0.00017303178934950953	1.0735764526020555	0.6032360683854616	0.00020160207754303354	0.5961533289974802	0.5976279116039571	0.00023392228614757044	0.5853085944806042	-0.20919645727914618	0.3255172179781666	-0.15997738119146607	0.5301001637385283	0.7516794586933799	0.42780869085834744	0.00020285205101337116
E1031V	missense	70	21	11	73	66	10	12	31	23	68	37	0	9	36	39	38	83	0.00022296193945484235	6.47445386510181e-05	4.631952754081908e-05	0.00024492686947052766	0.0001734030741518131	0.0001789199739752765	0.00016794129805704837	9.802389945198513e-05	9.807767752059631e-05	0.0002272218343717481	0.00016322322924273012	1.2748922716030496e-05	0.0001323083843823183	0.00013892539330905267	0.00014331113205045984	0.00016981698953666088	0.00015830597529672947	0.7488640168539654	0.0001323485024535445	1.841439136955036	0.6942063775820027	0.00014663666014676493	1.3053184433193874	0.6423356040188871	0.00015258987254822571	0.9514969570161262	-0.027501320705466386	0.7389473447321128	1.0161138778642151	2.459734848594934	1.3660848457635166	1.5993410966635233	0.0001438583450495117
E1031_	nonsense	55	50	92	92	86	9	17	92	77	64	59	4	22	98	109	68	84	0.0001758573043587489	0.00015008961232736015	0.0003589763384413479	0.0003078134981183659	0.0002251651858389215	0.00016265452179570593	0.00023253410500206697	0.0002848819577823318	0.00031875245194193803	0.00021404955411831342	0.0002577208882779949	6.374461358015247e-05	0.0003043092840793321	0.0003717192956107085	0.0003941056131387646	0.0003004454430264	0.00016019057024073817	0.6458800892988465	0.0002605111586814989	0.8535387909349352	0.6033586030449954	0.00026885121303014454	0.5971085561106361	0.550777665114591	0.0003066152305041528	0.20157116318796714	0.15522051724922792	1.1547136335325272	0.6788717095457892	1.9064153845034084	0.5507395034111795	1.5305645090179678	0.00027865920073859876
E1031P	missense	19	3	8	7	8	0	0	6	5	7	4	0	0	7	6	1	8	6.280618012812461e-05	1.1771734300185111e-05	3.4739645655614314e-05	2.647858048330029e-05	2.3292950259198775e-05	1.6265452179570593e-05	1.291856138900372e-05	2.1442728005121748e-05	2.4519419380149078e-05	2.6344560506869343e-05	2.1476740689832912e-05	1.2748922716030496e-05	1.323083843823183e-05	3.003792287763301e-05	2.5079448108830473e-05	8.70856356598261e-06	1.696135449607816e-05	0.6591475222783121	2.407072767457462e-05	0.980810122902707	0.6275686557836073	2.344586214549327e-05	0.7858396373805006	0.5389707026588733	2.019682226213106e-05	0.10486359420742561	-0.10005198785407819	0.5738651522146992	0.01611387786421517	0.8190163499252244	0.6238377848302111	0.6964407510699618	2.2571137360732985e-05
E1031A	missense	37	111	62	49	36	20	9	79	46	48	24	71	4	57	57	22	27	0.00011933174224343676	0.0003296085604051831	0.00024317751958930018	0.00016549112802062682	9.575990662115051e-05	0.00034157449577098246	0.0001291856138900372	0.0002450597486299628	0.0001920687851445011	0.00016136043310457473	0.00010738370344916456	0.0009179224355541956	6.615419219115915e-05	0.00021777494086283933	0.00020780114147316678	0.0001001484810088	5.2768658432243156e-05	0.5082137774137592	0.00020850927865906515	-0.46706142674271095	0.5464205857807186	0.0001764681675820508	0.15324444397217896	0.4947755900439002	0.0001446233054442623	-0.25712636873562855	-0.42227128258799745	-0.1593144274731195	-1.1422486142310344	-1.0815304190205965	-0.19031445050205353	-0.620422423246858	0.0001765335838951261
E1031T	missense	78	31	15	38	124	20	21	30	21	98	75	25	38	39	29	27	62	0.0002480844115060922	9.417387440148089e-05	6.175937005442545e-05	0.00012908307985608892	0.0003235131980444274	0.00034157449577098246	0.00028420835055808184	9.49606525941106e-05	8.990453772721329e-05	0.00032601393627250814	0.00032644645848546025	0.00033147199061679287	0.0005160026990910413	0.00015018961438816505	0.00010748334903784489	0.00012191988992375652	0.0001187294814725471	0.780157156099341	0.00015213238058910567	2.141626785867685	0.7639195004908428	0.0002093313962698231	1.8487717437866191	0.6049467502571785	0.0001245805837055784	0.645255180790879	-0.07984860176579121	0.6198360495587362	0.19220513691989638	1.1079325361119206	1.5452179034817277	0.8638842928353283	0.00016201478685483572
E1031D	missense	58	62	34	58	6	4	0	31	19	29	19	6	0	40	34	19	24	0.0001852782313779676	0.0001854048152279155	0.00013509862199405565	0.00019527953106433964	1.8116739090487936e-05	8.132726089785297e-05	1.291856138900372e-05	9.802389945198513e-05	8.173139793383026e-05	9.879210190076005e-05	8.590696275933165e-05	8.924245901221346e-05	1.323083843823183e-05	0.0001539443547478692	0.00012539724054415238	8.708563565982608e-05	4.7114873600217106e-05	0.5215902881104499	0.00013347492684419969	-0.33874373815261843	0.6183839088923427	9.111359051147677e-05	0.7142393302397495	0.5165466997260404	0.00010338552613801618	-0.07880522142403458	-0.799021992190097	-1.0165750925777817	-0.8289841621500417	-0.5675516375156809	0.09889679022103216	-0.7920633650467312	0.00010932468116456422
E1031Q	missense	21	3	9	65	30	8	18	14	17	78	19	11	31	14	17	44	77	6.908679814093707e-05	1.1771734300185111e-05	3.8599606284015906e-05	0.0002184482889872274	8.0231273115018e-05	0.00014638906961613534	0.0002454526663910707	4.594870286811803e-05	7.355825814044724e-05	0.0002601525350053348	8.590696275933165e-05	0.00015298707259236595	0.0004233868300234186	5.63211053955619e-05	6.449000942270693e-05	0.00019594268023460871	0.00014699840563267737	0.7629552724913596	8.72627256716116e-05	1.9766132039237754	0.7072839174631681	0.00011639161469330792	1.4072652779161485	0.7337554331081302	0.00011593805017138873	1.7002915314882296	0.22445910365942592	1.312259499072105	0.4420826101364963	1.5179111288192408	1.694723337776051	1.415085313945673	0.00010653079684543608
E1031E	silent	59	31	60	26	129	3	11	52	43	44	63	2	3	42	45	63	123	0.00018841854038437382	9.417387440148089e-05	0.000235457598332497	8.936520913113848e-05	0.00033645372596620454	6.506180871828237e-05	0.00015502273666804465	0.00016235208346735037	0.00017980907545442657	0.00014818815285114005	0.00027490228082986126	3.824676814809149e-05	5.292335375292732e-05	0.00016145383546727743	0.00016480780185802884	0.0002786740341114435	0.00023368977305707685	0.7210928671611894	0.00018886260195783024	1.5750370969261616	0.6749884078064078	0.00019131289815069456	1.155503477828835	0.6742731956789033	0.00020965636112345665	1.2130889507331606	0.37706926686558434	1.659509515269854	0.14105261447251513	1.0240056462788847	1.314543175162719	1.3417575807743694	0.00019661062041066048
E1031S	missense	82	36	29	48	76	14	9	88	31	70	49	17	1	61	70	41	93	0.0002606456475317171	0.00010888854227671227	0.00011579881885204771	0.0001621813054602143	0.0001992841299953673	0.00024398178269355888	0.0001291856138900372	0.00027262897035083367	0.0001307702366941284	0.00023380797449846542	0.00021476740689832912	0.0002294806088885489	2.646167687646366e-05	0.00023279390230165583	0.0002543772593895662	0.0001828798348856348	0.00017715192473681632	0.6927232224290932	0.0001465381991460854	1.3028938361993372	0.6146494928501616	0.00021299364711043915	0.6851274408456254	0.5898219819596539	0.0002118007303284183	0.5213723803726192	-0.2761432469097594	0.17318611960817545	-0.9381286315751097	-0.7466269875288806	0.8364645524725273	-0.28672043396035257	0.00019044419219498097
E1031H	missense	38	5	13	53	70	1	13	19	4	51	24	7	10	9	8	12	61	0.00012247205124984298	1.7657601450277664e-05	5.4039448797622264e-05	0.00017873041826227696	0.00018375549648923478	3.2530904359141185e-05	0.0001808598594460521	6.12649371574907e-05	2.0432849483457566e-05	0.00017123964329465073	0.00010738370344916456	0.00010199138172824396	0.00014553922282055013	3.754740359704126e-05	3.2245004711353466e-05	5.660566317888696e-05	0.00011684488652853843	0.8043554517340317	0.00010854574124985292	2.3737552858980706	0.7253143674816862	9.008028334619089e-05	1.5478228539163852	0.7597691159290255	6.081073950395503e-05	1.913362423792234	0.7450460521601787	2.4968059440884756	0.1544165760304966	1.0459321452225758	1.9449801878688966	1.7713690446555257	8.647892136666629e-05
E1031G	missense	81	3	3	22	66	0	5	8	7	36	30	0	6	20	25	25	81	0.0002575053385253109	1.1771734300185111e-05	1.543984251360636e-05	7.612591888948834e-05	0.0001734030741518131	1.6265452179570593e-05	7.751136833402232e-05	2.756922172087082e-05	3.26925591735321e-05	0.00012184359234427071	0.00013315579227696404	1.2748922716030496e-05	9.261586906762282e-05	7.884954755378666e-05	9.31522358327989e-05	0.00011321132635777392	0.0001545367854087121	0.8714312046009567	6.918514246377322e-05	3.017197044626181	0.7859422556751935	7.881529137890943e-05	2.0204516010491824	0.6952447023903585	0.0001099374737882679	1.38486077092234	0.6780992625295655	2.344474845718484	0.8612119178784721	2.20558433736613	2.140836472199234	2.275029591542307	8.597930254365019e-05
E1031Y	missense	69	22	12	24	15	3	0	16	15	20	7	1	0	28	24	10	10	0.0002198216304484361	6.768747222606438e-05	5.017948816922067e-05	8.274556401031341e-05	4.140968934968671e-05	6.506180871828237e-05	1.291856138900372e-05	5.20751965838671e-05	6.53851183470642e-05	6.915447133053203e-05	3.436278510373266e-05	2.549784543206099e-05	1.323083843823183e-05	0.00010888747043141967	8.95694575315374e-05	4.789709961290435e-05	2.0730544384095528e-05	0.6011038087836318	6.050555343882129e-05	0.42401057168151196	0.5970741560150532	5.524439284129899e-05	0.5481177300290158	0.4817199455709743	6.677114298998924e-05	-0.36406154729541773	-0.7021119791820406	-0.7960655086825615	-0.284916117799766	0.32511086738486816	0.20268891813837	-0.2354773206488467	6.084036309003651e-05
E1031F	missense	32	42	36	23	8	9	4	21	14	10	3	21	1	5	7	7	13	0.00010363019721140561	0.00012654614372698995	0.00014281854325085884	7.943574144990087e-05	2.3292950259198775e-05	0.00016265452179570593	6.45928069450186e-05	6.739143087323978e-05	6.129854845037269e-05	3.622377069694535e-05	1.718139255186633e-05	0.0002804762997526709	2.646167687646366e-05	2.252844215822476e-05	2.866222641009197e-05	3.483425426393044e-05	2.6384329216121578e-05	0.4996476007174984	9.30233446717371e-05	-0.5492347242970892	0.5043866147145679	4.552378564310604e-05	-0.17443418172236722	0.6447266780806171	2.8102313012092187e-05	0.9710815843603385	-0.4010819835180594	-0.11110017823393115	-1.02527880729401	-0.889615892993196	0.08247089278029403	-0.5003580356135635	5.5549814442311775e-05
E1031K	missense	49	90	55	57	29	20	3	76	70	43	34	16	5	62	61	34	58	0.00015701545032031152	0.0002678069553292113	0.00021615779519048906	0.0001919697085039271	7.764316753066258e-05	0.00034157449577098246	5.167424555601488e-05	0.00023587000805633924	0.00029014646266509745	0.0001448950827877814	0.0001503371848288304	0.00021673168617251842	7.938503062939099e-05	0.00023654864266135997	0.00022213225467821276	0.00015239986240469565	0.00011119110169651236	0.5263573006404527	0.00018839440663857252	-0.2930149196886753	0.5638355453712688	0.00020531218458451212	0.28900392327945046	0.5478467425204042	0.00018056796536019518	0.17756478559364475	-0.8202112912600351	-1.0647893418169703	-0.43618379313041505	0.07692319421910863	0.05785126306147329	-0.4939330737989308	0.00019142485219442661
E1031N	missense	54	77	52	63	29	11	7	122	72	48	28	13	7	93	78	58	44	0.00017271699535234268	0.00022954881885360967	0.0002045779133052843	0.0002118286438664023	7.764316753066258e-05	0.0001951854261548471	0.00010334849111202976	0.0003767793635185679	0.00029831960245848047	0.00016136043310457473	0.0001245650960010309	0.00017848491802442692	0.00010584670750585465	0.00035294559381218786	0.0002830394857996582	0.00025690262519648696	8.480677248039078e-05	0.5475284815382851	0.00018089963588898973	-0.08992481202669372	0.5087696155926726	0.0002402561237706635	-0.1402662059702045	0.5188122614104106	0.00024442361932218096	-0.06024863130251688	-0.2761432469097594	0.17318611960817545	-0.22692417082207927	0.42025932756503176	-0.09681321643313838	0.2967227235866036	0.0002218597929939447
E1031I	missense	46	7	5	4	22	3	4	6	12	16	18	0	8	9	9	9	16	0.00014759452330109283	2.3543468600370222e-05	2.315976377040954e-05	1.654911280206268e-05	5.952642844017465e-05	6.506180871828237e-05	6.45928069450186e-05	2.1442728005121748e-05	5.312540865698967e-05	5.5982191077097355e-05	8.161161462136506e-05	1.2748922716030496e-05	0.00011907754594408647	3.754740359704126e-05	3.582778301261496e-05	4.354281782991304e-05	3.203811404814763e-05	0.7281715678217223	3.069469340325428e-05	1.6429413903235017	0.7330327132594352	5.304048559014346e-05	1.60799173334745	0.6176045050055214	3.7239029621929225e-05	0.7489313544939094	-0.0031419748460217757	0.7943747361099195	0.97035638730354	2.3846596873793295	1.333288159388287	1.5895172117446246	4.032473620510898e-05
E1031W	missense	44	4	6	6	25	1	3	31	8	15	14	5	0	18	23	10	29	0.00014131390528828035	1.4714667875231389e-05	2.7019724398811132e-05	2.3168757922887753e-05	6.729074519324091e-05	3.2530904359141185e-05	5.167424555601488e-05	9.802389945198513e-05	3.677912907022362e-05	5.2689121013738686e-05	6.443022206949873e-05	7.649353629618297e-05	1.323083843823183e-05	7.134006683437841e-05	8.59866792302759e-05	4.789709961290435e-05	5.6537848320260525e-05	0.7705033768994545	3.30484738475428e-05	2.0490203759318706	0.5828882972644114	6.298059290136155e-05	0.43753092174502406	0.5856052771225895	6.54404234994548e-05	0.486834515495823	0.200978007809903	1.2588304826633299	-0.7620373725194285	-0.45771080134218445	0.9911286043909059	0.4005598406605727	5.382316341611971e-05
C1032F	missense	58	43	36	53	76	11	29	40	20	32	27	16	22	25	29	19	43	0.0001852782313779676	0.0001294890773020362	0.00014281854325085884	0.00017873041826227696	0.0001992841299953673	0.0001951854261548471	0.0003875568416701116	0.00012559312117285594	8.581796783052178e-05	0.00010867131209083605	0.0001202697478630643	0.00021673168617251842	0.0003043092840793321	9.762324935230729e-05	0.00010748334903784489	8.708563565982608e-05	8.292217753638211e-05	0.6721491371615218	0.00016258054220263482	1.105531525036729	0.6269538976780396	0.00011008803723931953	0.7810472495556622	0.6035062480827451	9.37786028965901e-05	0.6334564252749612	0.29788802081795945	1.47934006655855	0.14739279250353407	1.0344080936592368	0.8400117332891175	1.2568740801088936	0.00012214906077951483
C1032L	missense	170	65	48	61	109	13	15	84	45	109	61	2	3	81	60	62	84	0.0005369928400954654	0.00019423361595305433	0.00018913807079167793	0.00020520899874557725	0.0002846916142790961	0.0002277163305139883	0.00020669698222405952	0.0002603759829193355	0.0001879822152478096	0.0003622377069694535	0.0002663115845539281	3.824676814809149e-05	5.292335375292732e-05	0.0003078887094957384	0.00021854947637695127	0.00027431975232845217	0.00016019057024073817	0.6661448014279061	0.0002183180749423514	1.04793335909297	0.6472932678136326	0.00026922687242263166	0.9396041663655248	0.574616948981803	0.00024023712711047	0.39683215412290984	-0.042060040876391376	0.7058203516868148	0.14105261447251513	1.0240056462788847	0.7947898931938017	0.8649129989828497	0.000242594024825151
C1032R	missense	219	1117	688	548	125	104	29	647	316	245	86	128	12	353	334	108	133	0.0006908679814093707	0.0032901997369017386	0.0026595128729686958	0.0018170925856664825	0.00032610130362878284	0.0017078724788549121	0.0003875568416701116	0.001984983963902699	0.0012954426572512096	0.0008100952355862323	0.0003736952880030926	0.001644611030367934	0.0001720008996970138	0.0013291780873352609	0.0012002307309226011	0.00047461671434605217	0.0002525357224971637	0.47464123229205973	0.002023226624791425	-0.7891148745950576	0.4760597357582798	0.0011160542861858086	-0.39525825642148565	0.47317032441448476	0.0008141403137752694	-0.4340891332092112	-0.6441200322043538	-0.664110309210446	-0.9805324801281969	-0.8161997662647196	-0.5394874214085849	-0.7401550377375827	0.001317807074917501
C1032Y	missense	87	9	18	40	29	0	7	25	11	28	25	4	1	17	16	21	37	0.0002763471925637483	2.9429335750462777e-05	7.333925193963022e-05	0.000135702724976914	7.764316753066258e-05	1.6265452179570593e-05	0.00010334849111202976	7.964441830473792e-05	4.9038838760298155e-05	9.549903183740137e-05	0.00011167905158713113	6.374461358015247e-05	2.646167687646366e-05	6.758532647467428e-05	6.090723112144544e-05	9.57941992258087e-05	7.161460787233e-05	0.7068552222949581	7.90286200494174e-05	1.438458752870162	0.6780591332409954	8.396533512239214e-05	1.1794415228141029	0.6448439488213696	7.39753411735646e-05	0.9720421166135118	0.8030379991378654	2.6287611435605904	-0.38182613080782246	0.1661088163362278	1.1966474640992588	1.3974349799484092	7.898976544845805e-05
C1032G	missense	242	164	96	228	196	12	30	121	86	211	123	12	26	119	132	111	193	0.000763095088556714	0.00048558403988263583	0.0003744161809549543	0.0007579493663344708	0.0005098568001180176	0.0002114508783344177	0.00040047540305911534	0.0003737161166606933	0.00035553158101216164	0.0006981308534320376	0.0005326231691078562	0.00016573599530839644	0.0003572326378322594	0.0004505688431644952	0.000476509514067779	0.0004876795596950261	0.00036561141913768474	0.6518087987710937	0.0005319515968225197	0.9104114921236796	0.6772525325687234	0.0004900004300531872	1.1731536134619638	0.6078896298708573	0.0004450923340162462	0.6693594950299276	0.27736635367335777	1.432644950724481	0.33353428971636573	1.3398138915064057	0.9176415335385237	1.3862294211154433	0.0004890147869639844
C1032_	nonsense	78	486	589	519	174	28	34	290	211	248	85	74	47	189	220	55	82	0.0002480844115060922	0.0014332086510475371	0.002277376770756938	0.001721107731414519	0.00045291847726219837	0.0004716981132075472	0.00045214964861513024	0.0008914048356414899	0.0008663528180986007	0.0008199744457763083	0.00036939993986512607	0.0009561692037022871	0.0006350802450351279	0.0007134006683437841	0.0007917940045787907	0.00024383977984751304	0.0001564213803527208	0.5507143083456879	0.0014711529076202982	-0.059363932478680596	0.5566117738319185	0.0007367830098453813	0.23269053031877818	0.4794382366325978	0.0004763639582807021	-0.38275039511543457	-0.018381941402758586	0.7596976312402326	-0.17770614815189764	0.5010122478279438	-0.06980793242511234	0.6303549395340882	0.000894766625248794
C1032A	missense	105	79	64	63	22	29	9	114	90	60	23	55	4	78	72	35	46	0.0003328727546790604	0.00023543468600370222	0.00025089744084610336	0.0002118286438664023	5.952642844017465e-05	0.00048796356538711777	0.0001291856138900372	0.0003522733886555716	0.0003718778605989277	0.00020087727386487874	0.00010308835531119797	0.0007139396720977077	6.615419219115915e-05	0.000296624488416626	0.00026154281599208924	0.00015675414418768696	8.857596236840816e-05	0.5314928161810444	0.00018942179978909563	-0.24375113940775	0.5133206148495796	0.000257029219607644	-0.1047885876482692	0.5115997824010131	0.00020087435274120262	-0.11932405514145986	-0.5771732425737406	-0.511779210840455	-1.0331041448059664	-0.9024550690073968	-0.15595459406582635	-0.7071171399239259	0.00021577512404598074
C1032H	missense	65	41	28	54	54	11	18	48	14	62	56	12	10	22	31	49	49	0.00020726039442281122	0.00012360321015194366	0.00011193885822364612	0.0001820402408226895	0.00014234580713954806	0.0001951854261548471	0.0002454526663910707	0.00015009909603585223	6.129854845037269e-05	0.0002074634139915961	0.00024483484386409517	0.00016573599530839644	0.00014553922282055013	8.63590282731949e-05	0.00011464890564036788	0.00021771408914956524	9.422974720043421e-05	0.6532020963664283	0.00013998202908445682	0.9237770648806849	0.7060559677081292	0.00016592397558547905	1.3976927136794772	0.655869700533889	0.00012823794256589056	1.0623510041279656	0.09952036705112599	1.0279732012299987	-0.05643678928439662	0.6999811282436683	1.1279402608960425	0.8639771647368335	0.0001447146490786088
C1032W	missense	94	156	112	133	53	27	7	98	33	69	35	35	6	70	72	51	45	0.0002983293556085919	0.00046204057128226557	0.0004361755510093797	0.00044351622309527985	0.00013975770155519264	0.0004554326610279766	0.00010334849111202976	0.000303261438929579	0.00013894337648751146	0.00023051490443510677	0.00015463253296679695	0.0004589612177770978	9.261586906762282e-05	0.000266586565538993	0.00026154281599208924	0.00022642265271554784	8.669136742439947e-05	0.5440419858813936	0.0003703725117355294	-0.12336993640299267	0.5714685101277129	0.00020683806320474855	0.3485072092628362	0.5395898564436673	0.00021031085041775738	0.10993491187927414	-0.6441200322043538	-0.664110309210446	-0.6950905828888152	-0.34786996516868773	0.11169072824637255	-0.5059901371895669	0.0002625071417860118
C1032T	missense	67	88	49	42	36	17	17	87	41	49	24	18	23	85	61	41	41	0.00021354101243562366	0.0002619210881791187	0.0001929980314200795	0.00014232237009773906	9.575990662115051e-05	0.00029277813923227067	0.00023253410500206697	0.0002695657234929591	0.00017163593566104355	0.0001646535031679334	0.00010738370344916456	0.00024222953160457942	0.00031754012251756396	0.00032290767093455487	0.00022213225467821276	0.0001828798348856348	7.915298764836473e-05	0.5259455087475429	0.00017325034907952194	-0.2969651414674688	0.5385057488610552	0.00017830971644277515	0.09154380473563786	0.5056618623568262	0.00020176818703669178	-0.16795991846598984	-0.10005198785407812	0.5738651522146996	0.11757151862299224	0.9854797779495359	-0.12446041839927358	0.7796724650821177	0.00018444275085299628
C1032C	silent	87	78	88	106	218	7	50	72	41	201	133	12	75	53	62	60	149	0.0002763471925637483	0.00023249175242865593	0.00034353649592774155	0.0003541510139641414	0.0005667951229738369	0.00013012361743656474	0.0006588466308391897	0.0002236170206248411	0.00017163593566104355	0.000665200152798451	0.000575576650487522	0.00016573599530839644	0.0010055437213056192	0.00020275597942402283	0.00022571503297947427	0.0002656111887624696	0.00028268924160130263	0.7096310931927399	0.0003742435963235939	1.4650870227908057	0.7433843919754656	0.00040900743989296436	1.6886889353786867	0.6607934223489421	0.0002441928606918173	1.1026798498286352	0.7044282012519146	2.4043838596774987	0.7829841178381698	2.077234538729771	1.4188186026660425	2.2408091992036345	0.0003424812989694585
C1032S	missense	219	121	141	173	265	24	54	86	59	171	166	23	112	129	115	121	203	0.0006908679814093707	0.0003590378961556459	0.0005481144092330259	0.0005759091255117813	0.0006884360854385415	0.0004066363044892648	0.0007105208763952046	0.0002665024766350846	0.00024519419380149076	0.0005664080508976909	0.0007173231390404192	0.0003059741451847319	0.0014950847435201968	0.0004881162467615364	0.00041560228294633357	0.0005312223775249392	0.0003844573685777716	0.6834843683036036	0.0005428743790847487	1.2142677039078156	0.7415234678353302	0.0004488569650936714	1.6741819770948327	0.6115782177430575	0.0004548495689526452	0.6995716996870917	0.24237069296812813	1.3530156292465554	0.6889810796360288	1.923002015020363	1.19600712689658	1.6380088221334592	0.0004821936377103551
C1032K	missense	71	143	114	107	48	33	27	99	41	74	44	35	10	54	48	19	28	0.0002261022484612486	0.00042378243480666397	0.0004438954722661829	0.00035746083652455393	0.00012681717363341555	0.0005530253741054002	0.0003617197188921042	0.00030632468578745353	0.00017163593566104355	0.00024698025475190013	0.0001932906662084962	0.0004589612177770978	0.00014553922282055013	0.00020651071978372695	0.00017555613676181332	8.708563565982608e-05	5.4653253376251844e-05	0.5346373625421881	0.0003379889793077041	-0.21358625337165033	0.5890943314044091	0.00022955788560222336	0.4859104749118557	0.49517064414778333	0.00013095143639540454	-0.2538905896649648	-0.18437287355411405	0.3820009387835692	-0.4987959377448471	-0.025805709691173028	0.0061445439584135175	0.1780976145461981	0.00023283276710177735
C1032D	missense	71	46	26	34	78	2	6	37	20	34	34	1	3	21	25	31	39	0.0002261022484612486	0.00013831787802717505	0.00010421893696684294	0.00011584378961443877	0.00020446034116407814	4.8796356538711774e-05	9.042992972302605e-05	0.00011640338059923235	8.581796783052178e-05	0.00011525745221755339	0.0001503371848288304	2.549784543206099e-05	5.292335375292732e-05	8.260428791349079e-05	9.31522358327989e-05	0.00013933701705572175	7.538379776034737e-05	0.6716500002434068	0.00014071023644313373	1.1007434231860467	0.6600674466965494	0.00011695399636903447	1.039186130062056	0.6328504270099838	9.761933464058971e-05	0.8738064914690842	0.2679247974405163	1.4111615810333211	0.31714387352819634	1.3129218324655807	1.0045786815723956	1.362041706749451	0.00011842785581758597
C1032N	missense	78	4	11	48	100	4	10	19	16	59	67	3	19	22	14	44	62	0.0002480844115060922	1.4714667875231389e-05	4.631952754081908e-05	0.0001621813054602143	0.00026139866401989737	8.132726089785297e-05	0.00014210417527904092	6.12649371574907e-05	6.947168824375573e-05	0.0001975842038015201	0.0002920836733817276	5.099569086412198e-05	0.0002646167687646366	8.63590282731949e-05	5.3741674518922446e-05	0.00019594268023460871	0.0001187294814725471	0.8457719636447248	0.00012115354122404053	2.771054043275728	0.7903293780130811	0.00015510112564612354	2.0546517059160414	0.6907779916072052	0.00011369321612481829	1.3482751763803043	0.24237069296812808	1.3530156292465552	0.715083882200234	1.9658293660545776	2.0579936418573577	1.6594224976505663	0.00012998262766499412
C1032P	missense	89	25	16	45	48	3	6	42	19	32	30	1	15	19	20	26	30	0.0002826278105765607	7.651627295120322e-05	6.561933068282704e-05	0.00015225183777897667	0.00012681717363341555	6.506180871828237e-05	9.042992972302605e-05	0.00013171961488860502	8.173139793383026e-05	0.00010867131209083605	0.00013315579227696404	2.549784543206099e-05	0.0002116934150117093	7.509480719408253e-05	7.523834432649142e-05	0.00011756560814076522	5.8422443264269213e-05	0.6954928200741006	0.00010530115376160563	1.3294619282967655	0.6335794938143893	0.00011381952929755883	0.8326975262556549	0.6220543486347869	8.15803007314021e-05	0.7853787948363166	0.14298606083221632	1.1268752831912145	0.9192038648561588	2.3007327975462935	0.9825127497962457	1.713804040368754	0.0001002336612635222
C1032Q	missense	70	61	22	71	97	5	10	43	22	37	35	7	3	36	24	29	45	0.00022296193945484235	0.0001824618816528692	8.877909445323657e-05	0.0002383072243497026	0.0002536343472668311	9.759271307742355e-05	0.00014210417527904092	0.00013478286174647955	9.39911076239048e-05	0.00012513666240762937	0.00015463253296679695	0.00010199138172824396	5.292335375292732e-05	0.00013892539330905267	8.95694575315374e-05	0.00013062845348973912	8.669136742439947e-05	0.684462432648272	0.00019079563693065986	1.2236500427588048	0.6472927409933303	0.00012713579118620266	0.9396000595027122	0.5925753488437846	0.00011145366793868217	0.5439244481779052	0.16318944692050327	1.1728461805352515	-0.284916117799766	0.32511086738486816	0.9023915168131408	0.7489785239600598	0.00014312836535184824
C1032V	missense	132	103	93	103	105	33	23	145	74	104	64	15	13	83	119	73	113	0.0004176610978520286	0.0003060650918048129	0.0003628362990697495	0.00034422154628290376	0.00027433919194167443	0.0005530253741054002	0.0003100454733360893	0.0004472340412496822	0.0003064927422518635	0.00034577235665266015	0.0002791976289678278	0.00020398276345648793	0.00018523173813524564	0.00031539819021514663	0.00042993339615137957	0.00032221685194135655	0.00021484382361699	0.6139518641165892	0.0003218655322747852	0.547258913538747	0.5828560680586807	0.0003446741922805084	0.4372796768216161	0.5850960977230542	0.0003205980654812182	0.48266396764418773	-0.25131966318472726	0.22966984041357807	-0.04187806911347157	0.7238678897450609	0.4890675193348503	0.4767688650793195	0.0003290459300121706
C1032E	missense	67	114	58	64	37	28	9	78	38	50	28	85	13	47	35	23	32	0.00021354101243562366	0.0003384373611303219	0.00022773767707569382	0.00021513846642681487	9.834801220550593e-05	0.0004716981132075472	0.0001291856138900372	0.0002419965017720883	0.00015937622597096901	0.00016794657323129206	0.0001245650960010309	0.0010964073535786225	0.00018523173813524564	0.00018022753726579807	0.00012898001884541387	0.0001045027627917913	6.219163315228658e-05	0.5208594806930135	0.00021991537920958414	-0.34575420005380336	0.5630797666817537	0.00017347109924384507	0.28311220008442395	0.5255611957570377	0.00011897548801382245	-0.004969973788405711	-0.5624499857530343	-0.47827783018491316	-0.7722565377011145	-0.474477574696738	-0.022537324585928376	-0.47637770244082556	0.00017078732215575058
C1032M	missense	44	3	4	13	38	4	5	13	6	19	30	0	2	7	21	16	16	0.00014131390528828035	1.1771734300185111e-05	1.9299803142007953e-05	4.6337515845775506e-05	0.00010093611778986136	8.132726089785297e-05	7.751136833402232e-05	4.2885456010243496e-05	2.860598927684059e-05	6.586140126717336e-05	0.00013315579227696404	1.2748922716030496e-05	3.9692515314695496e-05	3.003792287763301e-05	7.882112262775292e-05	7.402279031085218e-05	3.203811404814763e-05	0.8314331637021609	4.458629276945748e-05	2.6335053426089137	0.7673551675288208	6.762715970780537e-05	1.875554715387779	0.6256992377833013	5.3729987466096434e-05	0.8152330753151775	-0.020870741806453322	0.7540346009260032	0.49323513258387763	1.6018380186522772	1.7747643777706232	1.1779363097891402	5.5314479981119757e-05
C1032I	missense	54	59	21	44	11	5	12	26	13	30	16	5	3	20	21	21	25	0.00017271699535234268	0.00017657601450277665	8.491913382483498e-05	0.00014894201521856415	3.105726701226503e-05	9.759271307742355e-05	0.00016794129805704837	8.270766516261246e-05	5.721197855368118e-05	0.00010208517196411871	7.30209183454319e-05	7.649353629618297e-05	5.292335375292732e-05	7.884954755378666e-05	7.882112262775292e-05	9.57941992258087e-05	4.899946854422579e-05	0.5195248979113415	0.0001103736076396102	-0.35855653555514233	0.631274468738163	7.875643350646106e-05	0.8147285494968175	0.5950059018022784	7.561608448789352e-05	0.5638324362634073	0.23574011406911502	1.3379283730526645	-0.15997738119146607	0.5301001637385283	0.34000148340169417	0.9340142683955964	8.824870854465493e-05
V1033V	silent	150	96	65	120	171	19	41	95	41	93	93	18	14	71	32	72	149	0.0004741866599673408	0.0002854645567794889	0.00025475740147450494	0.00040048852980991686	0.00044515416050913215	0.00032530904359141186	0.0005425795783381563	0.0002940716983559554	0.00017163593566104355	0.0003095485859557148	0.0004037627249688587	0.00024222953160457942	0.00019846257657347746	0.0002703413058986971	0.00011823168394162938	0.0003178625701583652	0.00028268924160130263	0.681354704278631	0.0003464661621432607	1.193838342966508	0.6745099900787136	0.0002947547362353931	1.1517739405155025	0.6549096096040802	0.0002472812003999986	1.0544871644511382	0.22216730687984115	1.3070447319025182	-0.08654846403293256	0.6505763464578198	1.1333664826443828	0.978810539180169	0.0002961673662595508
V1033G	missense	125	161	112	119	66	36	19	180	89	94	42	25	13	137	121	68	87	0.000395678934807185	0.00047675523915749696	0.0004361755510093797	0.00039717870724950433	0.0001734030741518131	0.0006018217306441119	0.0002583712277800744	0.000554447681275291	0.00036779129070223617	0.00031284165601907344	0.00018469996993256303	0.00033147199061679287	0.00018523173813524564	0.0005181541696391694	0.00043709895275390254	0.0003004454430264	0.00016584435507276422	0.5450332578093946	0.0003708781428920485	-0.11386090034347704	0.5225024054412533	0.0003549451494822909	-0.03321132653820519	0.5200451182109387	0.000355385730123059	-0.05015064170295969	-0.367223716257092	-0.034058888140322305	-0.25273143442836477	0.3779168727661536	-0.06574095619488064	0.17192899231291564	0.0003604030074991328
V1033I	missense	73	20	42	34	38	8	6	50	21	51	37	5	2	28	21	37	63	0.00023238286647406104	6.180160507597183e-05	0.00016597830702126838	0.00011584378961443877	0.00010093611778986136	0.00014638906961613534	9.042992972302605e-05	0.0001562255897516013	8.990453772721329e-05	0.00017123964329465073	0.00016322322924273012	7.649353629618297e-05	3.9692515314695496e-05	0.00010888747043141967	7.882112262775292e-05	0.00016546270775366956	0.00012061407641655579	0.643914501992742	0.00011113995487538508	0.8346833789698586	0.6470309287310493	0.00014514825000404888	0.9375590845455942	0.6571404503326254	0.0001184463443073495	1.0727593648116898	-0.20919645727914618	0.3255172179781666	-0.284916117799766	0.32511086738486816	0.9483339427757143	0.32531404268151737	0.00012491151639559448
V1033S	missense	177	218	117	140	94	21	21	133	80	94	44	25	11	110	109	65	83	0.000558975003140309	0.0006445024529351348	0.00045547535415138763	0.0004666849810181676	0.00024587003051376483	0.000357839947950553	0.00028420835055808184	0.00041047507895518775	0.00033101216163201256	0.00031284165601907344	0.0001932906662084962	0.00033147199061679287	0.00015877006125878198	0.000416776179927158	0.0003941056131387646	0.0002873825976774261	0.00015830597529672947	0.5432988834582649	0.00045313320465461366	-0.13049834137224675	0.5578998434484665	0.0003119048907036925	0.24273176294667162	0.537247887862763	0.00031414259151001957	0.09075249396802021	-0.10005198785407812	0.5738651522146996	-0.31967822405897794	0.26807603659265705	0.0676619718474817	0.42097059440367834	0.0003597268956227752
V1033M	missense	64	130	46	42	70	9	17	59	52	40	32	17	4	49	31	27	37	0.00020412008541640498	0.00038552429833106237	0.00018141814953487475	0.00014232237009773906	0.00018375549648923478	0.00016265452179570593	0.00023253410500206697	0.00018379481147247213	0.00021658820452465018	0.00013501587259770538	0.00014174648855289722	0.0002294806088885489	6.615419219115915e-05	0.0001877370179852063	0.00011464890564036788	0.00012191988992375652	7.161460787233e-05	0.534800178319936	0.00022325507861322775	-0.21202440030396072	0.5866557042815869	0.00016928634428693123	0.46689999448567154	0.5390244504659095	0.00012398010535541516	0.10530382765239563	0.15522051724922792	1.1547136335325272	-0.5401886229030721	-0.09371945393988396	0.12005980727803549	0.5304970897963216	0.00017217384275185804
V1033D	missense	70	56	31	56	71	14	26	63	32	41	62	2	20	23	25	43	72	0.00022296193945484235	0.00016774721377763784	0.0001235187401088509	0.00018865988594351458	0.0001863436020735902	0.00024398178269355888	0.00034880115750310044	0.00019604779890397027	0.00013485680659081992	0.00013830894266106405	0.0002706069326918947	3.824676814809149e-05	0.00027784760720286846	9.011376863289904e-05	9.31522358327989e-05	0.0001915883984516174	0.00013757543091263394	0.647687951584762	0.00016656736047589838	0.8708811842599196	0.6633757856321024	0.00018495512021193724	1.064976506946213	0.6837449084633946	0.00012810745845748733	1.2906691345361918	0.15522051724922792	1.1547136335325272	0.8612119178784721	2.20558433736613	1.075508941914108	1.6801489854493288	0.00015987664638177432
V1033R	missense	179	39	47	106	125	9	29	76	62	118	73	8	30	88	62	74	80	0.0005652556211531214	0.00011771734300185111	0.00018527811016327633	0.0003541510139641414	0.00032610130362878284	0.00016265452179570593	0.0003875568416701116	0.00023587000805633924	0.0002574539034915653	0.0003918753375396815	0.0003178557622095271	0.00011474030444427445	0.00041015599158518673	0.00033417189201366727	0.00022571503297947427	0.00032657113372434784	0.00015265219046470342	0.725944137542958	0.0002458119426895129	1.6215741809407636	0.6645221636724619	0.0003007637528242783	1.0739131734391365	0.5716246478355854	0.00025977756229554817	0.3723230417585983	0.37706926686558423	1.6595095152698536	0.5532330622591629	1.7002777317524018	1.0226034653794995	1.6798936235111277	0.00026878441926977975
V1033T	missense	112	171	115	135	109	14	32	90	54	64	80	10	5	91	71	44	100	0.000354854917723904	0.0005061845749079598	0.0004477554328945845	0.0004501358682161049	0.0002846916142790961	0.00024398178269355888	0.0004263125258371228	0.00027875546406658274	0.0002247613443180332	0.00021404955411831342	0.00034792319917529316	0.00014023814987633546	7.938503062939099e-05	0.0003454361130927796	0.00025796003769082773	0.00019594268023460871	0.0001903440893448771	0.5759924804355144	0.00042219187257443635	0.18312356578583877	0.6480869712623523	0.00026637239041955564	0.9457915345510378	0.5584012164589955	0.0002474207300907733	0.2640135670052731	0.24237069296812813	1.3530156292465554	-0.24712755691036625	0.38711125827421305	0.46430955578071664	0.8700634437603842	0.0003119949976949218
V1033E	missense	59	124	67	96	84	17	6	100	32	40	20	18	7	64	57	39	34	0.00018841854038437382	0.0003678666968807847	0.00026247732273130815	0.000321052788360016	0.00021998897467021065	0.00029277813923227067	9.042992972302605e-05	0.0003093879326453281	0.00013485680659081992	0.00013501587259770538	9.020231089729822e-05	0.00024222953160457942	0.00010584670750585465	0.0002440581233807682	0.00020780114147316678	0.00017417127131965217	6.596082304030395e-05	0.5839100249135653	0.00029284644566057987	0.2590746885987612	0.5022527617072367	0.0001673657306827879	-0.19106877519858417	0.5224116938721475	0.00017299783980347279	-0.030766673992180124	-0.5102264529431274	-0.35944811247046393	-0.35954973609667024	0.2026581092224833	0.012413079802665636	-0.07839500162399031	0.00021107000538228018
V1033W	missense	39	43	32	45	16	17	10	47	14	20	17	9	5	47	24	13	13	0.00012561236025624922	0.0001294890773020362	0.00012737870073725247	0.00015225183777897667	4.399779493404213e-05	0.00029277813923227067	0.00014210417527904092	0.0001470358491779777	6.129854845037269e-05	6.915447133053203e-05	7.731626648339847e-05	0.00012748922716030494	7.938503062939099e-05	0.00018022753726579807	8.95694575315374e-05	6.095994496187826e-05	2.6384329216121578e-05	0.5611090788594579	0.00011327935268807687	0.04035063105703999	0.5540797944086107	8.870128386057023e-05	0.2129523158062666	0.45345053929046975	8.928531724383383e-05	-0.5956084475387498	-0.3139318077991592	0.08720181748009694	-0.2057348717521411	0.45502500252292416	-0.11410183355848104	0.27111341000151057	9.708865126416032e-05
V1033L	missense	140	136	116	155	80	22	28	312	92	178	69	38	20	99	123	48	91	0.00044278356990327846	0.00040318189978134005	0.00045161539352298605	0.0005163323194243557	0.00020963655233278896	0.0003741054001301236	0.0003746382802811079	0.0009587962665147296	0.0003800510003923107	0.0005894595413412015	0.0003006743696576608	0.0004972079859251893	0.00027784760720286846	0.0003754740359704126	0.0004442645093564255	0.00021335980736657392	0.00017338273484879895	0.584203397073578	0.0003951915412653677	0.2618889380187417	0.5260222042744844	0.0005572452944764757	-0.005772499914392769	0.5382623571559506	0.00030162027188555276	0.09906173180269046	0.000618174027285098	0.8029305998199785	-0.25273143442836477	0.3779168727661536	0.11839272330234646	0.590423736293066	0.00041801903587579875
V1033_	nonsense	51	177	184	276	35	21	12	190	108	122	25	11	4	127	157	46	35	0.00016329606833312397	0.0005238421763582374	0.0007140927162542942	0.0009168208492342726	9.31718010367951e-05	0.000357839947950553	0.00016794129805704837	0.0005850801498540363	0.0004454361187393749	0.00040504761779311616	0.00011167905158713113	0.00015298707259236595	6.615419219115915e-05	0.0004806067660421282	0.0005660789715993164	0.00020465124380059132	6.784541798431263e-05	0.564428486227639	0.0005619818857208998	0.07219291718321835	0.5070004473845076	0.0003868107344934146	-0.1540578747649917	0.4734182539249488	0.00032979559985658717	-0.43205841105476733	-0.3285313163694476	0.053982014283482295	-0.3640973638473909	0.19519673224681222	-0.17130778954551354	0.12458937326514725	0.00042619607335696714
V1033F	missense	102	68	71	108	34	4	5	65	42	69	28	13	5	59	60	45	38	0.00032345182765984175	0.00020306241667819314	0.0002779171652449145	0.00036077065908496646	9.058369545243968e-05	8.132726089785297e-05	7.751136833402232e-05	0.00020217429261971934	0.00017572250555773506	0.00023051490443510677	0.0001245650960010309	0.00017848491802442692	7.938503062939099e-05	0.0002252844215822476	0.00021854947637695127	0.0002002969620176	7.349920281633868e-05	0.5908675583016291	0.00023308348411512844	0.3258166531430432	0.5946383310980232	0.00018324419965339803	0.5291290943850314	0.542504819820794	0.0001794075156982844	0.13381057193379714	-0.020870741806453322	0.7540346009260032	-0.3518629074303792	0.21527003121137167	0.32958543982062394	0.4846523160686874	0.0001985783998222703
V1033P	missense	102	55	43	48	43	12	1	39	29	68	46	3	8	21	27	39	58	0.00032345182765984175	0.00016480428020259155	0.00016983826764966996	0.0001621813054602143	0.00011387664571163845	0.0002114508783344177	2.583712277800744e-05	0.0001225298743149814	0.00012259709690074538	0.0002272218343717481	0.00020188136248442935	5.099569086412198e-05	0.00011907754594408647	8.260428791349079e-05	0.00010031779243532189	0.00017417127131965217	0.00011119110169651236	0.5921606896672973	0.00015267512475602854	0.33822135506033363	0.688531568707335	0.00016855754201797608	1.2610800921485235	0.6676060269261687	0.0001170711133412443	1.1584800126190433	-0.9129653444969337	-1.27584243167842	0.3682963959755776	1.3968487222986168	0.9192604866093003	0.06050314531009837	0.0001461012600384163
V1033K	missense	63	69	89	80	80	9	14	45	17	90	55	4	19	29	43	28	66	0.00020097977640999874	0.00020600535025323943	0.00034739645655614313	0.0002680956273934154	0.00020963655233278896	0.00016265452179570593	0.0001937784208350558	0.00014090935546222862	7.355825814044724e-05	0.0002996693757656388	0.0002405394957261286	6.374461358015247e-05	0.0002646167687646366	0.0001126422107911238	0.00015764224525550584	0.00012627417170674784	0.00012626786124858184	0.6167072824897961	0.00025778349663389675	0.5736909872510684	0.7119580457298851	0.00018866912127361082	1.4437027566484693	0.6272734305796576	0.00013070662225048981	0.8281268537965831	0.07603927120160305	0.9745441848212232	0.6181738691921775	1.806827315005937	0.9485068658987069	1.39068574991358	0.00019238641338599914
V1033Q	missense	37	2	8	14	16	1	4	0	2	15	23	0	6	9	10	7	16	0.00011933174224343676	8.828800725138832e-06	3.4739645655614314e-05	4.964733840618804e-05	4.399779493404213e-05	3.2530904359141185e-05	6.45928069450186e-05	3.0632468578745355e-06	1.2259709690074539e-05	5.2689121013738686e-05	0.00010308835531119797	1.2748922716030496e-05	9.261586906762282e-05	3.754740359704126e-05	3.941056131387646e-05	3.483425426393044e-05	3.203811404814763e-05	0.7346963904940573	3.430339493024583e-05	1.7055324637924136	0.8737608673502033	4.2775108218221435e-05	2.705047447080093	0.6066587926693575	3.5957583305748946e-05	0.6592780474082991	0.2978880208179594	1.4793400665585499	0.8612119178784721	2.20558433736613	1.6899526527602686	1.84246220196234	3.7678695484738736e-05
V1033C	missense	86	91	75	115	75	17	15	109	52	101	35	43	5	80	81	47	66	0.00027320688355734205	0.0002707498889042575	0.0002933570077585209	0.0003839394170078542	0.00019669602441101187	0.00029277813923227067	0.00020669698222405952	0.0003369571543661989	0.00021658820452465018	0.0003358931464625841	0.00015463253296679695	0.0005609525995053418	7.938503062939099e-05	0.0003041339691360342	0.0002937878207034427	0.0002090055255835826	0.00012626786124858184	0.6106322270246745	0.00028618558452041113	0.5154144237273782	0.5737979138195982	0.00026101775958005754	0.36666623114643454	0.5421689060551419	0.00023329879416791036	0.13105919504197142	-0.15120451030145948	0.45747241745028183	-0.8491875482383286	-0.6006997068064996	0.3377132833052614	-0.0716136446781089	0.000260167379422793
V1033A	missense	67	62	57	35	56	23	13	66	32	55	46	17	14	19	36	23	47	0.00021354101243562366	0.0001854048152279155	0.00022387771644729224	0.0001191536121748513	0.0001475220183082589	0.0003903708523096942	0.0001808598594460521	0.00020523753947759388	0.00013485680659081992	0.0001844119235480854	0.00020188136248442935	0.0002294806088885489	0.00019846257657347746	7.509480719408253e-05	0.00013256279714667535	0.0001045027627917913	9.046055731241685e-05	0.5846179713375025	0.0001689895405395795	0.2658658504215317	0.6317950265520705	0.00018159690802523217	0.818786592663554	0.6305999374675398	0.0001006552311112415	0.85537335309991	-0.3341351938874461	0.04123092013606016	-0.06306736818340966	0.6891022147871687	0.6466752653949985	0.3651665674616144	0.00015041389322535106
V1033Y	missense	80	39	21	37	58	3	5	35	26	48	29	3	2	27	31	35	40	0.0002543650295189047	0.00011771734300185111	8.491913382483498e-05	0.00012577325729567639	0.00015269822947696976	6.506180871828237e-05	7.751136833402232e-05	0.00011027688688348328	0.00011033738721067085	0.00016136043310457473	0.00012886044413899745	5.099569086412198e-05	3.9692515314695496e-05	0.00010513273007171553	0.00011464890564036788	0.00015675414418768696	7.726839270435605e-05	0.6628804743236429	0.00012027699089983306	1.0166194448503967	0.6511272441268082	0.00012770878783443157	0.9694921844942359	0.6135722256263411	0.0001134510431510316	0.7159040676135264	0.07603927120160313	0.9745441848212235	-0.10882485874408475	0.6140270535715644	0.900671898986053	0.794285619196394	0.00012047894062843207
V1033N	missense	75	47	32	21	31	6	3	20	25	42	41	8	2	19	40	36	61	0.00023866348448687351	0.00014126081160222131	0.00012737870073725247	7.28160963290758e-05	8.281937869937342e-05	0.00011385816525699414	5.167424555601488e-05	6.432818401536524e-05	0.00010625081731397933	0.00014160201272442273	0.00018040462179459645	0.00011474030444427445	3.9692515314695496e-05	7.509480719408253e-05	0.00014689391035172135	0.00016110842597067828	0.00011684488652853843	0.557270664674675	0.00010606874684198076	0.0035296358654749657	0.7223385338590692	0.00012314640896209095	1.524624544381933	0.6598702312570532	0.00012498550751125515	1.0951182465343154	-0.34309003654037257	0.0208550212381844	-0.4610073768554472	0.036194681198172096	0.8744241422605746	0.02852485121817825	0.00011806688777177563
V1033H	missense	41	30	28	27	20	2	7	30	15	21	22	2	3	42	18	16	28	0.00013189297826906167	9.12309408264346e-05	0.00011193885822364612	9.267503169155101e-05	5.435021727146381e-05	4.8796356538711774e-05	0.00010334849111202976	9.49606525941106e-05	6.53851183470642e-05	7.24475413938907e-05	9.879300717323138e-05	3.824676814809149e-05	5.292335375292732e-05	0.00016145383546727743	6.807278772396843e-05	7.402279031085218e-05	5.4653253376251844e-05	0.5786308416073926	8.754876200327388e-05	0.20843273758091785	0.6319964763668893	8.289657987707422e-05	0.8203570081344678	0.5152675172596549	8.955066671958747e-05	-0.08928265175979085	0.325916744418203	1.5431167805054362	0.14105261447251513	1.0240056462788847	0.3131690313185316	1.2835612133921606	8.666533619997853e-05
L1034R	missense	142	94	63	216	679	41	96	136	92	252	359	36	181	86	97	103	409	0.00044906418791609094	0.0002795786896293964	0.0002470374802177018	0.0007182314956095204	0.0017599117973616852	0.0006831489915419649	0.0012531004547333608	0.0004196648195288114	0.0003800510003923107	0.000833146726029743	0.0015463253296679697	0.00047171014049312833	0.0024080125957581934	0.000326662411294259	0.00035111227352362665	0.0004528453054310957	0.0007726839270435605	0.8293505228693626	0.0007511898657045759	2.6135270639764947	0.7757097648054534	0.0007947969689047087	1.9406835358251828	0.7195590957698633	0.0004758259793231355	1.5840132526709183	0.2634704560142662	1.4010261477180042	0.707983541782295	1.9541797061840127	2.0460746174908655	1.6776029269510084	0.0006739376046441401
L1034D	missense	49	4	3	1	4	2	1	4	7	9	10	1	2	1	9	13	33	0.00015701545032031152	1.4714667875231389e-05	1.543984251360636e-05	6.619645120825072e-06	1.2940527921777098e-05	4.8796356538711774e-05	2.583712277800744e-05	1.5316234289372676e-05	3.26925591735321e-05	3.293070063358668e-05	4.7248829517632405e-05	2.549784543206099e-05	3.9692515314695496e-05	7.509480719408253e-06	3.582778301261496e-05	6.095994496187826e-05	6.407622809629526e-05	0.5894405428210967	1.242867085785998e-05	0.3121276327253723	0.7186473038624055	3.2047080903530965e-05	1.495849314686748	0.7696430682551021	4.2093359197549185e-05	1.9942372406018873	-0.2761432469097594	0.17318611960817545	0.19220513691989644	1.1079325361119206	1.2674047293380026	0.640559327860048	2.8856370319646712e-05
L1034P	missense	97	14	16	40	105	1	19	20	25	35	62	3	25	20	31	62	103	0.00030775028262781056	4.414400362569416e-05	6.561933068282704e-05	0.000135702724976914	0.00027433919194167443	3.2530904359141185e-05	0.0002583712277800744	6.432818401536524e-05	0.00010625081731397933	0.00011855052228091205	0.0002706069326918947	5.099569086412198e-05	0.0003440017993940276	7.884954755378666e-05	0.00011464890564036788	0.00027431975232845217	0.00019599787417690315	0.8079216224360731	0.0001299513128067774	2.4079647140501277	0.7659448910934942	0.00013993411407553784	1.8645608113512087	0.7212457528124357	0.00016595401992487745	1.5978281947360637	0.8999480121459218	2.849270727455811	0.8290272345070707	2.1527783319848446	1.9567845733791334	2.5010245297203277	0.00014527981560239755
L1034Q	missense	59	16	26	47	30	5	6	31	24	25	25	4	4	20	26	25	51	0.00018841854038437382	5.002987077578672e-05	0.00010421893696684294	0.00015887148289980173	8.0231273115018e-05	9.759271307742355e-05	9.042992972302605e-05	9.802389945198513e-05	0.00010216424741728782	8.561982164732537e-05	0.00011167905158713113	6.374461358015247e-05	6.615419219115915e-05	7.884954755378666e-05	9.673501413406039e-05	0.00011321132635777392	9.799893708845157e-05	0.6711599642451853	9.833789093936236e-05	1.0960426242973442	0.6326798201577445	9.937175502593235e-05	0.8256840602445801	0.648890082035768	9.669870628351814e-05	1.005182876432427	-0.0331051982234649	0.7261962505846906	0.01611387786421517	0.8190163499252244	0.9756365203247839	0.7726063002549575	9.813611741627096e-05
L1034_	nonsense	41	100	125	152	71	22	10	121	74	81	35	42	4	50	36	36	75	0.00013189297826906167	0.000297236291079674	0.00048635503917860036	0.0005064028517431181	0.0001863436020735902	0.0003741054001301236	0.00014210417527904092	0.0003737161166606933	0.0003064927422518635	0.00027003174519541075	0.00015463253296679695	0.0005482036767893113	6.615419219115915e-05	0.00019149175834491045	0.00013256279714667535	0.00016110842597067828	0.00014322921574466	0.5985299182692111	0.0003690844460187457	0.39931985158392064	0.5465168098422144	0.00027621828426869116	0.1539945650630477	0.6018771001029649	0.00015709804930173104	0.6201125240620114	-0.42038713871344596	-0.15502723599640864	-0.9183845733793525	-0.7142325460082904	0.3911423135696599	-0.43462989100234956	0.00026746692652972263
L1034G	missense	40	42	25	47	22	13	6	44	26	18	5	5	5	28	48	21	35	0.00012875266926265546	0.00012654614372698995	0.00010035897633844135	0.00015887148289980173	5.952642844017465e-05	0.0002277163305139883	9.042992972302605e-05	0.0001378461086043541	0.00011033738721067085	6.256833120381469e-05	2.5772088827799493e-05	7.649353629618297e-05	7.938503062939099e-05	0.00010888747043141967	0.00017555613676181332	9.57941992258087e-05	6.784541798431263e-05	0.5849860574581094	0.00011132575785135191	0.26939681311197805	0.48236856384691823	8.413097896165977e-05	-0.3460773661702449	0.5684011128324761	0.00011202080610083859	0.34591995672774684	-0.40108198351805935	-0.11110017823393102	0.01611387786421517	0.8190163499252244	0.08974646788982665	0.3539580858456467	0.00010249251430461676
L1034L	silent	158	104	72	183	285	23	63	78	66	227	199	39	50	79	77	115	293	0.0004993091320185906	0.0003090080253798592	0.0002817771258733161	0.0006090073511159067	0.00074019819712565	0.0003903708523096942	0.0008267879288962381	0.0002419965017720883	0.00027380018307833135	0.0007508199744457764	0.0008590696275933165	0.0005099569086412198	0.0006747727603498234	0.0003003792287763301	0.0002794567074983967	0.0005050966868269913	0.0005540709135385531	0.7294335380642609	0.000484997674873683	1.6550471709911083	0.7619110286399556	0.0005314215717223781	1.8331145674801228	0.7002526620258164	0.0004097508841600678	1.42587958534766	0.325916744418203	1.5431167805054362	0.12162406263418915	0.9921288618753797	1.638013774606297	1.267622821190408	0.00047539004358537626
L1034M	missense	49	438	267	195	60	64	23	263	104	71	51	172	22	138	118	60	121	0.00015701545032031152	0.0012919478394453159	0.0010344694484116263	0.0006487252218408572	0.00015787444064568057	0.0010572543916720885	0.0003100454733360893	0.0008086971704788774	0.00042908983915260885	0.0002371010445618241	0.00022335810317426226	0.0022055636298732757	0.0003043092840793321	0.0005219089099988735	0.00042635061785011805	0.0002656111887624696	0.00022992058316905948	0.4738691378387535	0.00078325423758587	-0.7965213932207255	0.48161634003604886	0.00042456153934189314	-0.3519413770716294	0.5352446099953394	0.0003609478249451302	0.07434419816140135	-0.5327541027853276	-0.4107076525184859	-0.8602043892469874	-0.6187752416463091	-0.3580395240436512	-0.5147414470823976	0.0005229212006242977
L1034W	missense	18	8	8	38	65	4	6	1	11	24	35	0	2	9	24	25	29	5.966587112171838e-05	2.6486402175416498e-05	3.4739645655614314e-05	0.00012908307985608892	0.0001708149685674577	8.132726089785297e-05	9.042992972302605e-05	6.126493715749071e-06	4.9038838760298155e-05	8.23267515839667e-05	0.00015463253296679695	1.2748922716030496e-05	3.9692515314695496e-05	3.754740359704126e-05	8.95694575315374e-05	0.00011321132635777392	5.6537848320260525e-05	0.8075304441208117	9.028102406364436e-05	2.4042122334235216	0.829880897855344	7.303115425670272e-05	2.3629782174808724	0.6589434261892155	7.421650895165328e-05	1.0875270421609988	0.0460760478241599	0.9063656992959943	0.49323513258387763	1.6018380186522772	1.9515724976884643	1.2541018589741357	7.917622909066678e-05
L1034S	missense	155	116	74	158	167	19	52	172	122	163	83	37	16	134	95	80	158	0.0004898882049993719	0.0003443232282804145	0.00028949704713011925	0.0005262617871055932	0.00043480173817171046	0.00032530904359141186	0.0006846837536171972	0.0005299417064122947	0.0005026480972930561	0.0005400634903908215	0.0003608092435891929	0.00048445906320915885	0.00022492425344994112	0.0005068899485600571	0.0003439467169211036	0.0003526968244222957	0.0002996505960973808	0.6648305090808329	0.0003987209501719594	1.0353256649093283	0.5946152636648591	0.00048336563442134123	0.5289492706708827	0.5740275379779322	0.00037579602150020924	0.39200445135613005	0.3231938860827297	1.5369211734683086	-0.3332207973743211	0.2458564860345828	0.6520931289787804	0.8913888297514457	0.00041929420203116997
L1034V	missense	126	85	66	78	102	7	17	49	75	87	80	13	11	82	56	54	119	0.00039881924381359124	0.0002530922874539799	0.00025861736210290657	0.00026147598227259036	0.0002665748751886082	0.00013012361743656474	0.00023253410500206697	0.00015316234289372677	0.000310579312148555	0.0002897901655755628	0.00034792319917529316	0.00017848491802442692	0.00015877006125878198	0.0003116434498554425	0.0002042183631719053	0.00023948549806452176	0.0002261513932810421	0.6302062930695653	0.0002599401267545213	0.7031837881111395	0.6889487555262965	0.00027536375494828443	1.26433229982788	0.5968276455887025	0.00024537467609322787	0.5787538365432195	0.2521305302572843	1.3752232174277472	-0.050832911766397974	0.709175513751728	0.8487566414940796	1.0421993655897377	0.0002602261859320112
L1034N	missense	56	11	19	21	51	6	18	27	19	34	57	4	22	30	22	25	45	0.00017899761336515513	3.531520290055533e-05	7.719921256803181e-05	7.28160963290758e-05	0.00013458149038648182	0.00011385816525699414	0.0002454526663910707	8.577091202048699e-05	8.173139793383026e-05	0.00011525745221755339	0.0002491301920020618	6.374461358015247e-05	0.0003043092840793321	0.00011639695115082791	8.240390092901442e-05	0.00011321132635777392	8.669136742439947e-05	0.7396470530237913	7.99780005460362e-05	1.7530229930649093	0.7480526846106839	0.0001329724885434831	1.725080922056342	0.606719084782511	9.967588646550393e-05	0.6597718834574644	0.33360357308449395	1.560607433308638	0.6788717095457892	1.9064153845034084	1.3792919328595719	1.7335114089060233	0.0001042087918516744
L1034E	missense	90	98	82	83	88	13	14	77	47	64	42	8	16	31	30	37	113	0.00028576811958296695	0.0002913504239295815	0.000320376732157332	0.00027802509507465306	0.00023034139700763232	0.0002277163305139883	0.0001937784208350558	0.00023893325491421377	0.00019615535504119262	0.00021404955411831342	0.00018469996993256303	0.00011474030444427445	0.00022492425344994112	0.00012015169151053205	0.00011106612733910638	0.00016546270775366956	0.00021484382361699	0.5998482282913454	0.0002800234120422997	0.41196608636974424	0.6032923012929239	0.00020845953350157072	0.5965916963791165	0.6941863244309087	0.0001528810875550745	1.3761918893276996	-0.07008876447663494	0.6420436377399286	0.2923202898031642	1.2721933194446442	0.7949165573588535	0.9571184785922864	0.00021378801103298165
L1034C	missense	45	5	9	9	49	0	5	12	3	32	27	0	4	11	16	24	64	0.0001444542142946866	1.7657601450277664e-05	3.8599606284015906e-05	3.309822560412536e-05	0.00012940527921777097	1.6265452179570593e-05	7.751136833402232e-05	3.982220915236896e-05	1.634627958676605e-05	0.00010867131209083605	0.0001202697478630643	1.2748922716030496e-05	6.615419219115915e-05	4.505688431644952e-05	6.090723112144544e-05	0.00010885704457478262	0.00012249867136056446	0.8134145745193468	5.469017813904748e-05	2.4606572981510166	0.7712892290725244	7.127738717325884e-05	1.9062229546081426	0.7288610646773535	8.432995784331051e-05	1.6602031112522266	0.6780992625295655	2.344474845718484	0.715083882200234	1.9658293660545776	2.0090277880037952	2.155152105886531	7.009917438520561e-05
L1034H	missense	65	5	3	21	45	0	2	25	6	13	29	2	7	16	23	21	64	0.00020726039442281122	1.7657601450277664e-05	1.543984251360636e-05	7.28160963290758e-05	0.0001190528568803493	1.6265452179570593e-05	3.875568416701116e-05	7.964441830473792e-05	2.860598927684059e-05	4.610298088702135e-05	0.00012886044413899745	3.824676814809149e-05	0.00010584670750585465	6.383058611497015e-05	8.59866792302759e-05	9.57941992258087e-05	0.00012249867136056446	0.8258977922084654	5.624159929332728e-05	2.5804058391835385	0.6978888608619682	7.080345815189933e-05	1.334025487401025	0.6880965292703975	9.20275339829048e-05	1.3263120588656916	0.37706926686558434	1.659509515269854	0.4420826101364963	1.5179111288192408	1.7469144618167516	1.5887103220445473	7.302419714271047e-05
L1034K	missense	65	33	32	26	17	3	8	31	27	55	28	14	4	64	39	12	48	0.00020726039442281122	0.00010005974155157344	0.00012737870073725247	8.936520913113848e-05	4.658590051839755e-05	6.506180871828237e-05	0.00011626705250103349	9.802389945198513e-05	0.00011442395710736236	0.0001844119235480854	0.0001245650960010309	0.00019123384074045744	6.615419219115915e-05	0.0002440581233807682	0.00014331113205045984	5.660566317888696e-05	9.234515225642552e-05	0.5567416345464646	9.084738798459048e-05	-0.0015452244464350146	0.660866038173239	0.00013035621902711595	1.045411603195708	0.4987124499720067	0.00013408001771663514	-0.22488063622889773	0.2521305302572843	1.3752232174277472	-0.46100737685544735	0.036194681198171826	0.27299524750679166	0.7057089493129596	0.00011842787490944719
L1034T	missense	69	34	43	61	29	2	16	46	21	58	58	13	2	30	54	39	64	0.0002198216304484361	0.00010300267512661972	0.00016983826764966996	0.00020520899874557725	7.764316753066258e-05	4.8796356538711774e-05	0.00021961554361306325	0.00014397260232010316	8.990453772721329e-05	0.00019429113373816141	0.00025342554014002835	0.00017848491802442692	3.9692515314695496e-05	0.00011639695115082791	0.0001970528065693823	0.00017417127131965217	0.00012249867136056446	0.615843014105085	0.00013892327726313237	0.565400266003781	0.7043627745420713	0.00017039845348137655	1.3844933133940251	0.6240624023004181	0.0001525299251001067	0.8018262078872164	0.6532756788045333	2.2879911249130815	-0.6528929030943603	-0.2786354513289846	0.9172399290950075	1.0046778367920486	0.00015395055194820521
L1034Y	missense	57	18	19	3	18	2	7	44	9	22	6	0	4	15	20	22	34	0.00018213792237156137	5.591573792587927e-05	7.719921256803181e-05	1.3239290241650144e-05	4.917400610275297e-05	4.8796356538711774e-05	0.00010334849111202976	0.0001378461086043541	4.086569896691513e-05	7.574061145724937e-05	3.0067436965766077e-05	1.2748922716030496e-05	6.615419219115915e-05	6.007584575526602e-05	7.523834432649142e-05	0.0001001484810088	6.596082304030395e-05	0.5711809743879521	4.8882061709578545e-05	0.13696793158048604	0.49826846600153274	7.112996399857116e-05	-0.22212861818013616	0.6426516883082374	7.535587353271535e-05	0.9540859161434759	0.325916744418203	1.5431167805054362	0.715083882200234	1.9658293660545776	0.2896417431812753	1.754473073280007	6.512263308028835e-05
L1034I	missense	61	24	39	64	47	3	23	55	49	61	35	10	6	42	60	28	48	0.0001946991583971863	7.357333937615695e-05	0.00015439842513606362	0.00021513846642681487	0.00012422906804906013	6.506180871828237e-05	0.0003100454733360893	0.00017154182404097398	0.00020432849483457564	0.00020417034392823742	0.00015463253296679695	0.00014023814987633546	9.261586906762282e-05	0.00016145383546727743	0.00021854947637695127	0.00012627417170674784	9.234515225642552e-05	0.6718650831365034	0.00014183482474702387	1.1028066622715766	0.6163420646721199	0.00018366829894264598	0.6983219974016978	0.5624394367207092	0.0001496556589518505	0.2970895140139104	0.6780992625295655	2.344474845718484	-0.1801807672797531	0.49695209444770955	0.6994060578957283	1.4207134700830968	0.00015838626088050678
L1034F	missense	66	15	20	18	21	4	0	34	22	36	25	2	0	23	10	35	23	0.00021040070342921743	4.7086937200740445e-05	8.10591731964334e-05	6.288662864783819e-05	5.6938322855819224e-05	8.132726089785297e-05	1.291856138900372e-05	0.00010721364002560874	9.39911076239048e-05	0.00012184359234427071	0.00011167905158713113	3.824676814809149e-05	1.323083843823183e-05	9.011376863289904e-05	3.941056131387646e-05	0.00015675414418768696	4.5230278656208424e-05	0.6307373692767793	6.199276547520781e-05	0.7082782759727418	0.6368605131065384	0.00010868184789522884	0.8582749310370575	0.6184741967932331	8.287718819766771e-05	0.7560547597615537	-0.799021992190097	-1.0165750925777817	-0.4610073768554473	0.036194681198171916	0.7742026555904511	-0.49019020568980487	8.451726718936811e-05
L1034A	missense	35	83	58	33	30	9	9	62	30	42	28	6	4	40	43	19	49	0.0001130511242306243	0.0002472064203038873	0.00022773767707569382	0.00011253396705402623	8.0231273115018e-05	0.00016265452179570593	0.0001291856138900372	0.00019298455204609573	0.0001266836667974369	0.00014160201272442273	0.0001245650960010309	8.924245901221346e-05	6.615419219115915e-05	0.0001539443547478692	0.00015764224525550584	8.708563565982608e-05	9.422974720043421e-05	0.5096561825370224	0.00016692733438715632	-0.4532247771392062	0.5843870467410069	0.00014645883189224658	0.4492145232771842	0.5616759414348242	0.00012322549571590883	0.2908359349665511	-0.10005198785407819	0.5738651522146992	-0.13001415781402287	0.579261378613672	0.09560856036817635	0.5765632654141857	0.00014553722066510392
WT	WT	23061	20216	15683	15794	19786	3374	4228	18765	22147	16743	12088	3649	3817	23820	23793	20934	35639	0.07242180630574048	0.05949728808671059	0.06053962249585054	0.05227864734171601	0.05121084519764068	0.05489590110605075	0.05463259611409674	0.05748489053487353	0.09050935007192364	0.055139165140877536	0.05192646363987801	0.046533567913511306	0.05051534115716913	0.08944167010851199	0.08524862690021603	0.09115688912692296	0.0671669638044695	0.6064785281745444	0.055881600780479455	0.4755689776590046	0.599493505318475	0.06376496734688818	0.5669779289279658	0.6021346590316157	0.08325353748503012	0.6222221181216576	-0.0020880798742214427	0.7967727746044726	0.03565693746538849	0.8510810093334742	0.5549230082362093	0.8239268919689734	0.06763336853746592
